66204 821
1469 28185 23150 53124
28959 26915 34347 32709
36126 19295 59267 51421
63843 62479 64216 63741
55839 52227 56899 63045
30977 60613 44682 63358
48515 58973 49983 65593
65338 1679 65958 41368
59976 51229 60599 59908
62350 65938 63989 66150
65623 52500 65861 55434
22804 59147 47510 60098
31533 2794 59102 14078
64694 36780 64896 64475
63797 49445 64262 51629
62178 28365 63276 47042
60893 54121 62903 58784
14616 54320 19044 59088
60420 18585 61592 37752
43995 56217 45558 57695
32678 51874 39533 52392
10515 19807 27828 21802
61648 11804 62683 12345
19565 64044 21128 66013
8312 7341 8480 24474
7936 24822 26838 25438
61363 60647 63788 63407
56734 65828 57093 65919
4735 60133 28896 63857
59416 5017 61359 7268
61968 44498 62158 48880
16386 2366 20107 19364
24047 43903 32299 51831
66096 5597 66190 24175
65921 41796 66012 45515
64332 29870 64462 35317
59231 64177 63857 65632
57880 65687 61157 65713
28767 65972 30353 66120
65099 57783 65205 60573
59403 24561 60262 44745
25184 669 27723 3072
61667 6220 62685 10748
23346 25480 24212 38941
64926 38502 65096 47975
29787 4130 31268 6821
2094 13435 6682 26403
57383 60688 58263 62223
23852 53446 28560 54680
52631 54480 53761 60841
62881 47524 63609 52521
37676 65605 49047 65904
11856 25444 15103 26821
21318 54142 22186 56979
25707 33184 33713 37286
9784 7998 14431 12575
22296 64748 33310 65048
45814 55080 46689 56735
65630 60425 66055 64435
36116 53085 54683 53161
50348 63907 52432 65603
23581 54799 29807 57510
63563 14520 64499 28799
31758 19486 33165 22580
10108 66122 23030 66200
65984 57124 66062 58570
61779 33743 62088 37115
39783 65907 43997 66106
4249 54297 4614 62200
27963 12423 31012 26852
64495 38579 64495 60489
31989 56744 38797 57173
65961 45805 66166 50258
34106 64457 43789 65558
65377 52891 65377 60124
59497 61258 60296 63915
26674 40135 33449 41474
31327 63604 48161 64317
53851 65109 56607 65946
65105 62080 65192 62247
60621 55803 60687 56681
57865 56919 58052 58057
57127 65861 60817 65939
61265 16233 62874 16574
59170 7647 59741 18790
788 56158 3748 60197
66200 5713 66201 11350
46805 735 57065 2721
64923 12653 65168 36109
65919 64964 65941 65589
66182 31945 66185 64082
59854 50131 61163 50698
65407 59493 65451 63032
21183 57028 22046 59722
57846 65982 61529 66001
6894 54183 13632 59805
53184 62025 55377 64183
8287 64136 12034 65509
50571 62350 52524 63777
31094 65425 32232 65769
54332 53883 54528 60268
34176 33404 35754 39961
66060 52138 66085 52368
31594 66151 31821 66199
64480 64652 66040 64883
50267 56815 51602 58638
65103 43570 65644 44617
46441 66187 47876 66201
57379 58153 57578 59209
4291 3653 9999 5000
45561 1940 46395 2109
52847 61380 55602 61864
21542 5450 23351 15254
44522 53511 53031 54104
65079 65165 65901 65305
28400 8040 31039 11341
59161 66042 60783 66100
37562 54517 45936 54892
33102 43378 33489 43680
4425 64631 6835 66106
29961 56533 30322 58553
60924 37932 61808 48535
54759 65975 55764 66049
61195 51373 62825 53776
34091 16151 35532 20654
46113 65155 48050 65392
55560 63229 57137 63564
64918 65755 65090 66092
7720 6723 8238 9033
66071 36034 66073 41379
66088 26184 66130 29065
66130 56895 66146 60413
3512 66112 5207 66194
28187 64087 29960 64705
36702 66116 57838 66163
23164 37884 23268 54093
8073 65575 13601 65840
65725 66174 65920 66196
64386 41161 64472 63648
30672 52500 32856 54472
44269 51683 53515 52422
918 65905 2584 66078
64550 14677 64605 36913
127 2695 1852 22925
4861 57369 4950 57925
58834 62812 59009 65647
26792 5835 29465 6990
65030 51401 65154 53730
62450 19707 63042 20874
24220 6622 24532 17020
61859 30059 62037 33632
34662 53174 55532 53267
9501 65921 9547 66005
63936 31434 64303 37057
65986 2219 66036 3998
41226 66179 45855 66193
57250 55251 59073 55450
65832 59502 65891 59809
17201 65522 18604 65968
37122 16139 37705 17443
65901 54427 65943 58069
23454 39075 23858 45415
62995 4302 63265 7244
66188 26291 66195 28046
64093 53502 64286 59728
63983 38481 64104 44224
63367 37531 63833 42988
24202 65446 30379 65680
61405 63737 62826 64173
29284 53810 29595 54019
13211 66029 13869 66084
66200 36492 66203 45268
57584 59508 57641 59600
26388 37559 31086 38948
24041 66129 35387 66133
33411 16031 33763 24538
39811 55370 43859 57608
63403 44630 63600 46801
26537 10065 26897 19241
585 32890 879 44424
14211 65972 14741 66094
32773 57701 40625 58907
2195 8642 5759 10089
56938 61488 57283 62832
33384 49720 34240 49923
60448 46009 60519 48952
56721 64495 57684 65589
64059 65130 64187 65589
11817 23493 20610 24816
45159 17704 55757 18745
65979 54478 65997 54566
59079 56989 59854 60159
25713 65831 27801 65967
48396 66172 61014 66192
2806 64088 3585 64855
40941 15059 42837 18977
44317 15480 53899 16052
63656 52089 63899 59804
60318 43769 60842 44315
66191 1586 66193 12792
50063 54892 50368 55191
5950 10635 8274 12627
63012 10158 63256 11363
55380 14742 56233 15306
13782 65435 15048 65939
34700 26029 34937 32587
26225 22542 26506 24183
237 66163 2352 66202
62065 24597 62095 29401
64281 44375 64309 49049
66107 61749 66120 64716
13145 15537 15545 15568
21455 64038 24010 64161
24363 26547 24542 42704
65076 3877 65129 8731
65175 63298 65613 64462
62875 21875 63351 23316
45115 61482 47257 61745
50278 58915 50554 63196
35128 14131 42471 14913
65198 17916 65210 37392
60735 14039 62505 15352
44937 17313 53564 17411
64315 48254 64336 56515
429 63083 1863 63146
30980 1287 33237 1881
65971 59236 66101 59669
23283 52417 23816 54223
65967 30619 66139 35817
60486 2908 64563 3835
57815 63932 58125 64474
160 64296 1905 64770
63558 32520 63914 35670
59862 8798 60490 10211
65372 66137 65584 66196
60824 9266 61203 9596
49132 55775 49358 58202
64525 6248 65026 7346
64863 15913 64883 32160
34637 54476 36422 55854
8976 15659 9858 22212
63085 60059 63912 60494
12876 22142 14465 22218
47558 55374 48191 57664
63281 65638 63293 65788
59124 60169 59205 63543
453 50004 606 57858
18112 26456 20820 27454
66186 46332 66187 60670
64770 65615 64848 65801
49254 65725 51115 66115
61092 59422 61136 60692
63300 24780 63344 38566
29411 65854 30364 65951
25668 27567 27392 30042
66071 66140 66082 66173
30362 570 32638 1219
50179 55194 52172 55600
66145 64642 66196 64740
58539 56558 58942 57188
62046 16927 62550 18431
54460 15663 58840 17101
66196 18390 66198 59237
9945 15057 10167 18396
25177 42065 30719 43559
66161 65267 66177 65489
44199 66017 49212 66052
24767 26745 25016 31683
6842 65065 7339 66001
64920 48602 64931 57260
46363 53 61894 486
53447 66193 61467 66199
64561 42265 64658 56126
9516 366 15770 1186
46169 54178 52157 54395
65257 18457 65321 40807
65259 46529 65825 46870
12883 64145 13810 64653
64830 12175 64833 34276
27670 10486 27850 14983
66126 25767 66135 26130
54972 57354 55114 59797
1172 28982 1174 44703
56709 65964 56998 66013
13876 53252 18779 53742
63861 65053 64694 65093
64167 11502 64834 12083
58863 66115 59819 66143
48932 54421 49036 54526
65987 20121 66067 28069
5666 64474 8234 64548
32304 46167 35616 49411
65973 65595 66108 65678
46055 58055 46135 58289
64613 15783 64719 33177
63458 23527 63526 36131
25805 58119 27325 58320
66159 54791 66178 64184
47371 62248 47785 63432
45084 16624 50496 16927
27550 65811 32773 65814
16389 66101 17082 66117
15573 64637 16464 65042
65328 53113 65364 57017
32830 56110 33638 56545
63288 9348 64762 10362
62186 65637 62505 65923
15263 64252 17826 64275
63842 65701 64725 65761
59541 47008 60215 49070
66161 44372 66164 45629
58405 51491 59432 51606
36830 52932 53590 52944
41419 1226 42706 2238
63842 45302 64188 47914
46514 18945 53783 19058
46582 64324 48351 64512
573 65650 1507 65671
45632 60530 48327 61409
14352 59412 19675 59890
24013 17264 24739 19377
65021 60778 65055 62526
61904 49580 62236 50494
65415 54809 65584 55604
63952 52820 63976 55037
47939 66199 48610 66199
65215 16698 65241 17621
30150 64082 30497 64590
35664 18099 35866 26800
65414 49362 65732 52442
65051 65310 65600 65444
62697 59615 63344 59838
65256 65992 65912 66015
20289 862 23635 3878
62416 23432 63063 26390
52849 65362 53695 65521
64299 57913 64316 60443
23665 5349 24188 6469
56982 55552 57741 57759
66134 65733 66165 66041
65180 44678 65238 53762
33438 53063 55322 53068
37887 53660 42891 53683
29880 66200 36198 66201
65814 48113 65858 52370
57461 62244 58562 62373
4687 54518 4992 55744
10634 59915 18459 60110
63473 18099 63496 21177
3843 53686 3979 62410
63157 56193 63546 57936
25844 30300 28285 32918
64947 50061 65004 59998
66093 60416 66102 61556
66099 37215 66166 43968
11436 2762 11901 5699
54898 64211 56105 64269
60819 61852 60825 63655
46699 65923 48763 65939
29047 65768 30547 65786
66077 65348 66146 65542
43921 64684 46839 64777
62684 66189 64835 66192
34939 65827 36224 65839
30848 61074 30928 63098
10500 13117 15683 14515
12118 16680 15118 19390
33477 64946 33891 64961
25137 65700 25363 65851
65313 46875 65319 53639
19232 66042 21679 66045
13877 64189 14192 64352
53083 65543 53361 65661
61078 66179 62613 66182
63528 27042 63556 34662
17300 66105 17467 66113
54501 60600 55760 60690
53972 55476 54317 59142
61739 21348 62268 23169
43302 2491 44445 2604
28834 52570 30669 52876
33603 49948 35281 51552
31146 9584 31337 23765
63000 7957 65061 8369
57181 65946 59816 65954
24808 65199 29026 65391
55423 55710 55768 56716
66169 34091 66176 35793
38717 51751 38905 51824
14923 63952 15108 64512
51291 60120 51297 61542
22175 57350 22494 58987
65138 48158 65176 49700
52069 58424 52071 60875
31171 57274 35086 57506
1766 27862 12050 28085
1139 60564 1170 61075
45278 52438 46368 52812
60186 12691 64593 13621
60429 61880 60565 62139
65427 56001 65868 59005
60409 60757 60410 63758
47337 64740 48208 64787
28454 66163 28965 66175
37186 60224 39920 60444
64955 65652 65672 65725
7364 64850 7666 65251
65124 62886 65176 63079
31682 37292 33803 39985
41103 52261 41568 52540
21810 23773 22325 24181
10706 27280 11057 27436
25077 38547 25194 41188
65958 55284 66027 56228
29095 58742 32316 59135
15248 22754 24365 23430
51223 65619 52478 65695
34181 41121 34894 42656
3611 65872 3786 65896
53828 65057 55963 65066
22387 65698 24730 65788
51125 65903 53572 66021
47444 66202 57457 66202
64783 65457 65480 65470
33464 65355 33882 65555
9783 66041 12162 66082
54712 64959 56227 65023
51938 56812 52059 61966
59081 64020 61138 64099
29108 60348 29970 63327
21458 65848 21485 65862
64503 37173 64565 37230
50109 583 55202 639
60616 45755 60737 48490
53664 64326 53966 64641
740 60628 834 60776
35345 26258 35472 28498
35932 16461 36834 17305
58722 57194 58786 63474
65961 50551 66114 51510
52292 60914 53302 60942
45013 58786 48520 58870
47027 14353 58152 14542
22500 55357 23553 55563
65498 59692 65619 59906
66129 53671 66172 53892
64978 63321 64991 64397
35766 51581 53329 51624
64411 65298 64465 65606
62168 26892 62869 26963
30879 60168 41589 60187
32903 53413 33987 56030
20516 6742 20801 17341
55407 60107 55552 60343
35899 42523 35972 51514
65761 60037 65821 60424
43151 14741 43287 17300
65435 65853 65996 65895
64593 56582 64615 62771
9491 5946 13780 6102
13394 3452 15613 4604
58966 52552 59550 52840
64692 66032 64761 66169
2602 65935 2919 66182
64934 36594 65120 38484
12461 65932 13445 66020
65121 38712 65201 39933
63072 14932 63131 18056
22474 59540 22510 59755
37456 53412 54914 53460
62189 19240 62386 21029
58895 1140 59026 1514
56735 51654 58266 52132
15883 11645 16361 18733
64306 1787 65028 2273
24333 64221 27784 64566
24648 26691 24681 31538
66017 6351 66061 11898
27188 13134 27645 15146
66037 2044 66104 5063
65372 42708 65888 43470
65722 65944 65801 65965
64341 4017 64575 4659
47693 54588 47864 54879
26722 66003 28384 66107
57633 59827 58461 59881
65317 66199 65690 66200
66015 39209 66031 44916
37869 16525 40448 18446
19031 64105 19175 65351
44361 322 45683 1433
45748 15039 46037 15418
65193 54049 65238 56819
29323 66157 30091 66171
66192 63319 66193 64072
54818 18873 56208 19045
57013 53660 57389 54909
35693 65593 36031 65687
66190 44345 66195 56323
61873 37568 61918 44220
64247 62643 64305 64495
66199 46036 66199 55254
61663 22798 61664 30815
62048 592 64103 1620
33377 66110 35539 66118
24633 12386 24741 15667
11593 65863 11599 65895
26115 66202 29468 66202
32877 45452 32922 45619
30360 2167 39181 2576
65927 65938 66132 65989
25644 39827 25861 41819
63925 61282 64236 62151
66187 42397 66187 44927
66089 54324 66160 54522
78 26720 391 48905
66003 52941 66137 53006
2750 563 9357 2863
64360 42698 64373 53795
66064 64101 66086 65008
15982 5998 16372 6886
15466 65335 16831 65587
62253 59458 62283 60200
42568 58741 46978 58759
27734 66181 28440 66196
44778 62014 48312 62224
63913 55282 63933 58455
35991 53775 37459 54393
60419 66169 62778 66171
21787 15406 23215 19026
12551 7092 12768 7876
32234 65886 33271 65911
61173 65826 61272 65861
65242 12080 65312 15423
61607 36089 61715 37238
6429 5444 9932 5717
12028 21929 19400 22007
14242 53863 14263 56217
34183 1328 36025 2071
25707 58817 26077 59140
12936 65176 18909 65317
13177 64803 15536 64961
59104 1131 59622 3555
38540 53880 44179 54388
63986 65790 64761 65924
62574 47838 62769 47956
58429 64577 58438 64614
60320 35846 60407 40961
63272 63559 63676 64081
66201 50063 66202 58959
60703 52376 60850 56418
60666 56783 60838 58367
61085 61765 61239 61999
52947 63184 53091 64387
48672 54698 48896 57359
15651 59318 18042 59337
66154 58598 66157 60484
54539 66087 57105 66111
63001 53981 63346 54391
48247 54558 48508 58026
311 59127 577 59877
65909 49363 65936 51864
66058 65110 66152 65210
62811 7654 62811 11008
66145 64205 66162 64210
242 64979 356 66137
57035 18334 57808 18632
44197 55290 44502 55350
64966 49432 64975 49503
57681 52424 57926 54496
31239 64345 36006 64402
33201 57573 38998 57579
10493 16219 12029 17665
44298 63360 46904 63516
58065 65769 61632 65787
59598 19992 60345 23847
61648 66176 63803 66177
63749 44675 63774 45293
27521 58868 28354 59003
37526 55527 37573 56216
1426 64772 1733 65542
57949 63019 58435 63649
7431 66189 9756 66198
58024 65429 58304 65472
64076 63853 64153 63987
30745 60861 30807 63429
46148 62266 46694 62613
5490 55220 5845 55399
64718 64909 64809 65067
64005 11077 64132 11581
66177 29930 66179 52417
32866 653 44026 1133
2145 63806 3770 64008
56112 64127 56290 64874
35228 66017 36160 66103
32770 66163 36110 66171
65144 65892 65345 65950
56310 15272 58406 15285
59561 53123 59655 56517
60771 49851 61468 49977
58761 63655 58799 64404
35225 28899 35567 32798
14144 4961 15435 6307
24781 1566 25147 8043
64506 64624 65123 64643
65850 43990 65861 47006
66143 26765 66150 27168
57947 55484 58387 56846
24618 39225 24760 41384
63949 29098 64378 29424
64768 14349 64821 32195
64147 39350 64302 42367
64340 42498 64358 58719
46235 58286 47766 58288
66166 28349 66167 31544
64191 43092 64212 47048
65560 47235 65711 48591
53097 54328 54198 54453
59202 63938 60029 63956
4622 53331 9425 53770
7287 66077 8345 66117
66167 65712 66169 65820
24972 13833 25213 19779
6779 17354 6983 19362
63468 43261 63600 44129
65909 46549 65942 46935
18782 63998 20159 64008
66123 65565 66128 65625
64033 64486 64234 64993
65273 61713 65404 62227
37335 54952 38516 55335
63714 2439 65256 2766
8963 25950 9040 27168
55557 63817 56550 63871
65256 7688 65333 10542
52236 56574 52489 59478
63357 10491 63447 11615
2681 10469 4471 12018
44519 58389 45614 58524
64277 13909 64470 14278
45894 61822 46566 61830
58508 64197 58631 64664
57840 58501 58632 59131
65232 66063 65258 66178
64483 66074 64567 66145
65662 65912 65670 65960
23963 41342 24135 42752
380 61115 3522 62308
37202 66170 41083 66171
64119 66138 64345 66156
31420 16966 31626 25518
1961 5435 3421 8076
1974 10101 2125 12072
39248 64321 41229 64390
66200 62963 66200 65605
37151 66076 38039 66095
51661 66053 53828 66104
46227 16945 50991 17133
34056 22930 35460 23163
58331 14471 59061 14537
66202 62296 66202 63754
52699 64955 53043 65239
51545 54866 52295 54905
65689 64646 66057 64646
59327 19196 59360 23741
35742 56380 39402 56686
59921 52090 59940 60095
55469 57623 55489 59589
48422 66193 48436 66197
30236 62591 30566 62843
41529 58233 42066 58904
63238 14324 63462 20037
24785 52442 28142 52741
59958 11497 59984 12198
62253 48005 62675 48075
66198 59485 66199 63187
34687 65983 38902 65988
54272 64523 55962 64834
54673 64887 54734 64890
61306 58831 61692 60618
66171 28081 66193 28543
21796 64635 22269 65209
56613 65663 56635 65787
65059 492 65895 762
1015 50686 1214 53529
50894 14572 53524 14665
20126 14423 20478 17406
66201 65884 66201 66002
46322 62830 46467 62874
40656 57879 41042 58110
28403 2463 28960 4217
977 54813 3014 55022
63666 45360 63728 52064
21440 13479 21534 17578
54744 55234 55522 55317
124 50620 296 56785
46002 56834 46439 57523
64399 837 65478 1181
64854 65232 65057 65240
2121 65085 2667 65481
19405 55486 20876 57317
65130 3140 65327 4950
34964 52687 41964 52900
66189 58280 66191 60592
45087 65151 45384 65323
52439 65430 52500 65566
39156 15468 39433 16268
17990 64316 18599 64658
1651 66151 2136 66155
59135 53993 59177 55106
61988 41428 62006 41851
15951 27792 18634 27963
56674 66061 59081 66072
64866 8561 65024 8911
25442 12146 26412 18098
33311 65626 34025 65830
31353 56618 33586 56732
65755 65762 66129 65769
61095 52548 61143 53119
25354 32545 25423 39277
31129 54585 31249 55589
50586 55842 51333 56040
60747 45834 60844 47690
50065 60690 50094 65260
59721 46290 60433 46556
50662 60897 50717 62276
29798 53261 29863 54272
60001 15475 60014 19522
66141 61637 66146 64121
58887 14769 59120 18210
54621 58322 54874 58854
66153 63016 66157 64142
54750 53616 55032 53623
44935 2278 45216 2539
57724 65048 57747 65532
65383 59157 65743 59186
65563 62953 65591 63261
65510 60521 65529 61301
66057 55283 66130 55921
61711 59155 61913 59978
5457 66182 5661 66189
34101 52977 39331 52977
32038 66013 33044 66113
65979 36669 66037 37771
28683 28779 28741 31566
65269 56503 65295 58086
34271 65837 34481 65872
40087 66196 45582 66201
45131 61131 45539 61457
17768 66056 19100 66060
7472 65946 9177 66021
65939 52445 65962 53875
51525 60290 51893 61894
35377 42992 35523 45323
60781 60912 61072 61665
8682 8215 8842 17201
66125 66053 66187 66187
24025 58214 25649 58827
11415 22326 12822 22503
59786 52813 59791 55072
5209 66122 9087 66140
61854 41870 61859 42632
59340 47467 59472 49927
32319 42223 32506 42497
33026 24763 33134 25015
33409 64426 37461 64428
59158 66145 62099 66167
12323 15378 12729 15843
64508 57919 64555 59118
17356 60116 30188 60126
59871 65634 60366 65677
65037 57382 65236 57421
56154 17208 57157 18100
65331 66048 65760 66074
65218 18829 65219 19114
42492 60475 45791 60476
64723 19953 64744 27099
58080 53753 58900 53834
63306 65824 63622 65854
64938 61658 64965 62629
42050 64319 45981 64355
66084 36074 66122 36098
32038 14338 33963 15736
61086 62632 61277 63268
58659 62597 58690 63698
65092 60792 65307 61342
5140 56190 5625 56714
26977 16962 27347 18330
24116 10475 24137 10890
63985 5100 63996 5647
65396 50278 65411 52367
35917 66172 40709 66179
50867 56153 51283 56726
34477 66190 36618 66199
2579 62871 4361 63607
40892 60230 44320 60270
26405 65192 33016 65195
24164 59036 24716 59053
43522 1628 45072 1731
65467 47243 65483 49094
65979 66062 66054 66086
7303 63869 13396 64076
24321 65914 25379 66058
42548 57943 43766 58542
65130 65057 65813 65103
59260 66004 60624 66036
64602 39526 64683 41400
66146 29352 66160 35754
22952 57351 23274 58928
33987 57199 38344 57260
20947 11007 21321 14178
64428 63849 64471 64262
61687 27472 61967 27919
23901 65121 29354 65161
11259 6632 11705 6799
56980 63568 57698 64136
59817 1679 63758 2018
60250 45502 60374 45572
39797 65569 40724 65604
39658 55103 42663 55107
62364 49660 62670 50177
