79392 120
64101 44068 76949 64262
12182 34781 24778 60684
18417 69787 41236 73274
74824 29985 79211 31916
55071 25992 73472 40119
44881 6727 51106 17761
23285 66930 46509 68926
10416 73410 50184 74977
2903 14624 20535 29179
11672 75306 34948 78110
41517 64053 61119 66903
65032 69289 78366 75632
29712 34023 48152 46805
78367 32537 79004 51027
57873 5406 58741 25234
41098 78377 49660 79223
50964 51498 56959 63636
21985 24329 31375 30125
31722 54702 48930 61965
77537 78960 78643 79366
45449 21790 54486 32116
49170 75013 62069 75291
76996 41146 77272 53504
78677 8604 79275 22269
71617 78248 76107 79107
60686 2262 75592 25778
4436 62476 13451 64749
2707 69275 57427 69726
53896 72629 57475 72700
578 71419 645 78049
60260 79203 61206 79317
56486 76857 59822 78820
26863 13341 38197 15465
77841 76528 78894 77012
67413 76619 68826 78094
4254 31072 11149 56723
79306 40706 79317 55807
73132 77419 75303 78119
59311 79091 61718 79142
78830 64919 79279 68819
79183 73689 79230 77815
35403 79338 65251 79340
64844 67194 67353 67470
1707 71966 8841 73537
38838 21841 45034 25351
26704 78185 36423 78623
34764 17994 51963 18686
1393 79386 70015 79386
77703 77174 78495 78500
9756 1519 19127 5449
26244 61349 29451 64208
52559 13718 54919 17502
871 79288 20180 79369
55193 8901 55214 25991
39706 75521 58551 76012
2822 78381 22973 78594
79231 76742 79264 78850
41441 77536 46938 77543
31179 51103 40864 53686
57529 41192 61043 49742
20979 1472 41773 7964
57423 62222 61445 63692
61151 65742 63378 71371
45948 72150 51828 73310
70680 65289 73145 67548
50241 47462 51073 48303
70500 76733 70844 76898
78404 62643 78616 65879
52563 79267 59562 79294
689 62505 3228 69068
69625 76929 70987 77447
56510 42647 57515 43550
69571 75891 71598 76703
35969 76592 39342 77182
77421 43580 77983 63381
50591 36637 54540 39515
64455 79158 64950 79297
77913 11597 78596 27230
39769 76663 40278 77301
4988 284 8644 12605
77713 9029 78347 9116
79338 20836 79353 70345
17844 64116 23291 65601
78636 60340 78702 74703
78209 43711 78304 53745
44362 77051 49504 77166
68445 79053 69078 79285
79383 33678 79387 44297
25898 42079 26381 44263
67678 79305 70342 79355
28413 44047 29497 53646
75948 33616 76816 40082
49659 43838 50737 45176
60683 76436 64344 77901
48902 51742 49179 52817
77264 18584 77636 19427
1308 9865 1382 13697
29526 8021 29931 8042
49111 77231 50467 77315
36587 20947 53623 21676
76110 5131 77218 9273
15038 78674 24963 78708
27046 49106 28061 49377
45117 70018 60202 71641
63288 43364 63356 64198
58106 71642 59517 71713
74443 76561 75027 76760
78189 41858 78208 67491
1070 42447 1725 46566
59625 72983 60718 73744
40296 78216 40904 78393
54514 45486 56831 46904
78726 72057 79166 76282
55968 18056 57475 20529
72545 79358 74744 79382
78414 74383 78554 76338
26408 41272 28563 43351
69594 78004 72150 78167
61667 54009 61770 60884
79095 45410 79102 49076
