80 45
54 76 54 78
23 1 35 57
68 47 72 79
5 10 17 43
76 52 78 61
76 13 76 48
7 63 47 64
57 51 66 79
46 35 74 35
77 67 79 69
44 32 44 33
33 73 46 76
71 15 72 21
14 77 32 78
78 13 78 25
73 44 74 60
20 71 20 74
47 67 52 67
52 41 66 43
3 68 52 69
41 55 54 56
62 30 68 30
53 45 65 46
41 15 48 25
38 53 40 55
24 70 36 70
43 52 48 52
74 75 77 77
67 70 67 70
57 3 70 16
26 65 38 66
47 75 49 76
75 64 79 65
46 4 48 11
51 24 70 25
73 69 75 72
77 31 78 43
75 3 75 49
9 57 14 58
6 72 8 73
47 30 57 30
52 73 53 75
52 57 52 59
19 60 51 62
55 72 56 76
