52425 1252
45650 6256 47869 31196
36399 25126 42776 42115
9855 24185 13009 42077
38364 44025 48351 51694
25369 8932 36245 35099
7012 42479 9978 47527
49764 8998 51287 43282
13750 45815 30913 47385
31517 39562 33139 48902
48433 12726 48816 43695
13303 9462 13707 18826
19621 52304 19714 52322
28568 48868 29189 51433
26320 1196 27727 6657
51709 38789 52137 46522
31080 1596 39826 5099
20878 21975 24314 45403
444 8558 6777 32770
7664 47588 12223 51677
14206 51782 51429 52103
15096 18751 19652 40421
51826 13877 52020 28940
14515 52410 23782 52416
49020 48231 52368 49759
50659 49994 52076 51771
50390 5190 51575 6254
43461 399 43619 24814
49180 19461 49343 38887
19339 7129 21802 10056
5537 2845 13016 6923
43920 23910 44750 32434
38128 8221 39271 10190
52173 23205 52418 36561
1687 32842 6788 39839
30377 52321 45819 52368
33468 49214 37524 50455
38376 52205 42420 52259
50079 6710 51519 6834
39832 14626 41055 19581
45929 31595 47129 38080
2388 47594 7465 47702
43493 38020 44108 42827
22989 50123 26108 51519
48402 46324 48934 47994
351 36729 1492 46945
3258 51550 4431 52055
40876 6215 41415 13330
14556 1929 19376 1965
27000 35190 30210 36326
44506 2589 52078 3496
49490 46937 50266 47481
43876 52375 46135 52418
22678 48373 27798 48752
37032 22472 39183 22736
48972 32174 49003 50248
27429 44121 27833 44251
21938 13029 23926 15553
34966 45580 35218 46460
13029 50449 19105 51175
25093 32631 25193 36060
50034 58 52183 797
51379 8452 51792 26171
44263 9905 45589 11819
47923 15312 48184 41111
8575 11525 8895 38469
44216 32984 45366 41137
16774 49097 21854 49939
48890 23216 48904 31756
52194 45298 52339 47398
51562 28078 51724 32120
20034 17220 20650 42961
33895 37284 36194 45353
27183 41756 28266 42478
16892 11808 17093 17852
2207 40541 5492 43762
46947 42517 48240 44018
15679 52341 19003 52401
25428 41211 25906 43353
28939 40713 31096 42284
6275 52404 9943 52414
52367 38855 52378 46640
42992 5500 43142 43087
47109 38389 47819 38732
41550 9160 42674 24570
25960 43502 27092 44246
11009 43041 13950 45006
50783 47434 51073 47717
21958 49869 25800 49950
44277 8103 44875 8591
48418 48525 48443 48708
52382 38420 52391 44611
32526 52400 38963 52417
19551 1491 22007 4049
13109 2275 15612 6748
51473 39495 51650 43630
36792 43522 38327 46468
52228 7201 52317 14666
50470 47842 50865 48195
13956 10782 14605 33093
40529 145 40618 12456
12144 14212 13067 22756
51746 51956 51904 52242
27097 49204 28303 51772
40542 20228 40745 22342
52405 40687 52414 42314
11608 52343 12768 52406
49715 52148 51103 52416
1694 52138 13827 52226
52129 51064 52264 52264
43735 13547 44925 14957
49013 32007 49067 43065
18352 11038 18527 11167
52102 22239 52102 37643
27509 38115 29859 39661
48498 51166 49899 51424
31787 52266 36485 52289
29926 37965 31141 39944
191 51071 1669 52293
6227 48822 7142 51645
48235 11656 48897 12517
24939 40926 25336 45575
16882 41062 19957 44385
49466 1598 50771 1856
49453 45252 51671 45519
1027 50356 5012 50640
46720 38182 46824 38707
30778 5117 33534 6035
17748 48974 22762 49068
49576 17045 49578 40969
19289 12013 19590 12850
22241 1903 25245 11022
29092 52372 35702 52394
7179 16988 7311 40667
8390 15209 8487 33681
43651 15876 44980 22318
35996 45382 36655 47905
14147 47424 30833 47900
51793 33668 52059 35350
38191 17026 39392 21951
52395 913 52424 15284
49127 33407 49167 47550
28253 43703 29089 45648
52060 14977 52149 16124
52124 9457 52203 10602
15677 52148 27304 52253
34635 48210 35152 48886
9193 21452 9292 34213
29501 7740 33937 8831
8604 52264 29148 52295
52416 40653 52424 51727
51973 52404 52287 52415
29819 6276 33313 7210
9206 7005 13563 8405
50354 7334 52073 7621
52376 8801 52378 11996
14048 44738 18161 45045
45877 4604 49720 4609
50232 50912 50634 51112
20712 50197 22623 50678
43179 20649 43274 42252
48957 33578 48965 42021
36401 8195 38057 22337
19373 48376 21166 48409
6249 42832 6867 46124
5505 51681 16157 51773
46249 41872 46798 42225
49325 52108 49653 52231
45841 38834 47014 41695
24614 31186 24953 33797
31278 48964 33404 49675
52380 48351 52382 52025
16841 51686 26513 51740
7696 7740 8098 30092
14493 41062 15929 43117
14184 48532 15260 50268
10545 14241 10727 17884
49632 16783 49707 40030
52145 43766 52161 44796
45409 37031 45492 38833
41512 3584 41844 5073
26428 35174 26940 36495
29827 50624 30438 51509
51782 5589 51879 6128
31921 51598 37888 51623
33145 46848 35766 47464
50933 44503 51205 44824
44211 3963 45524 4519
29756 48228 31116 50532
48603 48179 48778 49869
52346 46989 52347 48196
39252 23463 39646 23560
45085 26364 45193 28638
13612 25617 13791 36870
49936 48020 50088 48117
31222 45113 31355 46306
38450 23630 40214 24135
50971 46459 51496 46992
143 11929 350 18823
35013 51096 37146 51219
17482 51232 17742 51661
48772 8780 48871 9267
39493 17197 39826 23149
20617 51571 26387 51600
33677 50893 38323 50974
51337 31169 51488 35009
49019 11024 49147 15267
52206 20340 52374 21779
52394 43577 52404 48518
4649 47934 5542 49261
24746 37216 24827 40264
52143 19243 52154 41731
133 48863 367 50901
39321 7234 40500 10784
49284 43272 49757 44608
2734 52363 4234 52377
49380 16759 49418 19788
13676 37874 15056 39043
46156 52192 46607 52317
47940 456 49809 1016
17179 52129 45212 52147
5914 40957 8204 41867
26437 43072 31384 43361
30800 35418 36393 36144
44768 11952 45161 11970
50041 43566 50443 45202
45295 5550 45608 8101
3301 51094 5874 51470
11218 15910 11419 19991
51822 9456 51837 13848
25885 49239 26861 50077
52388 52325 52402 52329
15822 5091 17261 11207
37988 42957 41969 43309
29546 52149 29573 52363
24018 11274 24307 15629
31228 50905 33504 51380
36485 48325 36979 49070
29151 43894 31344 45035
47325 31739 47843 36030
49300 52314 49359 52391
51517 44449 51548 44640
1623 44653 3947 44814
33990 7346 36882 7525
52421 34751 52422 39874
52374 47710 52375 51444
31250 47870 31486 48648
45077 14220 45349 19223
14619 48246 18998 48392
17156 45087 18650 45542
51191 52211 51209 52290
50349 45755 50743 47235
18846 11752 19219 12263
43329 2958 43431 5806
43351 25254 43506 37981
21277 52316 22388 52372
26351 37308 28672 37658
14760 6850 15623 17372
51167 3853 51979 4982
29365 51146 29747 51759
49228 50338 50007 50724
1043 46983 2781 47452
52277 50871 52332 52205
25133 37079 29064 37272
40469 22502 40875 24779
39153 43392 40699 43993
38059 49291 38277 49598
17682 7516 18198 15747
36155 52157 39218 52168
51197 47321 51451 47645
20131 16138 24456 16244
51804 14283 51809 20309
4543 49387 5926 50310
3198 52421 47463 52422
49425 41908 49458 42886
4787 44730 5375 45980
41337 24681 42924 24784
37639 42447 38728 42745
43764 1870 43971 3354
12527 51495 17404 51660
24003 18468 24698 20640
31059 1397 33437 1496
52127 47877 52147 48179
48373 17483 48391 49471
49201 17212 49261 19193
2586 46224 5479 46387
1895 7098 1947 8064
49276 42096 49410 42282
3430 1774 3673 2467
52199 44605 52330 45097
37531 49617 37694 50470
18477 14279 19359 15957
611 49777 2473 50058
51636 36126 51959 37729
51624 47666 51987 48102
6474 51651 7179 51675
51239 52261 51422 52279
38538 15511 39524 16827
45039 21543 45081 27693
29779 37388 30725 37647
37768 23049 38782 23352
46184 52392 48742 52416
28822 1563 29143 4337
51387 47118 52034 47280
51864 12820 52194 13760
485 49181 2231 49321
29698 52167 32582 52193
14143 524 15956 769
52406 51646 52408 52287
19170 50206 20445 51558
47838 52104 48165 52186
51687 46578 52111 46984
43870 52157 44131 52313
48291 52266 48355 52329
49620 50015 50374 50072
24457 52402 27296 52415
4203 3391 5527 5274
44227 320 47245 2113
38079 47635 38192 47972
24403 24583 24427 31600
9944 9172 10132 13401
50975 49771 51776 49951
49423 7317 49447 38522
51647 35354 51753 35725
22720 741 33697 869
19079 49959 21246 49985
52196 6053 52202 6332
49600 6931 49604 36957
44185 41987 44826 42158
45390 23497 45476 33908
7933 923 14123 1637
38631 51771 41571 51771
10113 21756 10672 23917
23152 52378 28249 52392
47877 15385 47884 31504
52303 49794 52333 50277
32025 37160 33276 38290
40542 52394 40560 52394
39869 1530 40337 3733
35170 47956 35878 48064
45411 42524 46207 43874
38903 13124 39420 15440
28661 2724 28817 4339
48557 48190 48577 48672
19853 19561 20000 39708
46595 52378 48051 52378
50339 4180 50369 5747
7389 29737 7471 38553
16926 163 18203 696
44166 34008 44192 34391
19062 48052 28771 48114
44345 22362 44777 23612
42556 7729 42757 8710
52421 18493 52424 20092
11250 45361 14907 45800
14333 52115 41690 52122
48876 52249 49279 52293
15457 47944 31206 47952
10800 13008 10839 22175
50477 49915 50584 50031
10949 9508 11200 13910
38016 52273 39682 52294
3718 52327 8869 52362
33165 52151 33831 52181
13809 19981 13817 22522
37104 47947 37623 47988
15707 49050 16695 49130
40923 43403 41847 43415
49105 28730 49107 43022
33235 41181 33854 41370
2514 47823 4080 50047
35093 51244 37370 51506
51795 9896 51821 11278
52387 16053 52406 18445
52209 40249 52365 43843
20674 21183 20674 43523
24479 13811 24499 17774
36855 24245 39867 24801
49267 39059 49481 41793
19144 17617 19659 18250
37867 50978 37963 51434
17032 47394 22795 47397
45635 4610 47797 5498
17472 16653 19349 17052
29260 52400 32130 52404
25776 38947 26192 39417
25641 1730 25765 6094
52381 18934 52392 22332
43121 43125 44273 43295
52119 27758 52142 31155
49548 47853 49865 47970
45563 12409 45648 24244
48655 1176 48708 2036
5424 44111 6158 44268
48398 17269 48426 20044
33419 46470 35270 46743
32337 51705 48824 51766
17940 2854 19282 5465
48902 7176 48935 13050
52043 29806 52088 33355
10923 16734 10924 20706
8489 17057 8557 38354
2243 51467 3237 51780
50615 44846 51593 45141
10211 45252 13112 45287
47989 52187 48154 52214
9645 17158 9714 40266
41130 15519 41172 24065
51294 42606 51301 44189
31230 52419 50387 52419
44764 52121 45662 52128
13580 49194 13759 49237
39070 42299 42079 42350
52188 44367 52190 47037
50748 46267 50865 46368
52034 4090 52299 4876
52385 36856 52416 36885
51745 28942 51872 33547
52410 48618 52410 49378
38000 48821 38292 48996
51886 52314 51947 52320
42937 38600 42946 40229
48408 7032 48703 10834
52335 212 52343 16623
51513 998 51600 1164
52396 49445 52398 51339
37312 46578 37487 46623
45741 52420 50598 52420
19414 48123 27465 48294
28810 40255 30788 40598
41925 7425 42112 7923
51528 52109 51541 52328
7653 36239 8277 38879
44080 4868 44485 6129
4413 49279 5265 49298
9781 17814 10438 20319
50444 48208 50562 48215
14165 35280 14614 35346
36564 50588 38076 50610
25400 39946 28513 40089
51387 40382 51421 41014
27309 44656 27668 44957
30990 50816 31076 51762
7227 51821 11521 52050
47268 35106 47287 38058
16967 2469 17010 3946
32458 36330 33784 37141
25099 25919 25188 27864
45060 2191 47355 2530
49725 46047 50020 46884
29154 1674 30890 3506
49036 50261 49105 50682
52421 21769 52422 29150
48680 44605 48736 44753
51772 38334 51836 38716
24494 22057 25128 24261
52371 9706 52375 13675
11603 12955 11927 15633
29518 47964 30610 48043
20676 16332 24436 16698
52059 25069 52093 25573
17069 48529 20202 48778
32546 50699 36968 50882
52157 23549 52169 32525
12435 49388 12730 50000
52346 37743 52376 38497
50114 51261 50118 51366
48741 3497 48806 3935
13213 33137 13610 42443
1828 50922 4216 51088
36262 9476 36389 20695
52184 16847 52224 18649
49684 7559 49697 10362
52197 117 52316 1986
25460 52347 27162 52361
3690 47062 3863 47478
38603 52371 43049 52371
26547 40544 26652 41766
32596 38776 33670 39349
45352 17286 45437 20071
48927 50274 49027 50375
6912 16157 7148 25349
41914 292 42888 6505
12299 50599 12585 50679
31737 50247 32842 50421
50698 43990 50754 44297
22927 52419 23205 52420
50475 3676 50636 4158
24527 35720 24666 42431
52224 36692 52268 37028
35274 48130 35407 48324
6090 279 12721 902
25511 44095 25608 44653
45370 8433 45531 9248
7788 52423 47069 52423
26275 38391 26946 39732
30449 50971 30627 51742
51924 51933 51977 51976
52210 37561 52226 39326
13184 13736 13187 41092
1148 400 3288 4654
45465 39763 45655 41310
52028 16330 52073 20981
43792 34092 44022 36945
34494 47536 35715 47950
12369 51350 12468 51487
45963 52240 46072 52332
37901 46805 38041 47829
51210 44166 51281 44825
48761 51075 50138 51135
12274 46591 12979 47802
21886 16782 23936 19543
50162 50571 50311 50911
52340 38345 52345 40201
49094 43565 49119 46601
28342 41596 28872 42653
27048 37944 27202 39695
52422 52100 52424 52392
47260 32133 47309 32933
48559 50221 48587 50767
45075 6176 45231 9500
36201 52385 40952 52391
16007 16546 16716 18355
52299 50414 52340 50836
35734 76 38438 589
7446 13875 7593 29331
34213 51384 34821 51578
12662 48728 13313 48934
45420 35134 45677 36811
2252 4712 2474 5480
34088 36762 36038 36859
14180 52360 15474 52407
3892 1548 6254 2146
24506 24268 24799 28957
21705 50995 21955 51219
51294 36956 51533 37177
52242 52274 52274 52286
32410 52229 38321 52239
51544 52243 51836 52333
50474 44710 50531 44881
47600 36365 47730 36474
20640 50733 20741 51547
32626 51409 33160 51449
48196 36584 48312 39273
51995 10252 52033 11827
42712 14557 42961 20352
2029 44376 5053 44635
31711 52259 37948 52259
31462 50451 33308 50467
51476 52392 51907 52404
48021 10802 48189 12810
5951 52368 6181 52396
50524 8534 50867 8625
49727 11622 49758 20271
20586 51618 20816 51655
24828 48770 27693 48906
12230 45066 13740 45131
16355 52407 16430 52409
49734 51458 50386 51504
46254 42370 46309 43809
51676 38114 52076 38162
20936 14329 21588 16129
15263 45752 22271 45798
12427 50125 14034 50280
51164 52360 51733 52376
1711 41484 1949 42216
16682 1278 16712 1637
23680 49006 25495 49153
47598 52288 47672 52364
51512 52016 51516 52251
20697 19051 21631 20344
555 48417 2069 48803
42991 52407 43316 52408
51302 52399 51345 52423
2668 44854 3871 46077
51301 27010 51681 27315
33625 51118 34099 51519
49362 25359 49381 35925
47065 52244 47506 52371
47710 41494 47725 42398
42632 43388 44221 43923
10488 2516 10690 2747
48844 13359 48965 18522
23714 1267 24109 1378
35848 50467 37071 50555
52347 14053 52347 19285
24368 50019 25104 50019
52353 50449 52361 51843
29258 36740 29283 36746
48881 38193 48947 43633
13750 51284 15608 51290
47940 4940 48722 6703
13818 47982 17042 48234
45623 38357 46259 38632
9750 23850 9824 32681
1565 46807 3603 46848
14903 33654 15063 33930
44873 41300 45326 41738
7181 48053 7313 49695
37708 49781 38219 50091
33898 45491 34608 45628
45516 38826 45715 39146
18124 44492 19289 44644
3226 40253 5843 40461
50766 45634 51467 45791
48333 52141 48460 52163
22226 51191 22274 51391
52074 52382 52250 52385
50358 8635 50628 8964
51686 32390 51704 32465
16500 50312 18758 50330
46211 43817 46774 43939
52263 15516 52263 18459
51611 32596 51621 36987
50745 43483 50887 43948
31979 49856 32330 50210
50746 7817 51726 8181
32025 52297 39794 52318
28332 48144 28333 50206
40739 43970 43420 43974
5136 50655 5683 51075
52109 25417 52110 27296
21520 4433 21618 6294
26194 40526 26238 40629
11505 52314 19418 52335
45536 37164 45663 38211
51464 1374 51644 1612
7753 1744 12748 2114
48204 31030 48249 34896
20685 27191 20841 34138
28560 43423 30136 43600
51667 881 52181 1293
28631 347 29308 626
22921 52298 23114 52359
51547 35416 51551 35764
14656 18280 14793 22630
28601 5205 29673 5217
50493 2091 51834 2162
48262 21686 48279 33712
16214 15553 16239 16495
47769 1409 47889 2579
51848 10681 51957 11728
52355 116 52369 14127
49065 18598 49167 21197
22607 50824 22929 51507
52231 44255 52242 44469
44747 52260 45833 52278
46443 5836 47498 5965
41478 18369 41514 21125
51986 6152 52172 6552
51932 52035 51940 52291
45077 52238 45663 52250
19830 52349 21107 52355
44932 31215 45184 31292
38132 47072 38230 47370
21990 6696 21999 6902
44961 14189 45040 15771
28791 37055 30455 37075
52214 43863 52227 44478
49740 4791 50112 6623
47515 4040 48886 4362
49022 26833 49087 30669
1674 44087 2530 44316
7855 39063 9516 39962
31406 36647 31452 42465
43846 10737 43868 10891
50089 46153 50135 46343
26921 52303 28449 52329
33117 50535 33759 50592
51591 37174 51626 38066
38093 46966 38129 47189
42801 23359 42987 23363
49016 17476 49051 21602
42822 52219 43308 52266
51434 40982 51452 44680
8828 40336 9701 41127
11447 15517 11508 16411
49491 10300 49501 34459
51591 52340 51775 52347
24950 40093 28612 40429
36559 5233 37639 5677
19418 48793 22594 48944
49462 9562 49463 12434
51888 29966 51930 30532
52387 6220 52388 14147
48600 52191 48834 52314
39923 52405 40550 52414
24892 37355 25126 37854
43540 26248 43824 28110
15207 45447 16965 45618
20628 1103 20926 1373
43167 766 43302 13674
4577 51775 34347 51779
11877 17801 12066 19291
49714 22555 49736 25646
49168 50006 49239 50300
2894 52285 4586 52322
983 50172 3466 50240
51814 47461 52114 47495
20022 50180 20376 50199
16034 41221 16534 43104
9323 13635 9378 33445
12738 48275 13282 48368
42224 43101 42578 43629
52405 44374 52408 51377
44709 42204 45640 42214
39370 42851 41030 42885
52033 52056 52112 52343
34285 1047 36389 1147
3760 4853 4005 6272
49468 26628 49474 29234
3093 229 4647 363
51330 9466 51355 19181
42810 7453 42945 7859
87 37652 297 40770
17433 2042 18975 2388
47148 39412 47482 42282
6981 51960 7001 52085
22105 19545 23853 21673
15924 16017 15928 17978
49314 50135 50025 50157
42744 10906 42865 11037
45613 33967 45758 34334
48732 10858 48746 11240
42947 42005 42984 42589
26273 7384 27316 8361
51328 37244 51443 39212
49710 50270 50219 50328
52412 46775 52413 49880
99 956 127 3803
16072 48728 16361 48773
7158 50457 7556 51634
44908 25174 44998 28484
44281 42244 44602 43065
44150 40431 44162 42548
33271 43115 33373 43751
14219 44263 14455 44593
49454 8483 49455 30079
33192 44433 33517 46399
52004 9578 52034 9686
2981 7316 5137 8290
10635 52337 13237 52337
21311 11757 23109 12704
38332 5505 39070 6663
13052 29283 13129 35765
37180 49001 38301 49047
28799 6922 29262 8095
38933 12538 39069 12575
22908 49285 23061 49586
52112 49992 52133 50771
6523 41877 9641 42029
50853 947 51287 1164
48800 48043 48899 50245
35177 5393 36413 5632
11888 52420 19275 52420
13709 40418 13767 41662
15624 2385 15666 15653
10176 14792 10263 15407
45756 5767 45851 6142
47958 41713 48201 41997
13854 18187 13869 24216
19444 44693 20434 45533
48450 43809 48670 45228
4676 51962 5337 51999
5910 49034 6154 49122
43534 32397 43911 33700
51495 47519 51649 47658
46232 3595 47571 3682
14633 23447 14961 31377
276 52421 2290 52423
46402 51767 50231 51780
52350 51999 52352 52140
642 50117 705 50319
52411 18113 52418 22929
49232 4731 49342 7288
8117 30049 8179 32166
45728 31403 47327 31540
42922 39610 42931 41528
13482 51334 14095 51482
35661 774 38244 1007
51995 32482 52005 32734
51987 51830 51991 51868
8379 41248 9273 41875
9408 31952 9564 39019
49823 47591 50344 47668
44435 11920 44453 12450
24708 12610 25046 13326
38364 23406 38866 23524
15873 14397 16102 15938
52342 51392 52342 51485
1697 50937 1765 51730
9101 38531 9383 38785
12930 52022 13684 52051
52240 21780 52258 22727
7087 38807 7139 39976
38088 15221 38189 20162
26409 44900 27178 45539
36269 42143 36578 45129
8249 23122 8252 26494
43730 9058 44338 9717
8597 51806 10473 51820
43281 38913 43465 38999
13533 20566 13562 20971
49166 5254 49212 12262
10501 17903 10567 19317
49470 45677 49671 46739
37856 48617 37935 48681
52117 20203 52125 22287
48880 32431 48899 32714
1098 843 1136 5219
51827 52390 52189 52391
27889 118 28133 626
45515 11939 45553 34730
12118 23601 13017 23866
45219 19576 45296 26766
31119 49531 31224 50574
35598 7926 35866 8766
3132 50756 4924 50870
41103 3535 41336 5457
9055 22251 9107 33569
50369 50147 50388 50783
38603 27 45666 70
48360 35361 48370 49642
31284 39736 31293 40274
25452 4686 25627 5381
48560 50840 48664 51046
12278 51863 12565 51893
25711 44385 26114 44809
19881 10117 21486 11558
49398 22203 49412 26210
52168 50608 52274 50651
39448 42618 40524 42663
14133 52189 15053 52230
27219 39229 27454 39347
49549 22475 49561 30348
51481 51942 51852 51949
51468 7171 52062 7178
47696 52268 48146 52359
52409 52017 52414 52188
42859 29181 42923 33600
19689 14081 19691 20121
2836 47223 3453 47281
13136 22565 13175 38342
49215 39474 49252 46480
51985 36741 52002 37447
25813 52398 31316 52398
49037 52347 49202 52384
51584 32436 51586 39016
15942 50353 16142 50420
11628 11152 12150 11164
14638 43288 15152 43635
52104 49830 52110 51120
48969 51721 49224 51747
36754 49071 37648 49090
48940 52392 49420 52404
52411 155 52416 507
28310 52395 34227 52397
52165 39777 52208 39897
863 48917 2235 48976
51505 33796 51521 33812
52353 52104 52371 52417
52292 39875 52327 40185
39396 5653 40011 6774
2844 51201 2986 51453
44949 5096 45159 6086
26688 49038 27423 49159
44520 52164 44581 52173
28147 40639 28459 40941
52362 15433 52388 15744
48453 48027 48462 49899
40781 52397 41058 52404
51837 2058 52045 2296
26173 50329 26472 50398
50390 51123 50446 51335
1881 51357 1888 51800
14222 42359 14371 43412
46422 42561 46641 42609
50003 51303 50028 51366
48983 15882 49009 28072
49844 6838 50226 8811
52413 50456 52414 51391
8106 52418 36029 52418
51409 41124 51410 44799
39328 11199 39407 12832
46624 52302 46743 52372
30113 3719 30679 5374
16324 49988 22282 49997
33750 52295 34888 52296
20760 37150 20816 42619
52057 2096 52276 2174
13960 40289 14085 40625
36628 42186 37184 42341
31796 38602 33630 38622
12815 52348 13288 52413
22865 49170 25322 49270
50365 47680 50426 47801
10405 46348 11634 47290
48361 50305 48476 50925
6839 40684 8787 40789
52383 49169 52386 50860
37754 7437 37810 7513
36277 23207 36354 33441
48221 52177 48380 52217
15245 51349 17221 51368
40572 52410 41414 52413
43509 27940 43512 35295
51789 51809 51978 51888
31236 51514 31534 51610
49436 49799 50239 49901
9033 8857 9257 13628
48968 10102 48976 21280
1794 47508 4530 47555
32485 51516 32512 51570
27380 45745 29221 45797
43455 40464 43481 42088
47607 38832 47629 40923
52374 52375 52421 52381
49161 50992 49301 51007
33712 51637 37006 51682
42188 7796 42236 8251
42795 40182 42855 43326
34502 36729 34747 36729
18343 5501 21433 6243
51458 52168 51505 52297
13813 48583 14093 49180
49394 51663 49479 51758
47576 1846 47759 1921
15428 48741 15546 50128
15370 49144 15423 50022
52113 30693 52118 31587
10842 22026 12137 23030
4290 5748 4856 6527
27859 43524 28200 45246
11092 42166 12757 42477
47872 9527 48241 9770
52391 45358 52392 49874
33661 47876 34313 48986
48310 29865 48335 35020
49888 43941 49986 43970
52026 8086 52064 9208
36692 44482 36765 44589
51731 5168 51800 5242
50484 6408 50802 6522
24465 119 26654 323
50930 1851 52177 2043
30113 52238 31131 52299
48253 7013 48293 10900
49769 2309 51281 2331
43726 8165 43796 8481
51877 8419 51974 8513
13811 12603 13834 15253
12269 51055 12310 51519
13896 33797 14827 34585
24387 35832 24425 38895
24327 25351 24400 33461
5900 42320 7603 42336
38448 7129 39115 7178
52422 29639 52423 31969
40624 982 41051 3712
52403 50140 52404 50597
8138 22647 8157 26832
52064 6650 52072 6765
48832 25653 48835 37832
43721 6773 44753 7999
49853 51658 50349 51708
52168 19618 52184 22920
1192 5675 1309 8100
40102 4220 40492 5761
17880 51251 18715 51496
24775 40736 24937 40911
20325 44251 20859 44618
40210 13951 40503 14245
38233 15533 38398 15946
30641 51677 30696 51688
31110 46807 31253 47429
14743 40746 14921 40911
36761 46683 36879 47618
49950 44419 49998 45004
49516 9082 49535 29305
7316 28630 7365 35111
42961 3402 42983 7061
43310 14858 43332 15216
52279 39298 52284 40178
41049 52318 42474 52318
17224 45670 20011 45720
52170 52282 52230 52360
13441 48402 13761 48911
870 33314 1562 35288
37117 48376 37342 48640
28142 52171 28169 52249
44410 43077 45017 43630
41843 43652 42521 43960
26252 44877 26278 45739
25944 5686 25997 7275
26583 50949 26893 51758
41364 2285 41407 4146
7557 109 21727 161
2084 52061 4390 52074
9595 14457 9602 23404
51794 15568 51796 23875
11691 46471 12201 46941
24545 42841 24565 43715
13792 39836 13810 42756
24209 48981 27009 48990
51658 33845 51752 34499
49250 12270 49289 16713
50687 4077 50906 4340
27763 5519 29693 5572
51301 27960 51424 28811
13879 7826 14598 10362
17519 5713 17535 6021
16692 52406 21777 52409
52343 51413 52352 51822
51272 45971 51650 46051
35713 48565 36316 48598
6590 52109 6691 52133
49335 3756 49697 3777
5548 45194 5929 46280
18207 13788 18385 14732
51056 48145 51721 48186
49579 13579 49584 38570
48985 51517 50140 51576
22265 969 34548 1040
51176 838 51936 859
49174 47576 49463 48059
47150 35494 47153 36829
30244 35227 34747 35357
27972 1327 29947 1514
50117 45827 50218 46053
36577 7668 38173 7919
37420 48219 37519 48513
47888 20008 47918 33198
244 29502 246 30996
45659 3970 46255 4149
47192 34524 47306 34869
51518 37948 51543 39031
52090 37459 52093 37691
41177 14161 41332 20380
52267 37988 52284 38306
43346 7130 43423 17597
52293 36816 52357 37572
52323 4863 52334 17021
48228 42404 48254 42458
12476 45863 13197 46161
33212 50148 33352 50148
8049 33784 8244 34531
19616 5026 20302 5204
52071 6902 52145 7238
52149 14116 52200 14520
51914 30836 51994 30993
38405 12203 38636 15059
6 16543 142 32237
24741 36790 26800 37033
33712 51691 35915 51693
42680 9304 42831 9628
43803 29959 43803 30267
4966 52303 12523 52305
47347 206 47963 257
16482 13438 16748 14813
49276 51604 50210 51628
52395 39698 52403 43427
27863 42702 30664 42834
5755 51848 5895 51866
28015 45681 28752 45684
51938 32521 51992 33286
49805 3775 50027 4009
51658 52378 51806 52386
50844 45984 51211 46124
50706 44420 50894 44637
52018 28959 52068 29154
31941 1291 34095 1358
49139 22185 49164 24837
21724 18392 21878 21065
43275 38301 43309 38696
13081 46508 13301 48208
52237 50183 52278 50401
27140 36502 28802 36998
24841 25191 24946 25958
5960 44338 5961 44561
15973 49613 16311 50094
51471 52055 51506 52142
20569 50525 20596 51414
48773 44289 48870 44579
52388 2722 52390 4716
32662 52370 44307 52370
33080 50156 33171 50442
33609 6479 34735 6841
51431 51798 51446 52135
37839 6788 39000 7113
48316 52332 48737 52347
17750 40463 18551 40810
33294 38240 33478 38367
52334 51121 52347 51176
34754 5135 35081 6868
39653 11590 40143 14281
2287 52335 2759 52343
19880 50045 21834 50051
52181 19091 52193 19511
18980 6456 19971 6872
18478 313 18661 1904
13316 23425 13497 24753
1710 52398 8940 52402
52410 39928 52423 40089
19823 52371 21002 52378
975 927 987 1101
15286 50168 17265 50310
22814 51527 24960 51540
52186 47438 52188 47725
458 47548 1767 47875
52334 52001 52340 52212
52163 39135 52199 39335
34264 49037 36479 49040
52372 1273 52374 7678
48949 52114 49292 52202
52405 20355 52408 22715
19435 15859 19584 16003
6281 46820 6460 47569
1902 51894 3129 51919
44072 34556 44115 38008
6911 8623 7023 9441
24662 42821 24688 45714
52026 25655 52061 27976
44781 25975 44865 26937
52093 5252 52296 5438
47228 31692 47243 34097
18257 17598 18512 17992
11000 20232 11696 21180
4449 49997 4491 50189
29242 42501 31106 42567
13126 49254 14067 49843
51991 35657 52059 36232
52401 52395 52419 52401
25711 45636 25905 45706
49080 25713 49153 26373
51683 51797 51735 51833
49718 52119 51330 52119
33770 50509 34179 50662
51945 52058 52012 52289
44263 41585 44326 41785
50555 50453 50576 50549
35602 46520 35909 46764
52377 2325 52377 6837
49179 50600 49183 50616
39839 20118 40198 23533
47368 52104 47663 52198
45371 3861 47130 3921
10570 43469 10704 45033
29540 48090 29670 50176
52206 50750 52271 51063
47886 19714 47887 39214
51330 2273 51689 2302
42805 38297 42900 40013
42836 36815 42917 37308
6952 26336 7156 29401
48325 26576 48369 27734
45686 36276 45716 37805
49988 43484 50469 43534
8306 35140 8320 36376
47691 52213 47908 52254
10254 47380 12270 47438
49630 40697 49676 42230
23154 52346 24329 52364
25865 52325 26588 52325
40688 5795 40740 11786
41209 52390 41931 52409
11599 51999 12528 52074
3638 44118 3747 44181
51902 38234 51970 38374
291 7287 732 7490
48433 51296 48485 51552
37915 50191 38063 50486
11632 16906 11706 18052
52370 5601 52371 6461
44706 52305 45313 52316
49470 33359 49488 38350
51098 47344 51119 47407
19052 51252 19083 51615
47118 40614 47125 41097
41417 3637 41509 14291
41980 42784 42325 43041
15478 48477 15860 48538
52148 2541 52162 3422
51294 10751 51320 26396
52286 52264 52329 52367
29133 36831 30197 36970
9401 16878 9521 16896
51709 37849 51847 38036
18821 9148 19284 10860
50919 43787 51207 44491
25204 17105 25299 28125
19814 13696 21338 14228
43279 20904 43329 29487
6910 39795 6952 39891
12982 399 13220 840
19687 10715 19813 12042
21475 48010 23724 48049
50480 50420 50531 50759
52419 22217 52419 32929
6835 52004 6869 52017
41066 17154 41116 23971
48258 35889 48328 36249
26398 51501 26520 51614
2259 48061 2309 48651
29297 48231 29483 49124
20700 37463 20729 37955
52416 51956 52424 52016
5508 52231 7750 52234
6680 46143 6838 47063
3311 46454 6411 46587
41467 52304 41534 52313
50644 49850 50648 50038
43572 33920 43763 35829
50788 46918 50874 47021
8917 52338 9399 52349
26174 41601 26373 42676
10208 42633 10293 42770
52359 44735 52364 46204
49290 10708 49380 11637
16729 42645 16872 42869
6986 10844 7343 12124
18222 48445 21069 48448
29785 45350 30136 45408
35919 6151 36248 6262
17329 2468 17386 15861
37522 42801 37831 43252
36356 38889 36387 40998
6862 32873 6889 36899
51976 7122 51992 7165
7847 52229 8198 52272
21438 52389 22521 52395
37760 50279 37796 50300
52218 2233 52237 3789
36575 6566 37620 6577
51247 46307 51279 46377
19713 32754 19761 34094
1925 46941 5067 46982
36855 23499 37827 23577
51522 30446 51530 34716
44783 23518 44904 23699
4506 52419 10847 52420
49301 44653 49921 45126
41046 42369 41616 42622
48535 49960 48798 50086
51320 52300 51354 52349
33407 37711 33852 37923
44731 52165 44973 52223
48708 51141 49127 51142
12157 12207 12186 12668
16885 52261 23724 52262
43409 41239 43414 42557
49066 46374 49087 47693
49086 8391 49161 10212
51567 52421 51671 52422
