12962 1299
10341 4059 11713 12844
11854 8705 12232 11131
5229 12379 5349 12797
12773 11396 12871 12451
4161 8166 8896 12273
12153 11892 12463 11986
2945 1768 4675 2440
8817 7174 10242 7925
3539 4188 10154 4719
12768 12639 12899 12910
3854 3970 12837 4021
2289 789 2907 11634
11969 11167 12716 11675
12927 4379 12938 9613
6420 4825 9104 5081
10387 1011 12504 1807
10147 1640 10260 3627
4216 7730 8307 7768
6206 2260 7749 2997
8948 8984 9756 11720
394 32 1219 411
2901 12502 5201 12699
2009 11773 2484 12755
2945 12288 8105 12327
5140 1960 9724 2109
7011 12547 8442 12887
12462 6198 12516 11038
1294 1288 1899 4780
2975 12932 4110 12959
9836 10323 10297 12674
6264 2154 9750 2220
10860 12955 11154 12957
3331 11228 3393 12189
12603 4383 12640 10372
432 7585 667 11728
10161 6102 10326 6671
12074 12212 12256 12387
6414 5395 6787 5913
5363 6081 9528 7130
12472 12653 12539 12697
9035 11768 9671 12948
540 1763 889 2561
975 4709 1144 12674
6407 12591 6813 12950
11834 12959 12822 12961
5337 3200 9833 3398
4799 12959 11257 12960
8596 12718 8619 12937
11831 4627 12218 5351
4529 5929 7486 6021
1281 8570 1961 11478
11504 3146 12820 3925
12004 2729 12265 2833
8726 1159 9788 1550
10600 52 11942 994
7367 1143 8200 1623
3116 8004 4031 10847
5584 605 7496 962
5258 8125 9578 8150
12646 6383 12691 9891
12802 4948 12828 9184
12939 8113 12959 8363
12840 353 12905 3372
12370 4697 12455 7809
12701 4432 12751 8260
8615 2433 9923 2812
12629 11972 12667 12513
12767 8961 12773 9312
405 2640 1117 4477
6272 5092 6273 5615
10804 12870 11315 12950
3424 5160 5645 5793
12075 7850 12176 8334
12753 11288 12908 11317
201 5650 227 7338
11324 12870 11633 12938
11843 12846 12437 12944
12521 5203 12526 8327
4368 2506 6082 3027
3058 6880 3687 7823
3327 5960 3736 6085
12922 10408 12953 11149
2167 12915 2923 12931
12923 11208 12923 12401
2015 10458 2142 11757
4677 12934 6258 12941
11767 11634 11914 12438
12282 12254 12481 12299
12943 4760 12947 4967
343 12783 4900 12880
3371 3487 9899 3487
8987 8861 10258 8945
12009 2436 12246 2572
1283 6431 1440 7879
12930 12592 12945 12881
9700 6702 10192 6970
5408 7882 6437 8004
8848 12389 8984 12701
2229 2955 2243 5929
4570 6143 4750 6197
12726 12783 12748 12834
6064 22 7772 68
12917 9164 12924 10195
12842 10281 12854 10641
2250 9334 2272 9682
2071 2543 2114 4984
6323 7163 8185 7532
4869 7783 6392 7865
3223 4932 3392 5053
2912 10005 3102 10818
11784 5465 12008 8499
12918 12461 12918 12952
8145 12958 10933 12958
12820 9956 12835 11285
12136 7195 12306 7683
1162 11012 1196 11506
8267 7501 8476 7649
12866 6960 12885 9757
3264 6578 5236 6873
12954 3532 12957 5535
12534 189 12731 1759
7755 5091 8864 5347
6125 8039 6697 8091
12711 9754 12769 10706
4496 3757 7085 3942
12704 4146 12862 4239
11823 8601 11825 10592
9691 8541 10221 8773
143 7797 260 9770
9829 9505 9834 9595
3152 10875 3229 11673
1550 5259 1903 5994
12003 11735 12421 11849
12103 5998 12106 7232
12959 10004 12961 11918
10068 425 10154 944
11923 12024 12030 12742
10327 1916 10673 2866
12339 10607 12402 10703
7285 12407 8347 12411
1259 10102 1269 10642
11007 3582 11296 3618
12233 10347 12328 10411
12918 670 12927 2982
5830 7217 5841 7614
3694 10848 4008 12281
8712 12942 8768 12949
383 12934 2262 12960
1408 11529 1773 12506
408 5249 806 6229
648 6383 847 7141
3675 3026 3969 3054
8220 116 8659 744
12218 12948 12312 12958
1329 12901 4046 12902
12268 12810 12640 12839
9859 9022 9992 9050
12875 5330 12917 6767
12561 2338 12702 2998
1730 6149 2155 7114
0 11000 330 11497
1951 3239 2013 3826
12246 12002 12379 12005
5694 12503 6299 12700
7166 3706 8497 3734
12955 9217 12958 12174
2943 11510 3043 12145
4011 1557 4752 1758
12362 12330 12595 12590
12941 1896 12941 8050
8453 3841 9744 3871
10150 7978 10157 8375
3617 331 4067 365
5367 12954 8436 12955
12950 812 12951 5879
8907 489 9681 748
9736 12753 10302 12954
12875 11429 12880 12307
782 11794 875 12107
12429 9203 12454 10597
6905 12361 7158 12506
12763 4271 12764 6731
11116 3035 11272 3146
309 647 358 9850
11523 12950 11819 12961
11569 2872 11778 3114
3583 719 4725 1290
12836 7561 12841 8727
38 12772 248 12906
8786 3494 9153 3634
11764 11284 11891 11562
12826 9350 12860 9539
12151 258 12158 547
7975 2933 8273 3116
11122 1893 11798 2406
12361 12613 12393 12678
698 10812 838 10818
12565 10506 12655 11112
10349 12854 11807 12865
6330 123 8192 458
12344 12768 12648 12770
6715 7819 8403 7905
12133 6823 12321 7001
12180 5823 12348 6705
12517 801 12533 2297
12910 10455 12920 10496
8433 5417 9724 5979
9865 5470 10034 5680
11954 4282 12193 4317
12760 12931 12838 12931
5430 12769 6132 12826
12894 7339 12900 9743
3413 12918 4008 12927
4985 12841 5450 12932
6326 4722 6394 5586
10085 8974 10277 10187
12578 4834 12584 8920
9037 1097 10368 1124
7136 12931 8421 12947
12328 6805 12356 8797
5969 1296 6867 1662
8349 12503 8619 12516
3052 3703 3159 5485
8125 2243 9850 2276
9842 3783 10289 3819
994 821 1001 1654
12210 12650 12246 12659
7878 5513 8132 5751
1290 11818 1342 12672
12350 5953 12362 6668
12662 12848 12677 12930
12889 11510 12908 12623
11724 12444 11786 12725
3522 12337 5113 12479
12425 8508 12435 9173
5414 7289 5661 7441
2857 12426 2863 12643
12927 12190 12934 12428
8901 8799 9303 8816
12758 7675 12781 8190
12955 216 12961 3277
7968 487 8038 889
12315 4337 12319 5178
1956 102 2432 390
1176 6334 1252 7259
5601 1181 6055 1292
8918 8099 9666 8114
11005 2498 11958 2648
5775 4154 7455 4168
12446 2431 12522 2949
2914 226 3398 898
4101 4865 6061 4993
9927 3149 10070 3334
12901 12837 12911 12853
5817 3057 6172 3149
12951 12124 12951 12914
2959 4186 3033 7087
66 1272 129 1423
684 7691 958 9083
861 5540 875 5777
9178 7943 10126 8064
4679 7344 4902 7571
5931 12348 6846 12353
9154 3703 9442 3741
12760 12473 12814 12500
101 7438 112 8056
2974 8298 3101 8663
12141 8342 12163 8480
12798 508 12838 2896
4076 8601 4153 12169
10711 12886 10791 12948
11866 2121 11980 2466
12370 8954 12419 10220
3540 10952 3558 11136
12600 11690 12604 12300
12941 8463 12954 9655
7389 12526 8096 12539
3309 1587 3603 1666
12952 5690 12952 7205
5017 835 5495 927
12317 7456 12321 7974
2278 2873 2280 2938
12529 8583 12533 10312
8945 5128 9126 5132
12848 6441 12848 8350
12717 11504 12739 12232
10171 4509 10280 5027
12839 5501 12839 7310
12269 8200 12287 8411
12958 7444 12959 7935
12438 4048 12614 4326
5940 12334 8246 12343
1273 10975 1278 12483
8458 12615 8715 12635
5353 3458 7990 3462
1685 12643 1803 12695
3479 4946 3568 4965
4968 1999 5097 2352
12960 12717 12960 12763
12403 7989 12429 8035
12910 923 12911 5144
10690 2724 11677 2843
12034 12583 12195 12710
12500 12939 12680 12958
12556 9127 12558 10442
10013 5699 10020 6415
6285 3546 7503 3676
2246 9639 2247 10862
9871 1714 10044 2066
12337 12713 12466 12762
12888 7573 12890 10770
12945 595 12949 2171
7088 5410 7536 5526
10717 2927 10801 3294
10453 2951 10600 3625
12019 6546 12063 8232
12773 4494 12888 4503
11880 12588 11882 12721
12907 7475 12916 8190
5048 1665 9865 1821
163 12403 816 12614
118 11617 224 12334
12948 3057 12948 5110
9784 11244 9795 11384
8709 7794 8712 7862
11940 1974 12146 2104
12656 12562 12762 12589
11766 6242 11779 7397
12948 12384 12948 12675
9263 8374 9467 8431
12277 1919 12298 3118
12698 5223 12698 10085
12332 9859 12368 10101
12796 4569 12822 4919
3242 11372 3296 12207
9837 9475 9945 9962
6102 4768 6276 4806
4559 4725 5351 4747
4964 7158 5034 7275
12940 9813 12950 9973
3662 12734 4849 12755
3830 7175 3932 7492
12125 12034 12262 12194
12916 11341 12917 11721
12867 3419 12884 3586
8650 2922 9490 2974
8472 3065 8937 3166
12708 8378 12719 9568
12610 12610 12616 12743
12367 12056 12497 12089
12749 12627 12855 12632
5465 97 5649 324
7284 12389 7305 12405
3463 11185 3588 11991
105 2644 117 4372
4869 1009 5217 1470
305 1577 305 8953
8420 7770 8611 7890
1346 12906 3210 12911
12100 12457 12231 12486
10288 3446 10434 3448
170 10986 270 10993
12477 4436 12492 4582
5933 12854 6086 12862
5415 12614 5672 12627
9795 11386 9795 12478
12953 12415 12960 12479
3746 6376 5069 6488
216 1698 275 2467
12901 8337 12908 8851
12852 5238 12874 5728
26 10560 349 10676
9844 3163 9906 3302
2006 858 2171 936
12534 11890 12580 11924
12261 8469 12327 9384
11841 12472 11869 12709
1224 2216 1244 5149
321 12788 340 12950
2957 11010 3033 11347
434 12622 508 12665
11775 10561 11802 11224
12909 12808 12915 12821
12793 8661 12796 10085
11733 9146 11754 12347
9646 4899 9881 4901
12944 7373 12955 8080
11732 4027 11743 5164
12886 11021 12901 11190
7877 2409 8420 2714
6676 7542 6919 7558
7984 957 10247 1003
6205 12891 6276 12932
12830 5431 12831 6819
12930 3953 12937 4119
4776 1200 4798 1242
12798 11324 12870 11334
12382 1922 12443 2782
12359 8827 12367 9072
3142 11714 3146 11847
2517 11851 2635 12329
12921 11995 12922 12294
12663 4152 12695 4628
9538 4028 10683 4036
10300 211 10393 262
2099 7682 2166 8935
8665 12282 8727 12435
9867 5972 9970 6389
12910 10517 12915 11642
12786 4807 12789 9810
2154 11207 2210 11760
3108 11796 3111 11888
12770 1405 12781 2233
6385 12523 6417 12569
1779 12154 1923 12468
3508 3516 3846 3876
1490 7198 1718 7825
3665 20 4909 146
5510 431 5527 1119
12939 4797 12940 6941
108 8185 131 10178
4535 12907 4971 12915
565 7307 917 7439
2029 3206 2041 4269
10500 358 10510 621
12548 6904 12556 8583
12700 12848 12730 12917
9916 10169 10069 10205
7466 8010 9157 8093
12366 328 12433 609
7693 12896 7800 12930
7635 3590 8524 3617
5189 7632 6909 7706
2643 12726 2955 12727
6472 70 8261 110
12929 12890 12934 12928
12866 10197 12885 10714
12283 11120 12650 11149
2740 11927 2822 12067
11774 9171 11790 9318
9309 331 10387 344
11823 12804 12084 12845
10334 9145 10339 10187
10234 3650 11413 3660
4023 2746 4219 3277
2122 1959 2210 3238
12411 4597 12486 4618
12930 507 12932 1214
10363 3850 11112 3895
12916 8906 12925 9016
9796 9064 9823 12341
5 3462 42 6123
5778 5316 5787 5473
12952 12153 12952 12396
8903 12796 9030 12932
12157 676 12437 1005
12950 12730 12950 12792
5812 12334 5833 12334
12532 11968 12536 12302
4058 12919 4350 12921
4650 5115 4691 5120
11719 5342 11757 6688
12272 5522 12346 5676
7517 12431 8110 12471
12727 8969 12728 9269
12921 5268 12924 6060
3774 12960 4678 12960
11804 1809 12479 1909
12908 6951 12908 7458
12959 12185 12959 12185
6830 5375 6837 5384
12953 11736 12954 12122
5799 12378 6670 12411
12867 11058 12877 11217
12661 12688 12714 12824
12569 6041 12576 10220
12958 4649 12959 6597
12835 7326 12835 7564
67 2156 77 10017
5567 12430 6470 12444
12617 11718 12620 12372
12890 3460 12905 3945
11826 12508 11833 12759
8382 4745 8849 4786
6316 12575 6372 12664
12390 12127 12409 12178
2048 7358 2273 7632
8644 1309 8694 1456
11893 4148 12057 4270
7824 4055 8778 4148
5417 1823 6415 1889
2440 182 2636 730
3550 391 4914 507
12703 2172 12738 2387
10041 301 10265 315
9864 6989 9987 7045
3780 7751 3897 7888
12867 12521 12878 12598
373 9619 402 10171
12531 7106 12542 7474
9702 7009 9822 7151
10390 12884 10575 12952
11900 4324 11952 4565
12939 12192 12946 12434
6681 5255 6817 5260
12754 11335 12758 12022
378 11951 480 12043
7448 5902 7814 5924
1184 1179 2032 1247
12007 12794 12370 12796
12220 12772 12417 12792
12776 8697 12781 11056
7666 3913 10394 3965
12744 444 12795 797
12238 9437 12290 10121
12958 12874 12960 12914
3193 179 3797 205
3427 4970 3832 5048
2218 7993 2287 8346
12926 11500 12952 12037
9562 4971 9749 5208
12924 7926 12925 8453
9140 8739 9608 8777
601 12770 3358 12771
10309 9523 10324 10420
5668 12900 5901 12911
12849 9249 12856 9303
4398 3351 5002 3404
12054 8505 12124 8680
12178 8591 12242 8672
10636 12923 10638 12923
2027 12884 4237 12890
9764 9665 9768 12410
12076 12731 12194 12759
12861 6861 12864 6872
12953 12916 12961 12959
3297 4317 3520 4487
12798 8446 12798 8644
3486 6151 3553 6343
8724 12595 8827 12681
4102 6063 4163 6137
12877 12955 12948 12959
12939 12925 12950 12942
12159 4161 12251 4205
1151 1889 1200 4736
8674 12889 8681 12917
12960 4412 12961 9364
7426 12499 7940 12523
6998 12575 7004 12834
8456 1241 8708 1286
12199 7705 12316 7771
9363 797 9978 928
12814 10278 12817 10885
12917 3381 12920 3428
12762 11343 12781 11347
1851 7920 1951 8363
12711 12956 12760 12958
12916 3559 12926 4834
10316 2982 10381 3142
6891 12916 7435 12926
3691 5854 3923 5895
12054 11952 12136 11980
12443 11061 12475 11070
1397 12047 1401 12431
12948 5925 12951 6489
5263 3622 5283 3654
10740 3922 10955 3945
12912 10184 12915 10268
960 7671 960 10575
12713 2442 12719 2636
6421 1832 8850 1865
2067 518 2408 636
3740 6113 3889 6214
6661 5332 7591 5360
10285 2797 10315 3225
8944 10720 8946 11110
12511 5047 12513 6015
12290 12390 12332 12656
143 12358 423 12361
12701 10739 12752 11093
8959 11934 8988 12170
11411 3113 11489 3252
4790 12328 4970 12335
8825 294 8896 471
9820 5306 10088 5464
6902 12874 6992 12874
12952 12582 12952 12836
3107 2626 3721 2985
12871 5040 12893 5119
12925 9877 12938 10354
12311 12728 12321 12738
222 12954 299 12961
7765 3753 8376 3879
130 3447 237 3725
5446 12644 5648 12680
12471 12941 12477 12950
732 10242 777 10426
2710 12135 2751 12704
2927 1259 3379 1338
12291 10438 12318 10901
7051 7962 8575 8007
9605 8633 9615 8638
6208 6031 7066 6039
11755 8762 11809 9147
12115 53 12297 194
12722 11112 12807 11219
401 6658 410 7754
4512 4038 5391 4060
1209 10808 1266 12569
11259 2929 11523 2949
12954 12556 12957 12785
6326 12468 6675 12483
1714 8413 1861 8438
7180 5571 7403 5893
6301 5848 6341 5895
4278 1325 4580 1486
675 12887 1044 12906
6926 5593 7126 5819
12731 12849 12733 12857
2935 8318 2952 8447
1908 11581 1998 12072
5799 1902 7613 1950
9823 3040 10137 3112
12845 8483 12856 8865
1924 3561 1925 3644
5536 12900 5551 12919
8995 11728 9238 11741
22 10267 417 10296
12949 12876 12949 12877
6491 12516 7381 12526
12941 12039 12949 12152
12853 7562 12859 7930
7820 12908 8050 12926
709 11657 737 11864
12935 717 12938 2873
10 11663 102 12651
1149 5510 1548 6057
5879 12422 6000 12426
12476 12864 12628 12930
5146 12803 5385 12839
3078 12491 3929 12493
12707 12953 12928 12954
12904 9169 12915 9327
1154 12710 1617 12767
9112 59 10284 74
4889 12758 4985 12778
4432 12956 7891 12956
2694 26 3488 136
4158 12958 5900 12958
12765 12940 12787 12951
12523 2438 12524 2907
12924 6450 12925 7674
8927 11615 8936 12179
5676 5276 5762 5473
4015 6207 4243 6248
8782 1 9007 116
12020 5704 12071 5964
8942 12954 9205 12955
4161 3690 11092 3699
3934 5029 4932 5083
12435 154 12443 554
9704 12923 9728 12925
11078 3337 11262 3470
9209 4783 9272 5366
11907 11158 11921 11350
568 4848 648 4924
8718 12912 8735 12919
4397 7932 4589 8158
12911 12010 12912 12547
10243 7740 10273 7897
5974 7580 7962 7631
9485 8348 9723 8437
5882 7342 6034 7541
12755 12767 12757 12814
2625 12749 2781 12754
12953 12836 12954 12865
12722 8876 12725 9046
885 9919 954 10085
9691 8806 10053 8807
12803 218 12833 245
638 12620 925 12759
8101 12351 8392 12354
3422 12069 3654 12142
12535 8359 12537 8505
8517 12904 8548 12941
3833 12909 4464 12912
3468 517 4278 708
12456 12108 12496 12115
3219 7889 3716 7918
1723 567 1812 1064
1552 904 1665 1029
12960 12006 12960 12208
9101 8386 9150 8575
7854 5491 8067 5497
12023 5389 12216 5599
12226 2336 12227 2410
11828 9128 11853 10651
3159 12710 3514 12734
1192 8140 1271 9662
6063 12732 6372 12753
5441 12351 5892 12376
6476 7906 8243 7910
2817 12960 3369 12961
570 11967 614 12185
12927 3052 12933 3468
7521 684 7930 689
12702 12502 12711 12508
6520 12951 8802 12951
12066 4439 12162 4487
12663 10630 12675 10670
7950 897 8406 943
12590 80 12867 119
9306 8066 9778 8094
2228 10954 2237 11057
12455 9561 12457 9582
9818 3755 10973 3772
3085 6288 3194 6645
12470 409 12474 950
11448 12948 11488 12948
2931 4543 2954 4917
6457 8117 6587 8121
4259 12948 5108 12953
7589 3140 7961 3157
7535 12957 10611 12957
5291 1408 5475 1558
11808 12747 11812 12852
7034 1403 7347 1523
891 1965 1022 2416
5822 5159 5983 5858
2930 8919 3070 9023
12667 4939 12672 5846
3859 5014 6160 5019
9599 6347 9666 6557
12408 8105 12453 8407
3131 3359 3203 3561
8478 2297 9482 2394
304 12937 304 12947
12910 12621 12917 12780
169 482 249 1294
3340 4624 3434 4894
8450 2842 9646 2893
8130 2721 8134 2739
12701 9984 12707 10414
12942 2379 12942 5259
5812 12829 6402 12836
10301 11679 10337 12018
4461 596 5325 683
12620 12593 12766 12604
8278 7156 8439 7360
3694 371 5993 376
4058 3599 5421 3602
12863 12512 12864 12534
12806 9345 12807 10893
61 7812 62 9013
8223 1574 9581 1656
1354 623 1483 891
3111 12743 3301 12769
9062 4137 10078 4159
3244 3918 3917 3952
4087 3488 5521 3571
4891 12943 5211 12945
539 1656 1216 1677
12844 4747 12879 4822
12677 12635 12733 12650
12859 12922 12903 12925
12647 12538 12864 12551
12847 5770 12864 5779
5790 2136 6061 2186
5968 12886 6331 12889
12864 3821 12868 4320
3763 12700 5088 12702
1921 14 1927 1055
12686 11781 12702 12443
12736 268 12873 325
12335 10707 12344 10768
10182 5030 10240 5852
8916 2135 9537 2140
1828 12109 1903 12149
11275 3901 11500 3957
4995 276 5130 303
1997 8156 2008 9233
10253 349 10297 629
12514 4430 12554 4770
95 5911 135 6338
4230 12954 4770 12954
12884 11900 12887 12013
7089 1011 7554 1066
12586 12781 12656 12791
12852 9014 12855 9081
8944 5283 9186 5354
12597 12506 12605 12536
12737 8407 12742 9155
12541 10227 12545 10605
8245 12309 8309 12310
5025 4126 5148 4146
12958 8434 12958 9005
12485 129 12515 467
9272 8171 9526 8289
12707 12296 12756 12320
9208 781 9988 796
279 279 281 7894
8131 5822 8218 5909
6945 12894 6981 12912
11769 4593 11805 4598
12744 11275 12749 11538
9950 8968 10053 8981
12518 8908 12521 10657
12284 12702 12565 12710
6859 5261 7476 5292
4998 12947 6373 12947
852 10231 876 10990
11767 9981 11774 10875
5336 12336 5396 12354
10076 5887 10153 6423
10278 5620 10306 5794
9692 12251 9730 12602
10250 5512 10307 5600
10277 6847 10318 8695
3222 12357 3237 12453
1676 6092 1680 6652
7165 1627 8128 1642
12538 9990 12546 10053
5711 3055 5763 3194
8766 7944 8823 7976
11925 11553 11949 11951
701 11474 809 11548
5307 6409 5319 6621
11717 7888 11729 11732
9049 2416 9760 2416
2215 8888 2256 9127
10681 12932 10706 12943
397 11785 688 11833
12885 12484 12887 12504
12384 7859 12387 8421
521 12774 1948 12781
12783 10232 12800 10971
11833 1933 11875 1982
12847 9876 12885 10088
1449 6745 1453 7489
135 10863 168 10895
12525 12132 12526 12232
9304 167 10036 234
838 12387 968 12483
8220 12432 8338 12513
1317 4832 1958 5185
9297 4 9484 12
3218 2469 3525 2501
2604 12523 2698 12586
4283 7480 4353 7634
12922 12563 12922 12835
3121 1394 4072 1452
3806 12759 3942 12778
4929 3258 5068 3274
11763 6833 11765 7430
12223 7050 12319 7090
10047 3822 10494 3840
12434 12840 12629 12841
1193 4834 1220 5039
10874 2048 10914 2477
12843 4980 12845 5790
9772 9565 9780 11707
5118 6980 5279 6997
5356 12450 5445 12506
1805 11860 1864 12034
8115 12441 8150 12454
245 12093 447 12123
1999 5502 2081 5740
11977 11697 12207 11723
6084 2628 6098 2765
3983 7470 3987 7574
7106 3490 8703 3506
1307 528 1368 556
9730 8134 9965 8227
12864 10295 12864 10922
679 9547 711 10353
8624 12769 8850 12873
12885 4489 12893 4489
5535 12865 5613 12891
10260 5180 10318 5296
3705 6938 3837 6946
11986 160 12027 739
12722 12793 12722 12823
1609 8507 1725 8538
12601 6390 12601 10221
909 11239 973 11940
4261 2606 4296 3004
12886 4868 12888 4907
2938 9701 2994 9959
12924 34 12953 297
379 6502 620 6535
5865 12948 5984 12949
8152 2344 8305 2390
10387 1823 11102 1911
2056 8069 2075 9294
9999 4798 10001 5103
9568 12956 10721 12956
12925 12438 12929 12838
9983 2591 10115 2900
5866 12881 6256 12881
11765 9324 11783 9611
6532 983 6845 1171
12504 11843 12521 12324
2183 12896 4428 12900
9761 5403 9808 6567
7513 12890 7890 12893
12027 12953 12138 12957
11762 4847 11780 5143
11961 12773 11988 12780
324 12271 417 12282
12837 5412 12837 7222
11757 9886 11761 10985
3237 5146 3386 5556
4568 12919 4889 12922
9911 1223 9973 1563
11726 11826 11727 11979
12548 9658 12548 10047
12670 12605 12806 12612
2089 7900 2092 8999
8482 12645 8521 12666
1467 12574 1976 12585
11666 34 12382 36
10070 5036 10169 5199
4050 7440 4051 12112
6547 4037 7384 4083
2027 9492 2171 9626
12477 12754 12495 12762
10869 3059 10909 3284
12646 10148 12668 10273
9171 8491 9556 8494
9953 12690 10196 12725
2906 12738 2959 12751
12920 6486 12920 8172
12680 10283 12696 10682
11755 4331 11756 4626
12925 11201 12939 11208
12426 11818 12516 11839
10024 9881 10064 9901
8506 12563 8600 12590
1806 12668 1928 12696
3526 3140 3894 3266
8079 12381 8295 12390
12754 12946 12759 12951
8891 12761 8898 12942
8662 99 8759 443
419 1124 959 1536
201 5426 247 5463
12791 7152 12795 7829
5606 7133 9590 7133
12919 12892 12923 12931
4405 3665 4422 3686
12570 12078 12570 12094
12320 115 12402 187
11535 2421 11844 2475
4078 12929 4186 12931
10062 8395 10265 8477
5295 12951 5365 12952
11672 12929 11792 12938
12800 9447 12803 10035
8002 4149 8823 4183
12558 6689 12559 8683
12681 4891 12694 6376
12585 4365 12592 5310
5956 7157 6712 7157
12321 10894 12437 11037
3294 3954 3591 4017
12071 12495 12274 12514
5585 1362 5880 1374
10292 1233 10325 2011
12953 12341 12953 12368
9672 12932 9676 12934
12217 5397 12252 5444
10033 9306 10044 9709
8365 5436 8399 5867
6848 7792 7426 7818
6377 12282 7522 12286
9849 12737 10075 12751
12858 10230 12863 10389
12789 1242 12797 3034
12646 12793 12657 12826
12589 9292 12600 10504
12472 5135 12509 6053
12655 5071 12657 5894
12300 4832 12310 5101
4246 3731 6886 3752
12647 1779 12652 1981
4274 4781 4776 4861
11854 2834 12070 2888
2975 12178 3095 12278
12674 11819 12685 12320
2280 12881 2905 12882
12890 11334 12891 11395
9740 11885 9745 12603
8672 12714 9003 12721
12847 8354 12851 8379
12902 9718 12911 10251
5925 12903 6045 12904
2702 11662 2891 11862
12783 8489 12783 9425
4052 12170 4105 12177
10334 10568 10337 11223
10327 12137 10327 12383
6208 4856 6211 4901
12553 4773 12556 5737
12928 1412 12934 1863
766 9326 857 10225
10400 370 10426 863
9912 4762 9953 5278
12137 6662 12171 6679
11149 23 11800 31
1199 11061 1203 12474
5562 12923 5832 12929
8759 12326 8786 12393
12302 11692 12561 11709
12769 4252 12777 4400
420 12370 500 12383
892 10104 933 10220
27 8828 53 8982
11753 12847 11805 12850
8257 1062 8547 1224
7424 4751 8135 4767
12951 9830 12951 9937
8677 1061 9063 1068
12507 4606 12507 5062
12741 11778 12742 11905
12418 12146 12465 12201
7271 12952 7341 12953
1110 1987 1134 2555
12067 7549 12073 7977
12760 12723 12764 12733
4157 12950 4158 12955
12778 6038 12784 6416
8949 12951 9227 12951
6474 12445 6846 12449
4052 11046 4068 11256
12396 8414 12410 8764
3146 5683 3315 5888
11822 4121 11824 4370
12912 8301 12923 8668
5404 12338 5574 12339
12851 7769 12851 7895
9953 9248 9988 9743
11401 3387 11405 3567
540 11866 639 11942
3629 11034 3691 11692
9802 12383 9828 12424
3795 7246 3817 7578
9215 3026 9416 3056
4660 6251 4871 6255
8712 7147 8932 7159
6177 5766 6320 5782
12632 12869 12646 12909
12823 3373 12860 3448
12758 8817 12765 9627
12517 11774 12565 11780
11902 12953 12015 12954
12061 12400 12222 12436
12692 8735 12692 9683
12206 7834 12231 8093
12521 10858 12553 10889
12926 11319 12933 11359
10313 12593 10314 12842
12923 6174 12925 6428
490 12922 1681 12931
3316 12389 3386 12460
12693 8876 12695 10226
4376 12758 4769 12762
12055 12377 12059 12428
12565 7998 12566 9166
12456 4947 12471 5936
12959 11993 12959 12122
5714 12711 6032 12766
12287 12103 12457 12105
1971 10680 2010 11313
8950 1873 9279 1919
10781 2178 10867 2387
4407 7169 4499 7350
7759 2396 7851 3111
12944 5782 12947 7355
12797 5254 12799 7856
723 4502 966 4796
12262 10568 12284 10912
12851 10208 12856 10280
3864 2585 3987 2687
391 12708 580 12753
668 10914 754 11385
8269 3652 8918 3660
12959 8486 12959 8569
12821 9588 12830 9671
5619 2379 5856 2452
12673 4729 12675 4876
12835 9198 12842 9229
3069 3233 3299 3341
244 9946 367 10151
5923 3520 8185 3534
6985 8035 7351 8052
12697 9943 12697 10294
12300 9659 12369 9765
4080 6880 4145 7976
12858 8705 12862 8986
10935 3124 11006 3536
12565 3055 12770 3110
12294 9567 12346 9590
12042 164 12082 959
6173 525 7088 560
12529 10948 12556 11072
10350 674 10385 812
12956 12500 12956 12500
4014 6028 5610 6031
3038 10857 3544 10861
4974 1826 5327 1827
7976 7556 8045 7716
5368 12611 5404 12742
387 2750 403 5476
12552 1796 12635 1810
12582 4022 12804 4043
12808 10187 12809 10475
11921 12745 11924 12749
8121 7561 8244 7696
11678 12895 11706 12897
12541 4776 12543 6836
1255 1786 1290 3144
4751 1890 5288 1924
10847 3010 10853 3033
377 8587 385 8793
12593 7338 12598 9274
12903 9571 12916 9594
4769 1853 5131 1882
12943 2897 12945 4579
1536 7934 1672 7979
12422 9750 12427 10139
8897 11357 8912 11929
2100 1103 2193 1290
12835 4875 12835 6605
1962 2566 1979 2923
12066 8287 12073 8455
4865 8035 4961 8155
3712 2468 5278 2497
1456 12904 3841 12905
8900 10065 8904 10970
2382 12944 2618 12950
9952 6598 10074 6684
3310 4123 3555 4180
809 10293 825 10805
4479 12773 4833 12776
4927 3417 9500 3430
8316 12522 8607 12526
2439 12893 3870 12893
12879 12931 12900 12940
1681 12562 1756 12567
12842 9848 12846 9946
12840 9666 12844 9768
12303 1980 12313 3041
2925 7433 3052 7434
12942 12893 12948 12907
11823 12846 11826 12956
11049 3275 11276 3305
9402 12950 9666 12955
6066 12413 6161 12419
12807 12942 12840 12949
12200 11866 12477 11886
12249 12626 12278 12626
3397 11505 3400 12142
12228 4437 12266 5038
3542 12718 5186 12727
6223 12958 7073 12958
6007 338 6160 465
12695 1863 12738 2152
3995 5797 5309 5858
2409 12957 2865 12957
3134 12070 3240 12208
8940 11189 8945 12257
12542 12125 12570 12178
1925 12912 2096 12927
12644 7783 12644 8120
6050 169 6057 291
4738 12276 7359 12280
12921 11600 12922 11978
12855 11033 12855 11086
8775 499 8882 524
12105 12952 12165 12952
6147 7193 6272 7335
5209 3041 5709 3193
12437 12778 12462 12783
12548 1822 12577 2114
5667 2209 5715 2300
4631 3707 6010 3722
12931 1916 12932 3011
8482 767 8524 902
3951 3495 3976 3656
11868 12755 11953 12803
11855 2792 11889 2814
8299 12921 8420 12929
1146 9733 1177 9759
12892 10446 12893 11013
12517 6578 12520 6618
11914 4027 12467 4036
7617 5936 8200 5989
7732 6021 9502 6026
11727 6886 11755 7826
3038 5339 3050 6310
119 2075 130 3341
12959 3504 12961 3555
1472 7980 1555 8392
4550 7145 4596 7624
6863 3024 7047 3154
10848 3442 10864 3464
12456 16 12861 45
5376 12943 5499 12944
9066 8613 9086 8659
4727 868 4737 919
10369 1211 10381 1784
12908 1600 12909 1796
8900 181 8939 376
12045 2144 12225 2266
12752 4421 12755 4443
6315 12905 6320 12919
2205 9838 2207 10603
12819 9807 12837 9874
46 1022 48 4976
7575 863 7839 1129
11745 8069 11768 8577
12269 12234 12358 12243
12903 10414 12907 11272
3118 11346 3122 11941
8092 12895 8164 12907
7224 12949 7394 12949
427 6649 560 6912
10943 1974 11000 1983
12738 12909 12740 12912
8704 4728 9014 4732
4057 6539 4365 6539
3320 6506 3805 6534
11666 12904 11666 12924
3227 11738 3240 11823
12953 878 12953 6963
12762 7326 12767 7342
9461 3737 9761 3777
4956 93 5101 164
3843 7534 3856 7721
11488 12939 11687 12943
12236 2105 12265 2227
12279 10261 12369 10318
11961 2959 12122 3075
11714 8171 11716 11579
12024 12746 12063 12769
14 10384 430 10519
12213 6764 12217 6799
3815 4104 3867 4183
6943 12931 7011 12941
12867 6789 12893 6828
4411 12930 4662 12933
12728 12937 12868 12939
12956 12799 12957 12889
876 9393 910 9832
11802 5163 11819 5399
12794 5675 12794 6624
12941 9663 12942 9703
11061 2898 11415 2919
12787 12957 12857 12957
9235 360 9955 395
8370 3455 10139 3456
8550 12762 8594 12845
12959 12960 12959 12960
5756 497 7915 506
12643 5382 12648 5893
7464 12424 8523 12428
7385 12376 7394 12388
12528 2500 12557 2912
8214 5507 8299 5541
12481 12720 12496 12745
9675 12482 9682 12643
11762 2735 11781 2868
7908 12282 8317 12286
4157 7735 4179 7805
4648 7283 5210 7289
12937 12267 12938 12533
106 6965 169 7349
4304 579 4414 613
12337 12422 12338 12622
12654 6188 12674 6269
12141 5756 12162 5786
11827 11141 12058 11150
11145 12847 11242 12848
1605 12605 1629 12660
614 11962 681 11962
5202 12652 5224 12774
909 4947 914 7086
10305 10815 10323 11473
2195 5359 2221 6513
7367 12894 7378 12915
12653 12894 12653 12904
11804 9454 11815 10566
10321 7806 10335 8606
12740 12871 12748 12895
8448 12649 8461 12915
12852 4449 12863 4456
12912 595 12916 3119
12761 12913 12778 12918
397 1748 522 2090
