97343 1184
25116 31504 80260 48747
61337 90118 83128 90121
22643 68855 48705 84505
59357 77455 84711 80580
91095 811 94486 61402
94958 28944 97001 67901
96935 87695 97283 96390
67673 12037 86845 30501
55910 52512 66677 56851
87864 91677 95347 93144
6950 49661 34309 57644
13799 85192 33649 95991
80495 38383 82616 59522
18735 1953 43921 12775
88235 5779 90192 45746
82765 96979 83036 97187
22955 96120 54714 96192
55271 69901 55516 74162
87874 84732 92570 88563
3130 71480 12886 88689
49687 81513 58764 92630
92647 88078 95698 90415
63065 95138 64746 97054
30601 17283 42432 17683
56865 63404 88216 77047
6722 21047 24924 30047
96012 87607 96177 95586
62912 85837 84757 89388
20772 96661 24103 96760
49643 93743 62052 95277
74067 8002 75607 11939
41033 96325 49115 97193
93484 70246 96697 75275
76079 90791 79096 96852
60081 82179 81827 82657
56866 57269 66070 59530
96859 85289 96894 96455
41626 53283 51992 64175
68071 90194 74877 95677
79590 95562 92708 96262
97010 16971 97154 37454
56279 5921 61411 15861
80178 61486 90791 62140
68827 53927 72026 61205
91296 76815 97011 83834
57137 49084 64676 51053
31085 28193 54887 29066
77624 61618 79525 62769
20970 96022 31671 96081
5810 33287 20823 36379
88375 74929 89812 79034
88592 96730 92004 96943
73367 5162 81947 7012
15220 12875 27063 16421
26683 26672 35604 27935
14557 64040 33291 67458
75998 55647 78138 58471
4836 97082 10944 97266
94738 96303 94865 96722
20116 69958 20612 79393
46669 17457 64344 18082
88964 94351 94321 94689
95489 90950 95877 95779
1142 50582 2392 70008
97290 59238 97291 95043
43887 90119 47264 90639
83814 55855 84685 59161
36848 95990 50728 96087
53019 51430 54950 70314
97322 11318 97342 68354
85930 62976 91766 63061
96528 96581 96610 96826
82411 90983 86455 92963
3519 11084 3926 52289
41018 19594 58338 23715
94680 5550 95193 18189
82060 93508 88314 95120
85150 81261 85768 85218
18984 97277 58140 97339
9110 69847 11712 71001
94623 36710 94895 59775
8623 58839 13898 61503
69513 82915 78997 83814
90236 70116 93249 70782
88688 90957 92656 91079
1846 4709 12013 6912
76640 50953 80423 52111
62481 94944 62484 96975
87072 320 87372 12439
87099 46153 90396 50153
38494 93473 45261 95030
5158 38213 8581 45200
40300 84562 45183 85413
85644 89221 92547 89361
36891 95854 47877 95986
8607 95750 11646 97061
61651 95522 62210 97108
83997 96329 90107 96604
97097 9146 97226 15158
97267 35667 97268 58417
6510 67131 8506 69553
18423 59490 30449 59729
91134 70960 92074 72503
86225 37239 86497 60854
82146 1931 84921 2927
95524 12396 96176 20370
28098 21384 31948 24266
76800 50144 76806 50687
71847 96346 72255 96946
96558 23422 96939 23545
93796 65439 93933 69567
892 92351 1396 94522
61408 92532 67136 93383
85751 43235 86039 61436
17849 96843 26677 97139
96468 84138 96528 86896
88712 63092 92618 66930
93995 96809 96195 97073
16184 1074 59248 1477
4969 30593 66673 30811
94663 61723 94882 65044
76619 59680 77351 60658
59093 88183 60862 89313
86176 82945 88073 84413
84260 90494 86337 90826
14729 71747 18165 84256
96572 84005 97060 84832
38777 86555 49249 89522
97317 78084 97334 86122
38054 59635 40767 64228
86174 97229 94018 97288
84756 77576 85084 82313
90319 94695 94680 95197
55847 27433 57282 29226
75265 84005 82631 85545
82826 96643 84512 96791
82725 62221 88239 62499
49757 96197 53966 97271
37630 84547 37862 92427
36589 24646 65546 24861
90236 7936 90411 45963
84001 34241 85333 55689
2615 90537 8221 93547
96617 17514 96839 20240
83421 2950 84411 5065
93173 84076 94111 84852
82974 56158 83376 60465
87217 18032 88078 25659
96305 94748 96848 95662
56310 61228 56415 65747
85786 78184 87100 82072
11808 97270 28118 97275
52248 9137 54257 17210
29256 96771 35416 96867
12239 93709 12573 94128
52196 75599 53033 78264
63539 90647 66526 91195
53460 95407 55932 95606
97229 9371 97319 11755
35231 90553 35744 94833
97293 95675 97340 96815
13514 97192 27272 97260
97168 46059 97260 68367
3952 11281 8927 19572
92362 96331 93017 96745
674 83738 2537 91339
96298 93138 96693 93426
95654 83983 95742 86966
13747 67502 39685 68824
94276 95913 95099 95938
55313 8903 55954 9489
21882 20480 28184 20923
33183 58465 34125 59705
12016 89210 12416 90214
79217 90427 81352 93368
9170 93423 10540 93503
5089 94997 8333 96501
2752 61614 19330 63502
94364 84380 95250 85513
35536 17726 44196 19537
70076 96947 72257 97102
983 78189 1098 78511
67200 95097 67226 95659
70440 172 71630 2706
87377 8809 87825 13630
82131 90324 85891 90397
61160 87880 61281 88835
95949 72 97272 8458
38690 52624 43412 53111
93607 95341 93782 96074
96686 85348 96779 87613
82157 31153 86206 34077
85706 95205 91030 95550
95425 25326 96887 27896
12081 37660 25000 44618
90477 9523 90647 57358
90679 93239 93989 94319
56837 60932 66449 63090
93086 96314 94266 96671
54812 95920 60544 97236
33468 65577 51970 65598
34394 85406 34580 87330
77347 97329 96169 97341
71752 3801 77000 5150
97305 74170 97310 75481
34715 54394 37751 60729
56240 77826 56396 78002
10814 66876 12844 68745
90350 97315 95729 97328
6580 31103 10635 32202
66306 94843 67093 95443
87121 90400 92480 90799
55012 56272 55449 64170
60313 97305 62262 97319
54503 25816 60063 26749
86047 2083 86295 6152
2921 19296 3232 57915
58983 81571 61817 81637
93235 96752 93899 96999
70303 7469 71656 11351
84715 97301 87972 97322
37906 92589 40265 93058
91039 79743 91154 83803
44244 7451 47467 7588
22410 61275 32308 63117
97213 83460 97264 86018
89246 55020 90426 57684
21598 96339 31726 96563
63764 80636 84684 81865
77841 10613 85655 11694
42510 92195 43620 92940
87066 52471 89326 53205
73490 60352 74112 63283
66318 1652 68935 1848
9629 7190 10519 14824
60148 92472 67003 92504
38230 92092 39513 92386
75722 91769 76050 97206
69080 97224 76634 97339
88776 62143 91152 62461
82977 96816 84037 96943
66767 97177 67860 97342
60117 82701 65652 85647
12922 75349 13052 85590
61708 7706 67990 7944
79796 93828 80870 94085
93704 97160 95846 97209
3635 95722 4318 97119
44254 11145 46294 13153
15593 18108 28497 20443
19279 75009 19629 75885
84191 8256 84857 9923
92447 70992 93257 76743
22163 96794 23700 96842
35809 84707 37622 87486
45742 91342 48580 92769
65085 14396 66368 22839
64358 13858 64744 22922
43324 65091 47548 65413
29865 13684 39708 16776
96666 96648 97167 96969
2433 78216 2806 81237
96734 89301 96761 93113
19536 81439 21317 85082
34317 89618 35866 90353
32844 97006 34327 97093
59308 18951 63587 21664
96531 9700 97052 12885
42983 26753 61837 26781
16390 45694 17487 48457
16 73535 2707 74580
94223 66081 94835 68737
243 84911 519 85209
95665 86981 96624 87493
95266 95420 95267 95853
90797 76251 90819 82875
81318 89569 88984 89871
80875 93842 81626 94340
86461 96958 88854 97086
43983 10159 51377 10696
97188 68725 97244 72874
97123 71268 97187 77493
67190 95905 68090 96280
87382 77666 87703 77946
34787 92825 34966 94543
33607 61538 36786 62293
48711 68598 50745 80475
63311 59743 64500 60769
97024 54153 97068 68043
46512 49381 54197 50010
95194 11405 95307 21296
92923 62134 93379 68043
12931 2903 18494 5323
90578 97102 92698 97112
4475 7779 6831 10741
89131 91288 94947 91400
92650 86443 95258 87060
88461 79698 89289 82348
35688 96266 37047 96319
97178 15950 97179 44292
87347 29540 87399 36176
71753 96028 73485 96156
41697 93269 53295 93464
35913 91592 36686 94899
68583 83918 74417 84854
97340 94861 97340 95267
65205 96351 69316 96778
70183 61250 71223 63037
96906 71067 97024 74535
87496 57820 89615 59796
83228 46918 83561 49184
96139 97098 96312 97246
95034 68837 96806 68936
42720 48899 49342 49153
78090 329 81149 1968
79193 83158 82142 83314
4483 49299 40545 49420
11914 97144 13802 97178
21411 75364 21493 82978
68294 49840 68321 54424
76385 97188 90733 97196
46000 27596 52354 27640
51148 10719 51731 16701
97200 78563 97202 79485
90354 67212 91572 67698
95879 92312 95892 95078
11839 96678 20425 96735
89897 59150 90330 59541
12620 61517 20482 61607
95374 97110 95716 97124
62579 93438 66592 93587
97341 92956 97342 94263
97088 52432 97138 65791
76436 96953 82700 96963
97226 20573 97260 38264
69580 51232 73756 53564
87956 77626 88187 81861
34472 95309 34484 95618
31987 96587 36982 96708
74375 49185 75162 57539
97297 35114 97321 46948
90263 77346 90607 82642
88502 50461 89076 51866
97025 46311 97060 52032
52284 95827 60637 95882
94550 63303 94582 63400
97255 87119 97276 87558
83343 36128 83963 37539
10220 94601 10635 95248
85600 86173 86408 87083
13300 69765 13431 87409
90801 96603 91015 96723
91704 73564 92021 75583
38056 90948 42107 91134
54579 93501 60977 93663
39475 85817 45818 86530
63866 89452 69889 89636
82808 82222 83656 84527
95345 84334 95639 85675
78183 52168 80346 56954
97315 87668 97328 90312
51003 64919 51586 65211
86974 91641 87652 91917
15420 17832 34674 17900
87640 36316 87970 44333
90667 21571 90984 24801
94578 4400 94603 25264
97296 64952 97311 68799
94972 94418 95219 95533
22731 30137 48711 30171
27894 96981 30086 96995
96239 89127 96726 91487
95859 75407 96206 75433
78038 97299 80610 97323
55362 67746 55543 69189
71684 89917 72562 89946
69072 3413 71304 6928
88035 31878 88087 41213
97168 77550 97180 78359
68094 8520 68550 11191
10532 13900 13894 16632
88795 67889 92478 67925
94610 93362 95121 94218
90892 97169 91035 97186
95587 95825 96518 96024
94781 87524 95508 87725
58063 52143 59815 52274
86466 84845 86791 89161
88509 72573 89240 73072
97341 76410 97342 81657
51751 92653 59635 92742
72301 96633 74758 97079
79174 92529 79209 94572
97321 3093 97340 10264
44193 50249 52006 51483
95724 305 95868 8656
12195 7727 14742 10084
93554 97083 94899 97107
116 3123 1648 26337
4176 65485 6021 71003
52058 3187 58842 3254
51641 77179 51674 81333
59180 2000 65112 2171
94542 75492 94625 76698
32307 84539 35421 84761
58980 91327 63940 92462
47990 3943 57321 4330
91114 75181 91278 75351
86900 33210 87100 37281
83318 62553 86109 62899
79339 97234 79789 97264
86752 54396 88808 55192
58878 23554 67008 23981
95311 96291 95924 96541
67202 26987 67545 29777
44085 91096 44867 92193
97318 92029 97337 92954
97300 79541 97300 91733
85128 86191 85430 89032
12032 96939 17817 97041
87395 2315 87696 6165
96866 97273 97109 97336
65739 30886 75071 30962
48036 504 64358 654
84134 82349 84761 82999
87746 97167 88183 97170
52840 78978 57637 80050
9668 63818 10063 66264
97307 93663 97309 94888
52155 55477 52227 74300
97084 76435 97114 84660
55969 70248 56139 74441
14686 47697 15167 48138
2197 72202 2816 72821
10354 93891 11466 94143
94187 68756 96629 68766
80750 63188 85627 63217
67044 82712 67584 83444
75745 51177 76458 52937
59907 89665 78554 89768
28545 26315 47036 26603
96285 97286 96386 97334
56327 70660 56372 76890
80075 96455 81769 96830
90916 71257 90946 73132
35490 95672 39135 95777
61458 2212 61466 16087
96367 96772 96509 96790
16643 96435 19529 96663
42315 67689 44705 68432
65266 95271 65801 95534
11222 97115 15141 97134
81385 97041 82474 97182
38613 55209 40450 58395
71868 63296 79976 63396
88302 70229 89589 70271
4779 89487 9124 90472
77679 7059 81975 10197
86352 5831 86600 9945
10010 41464 11935 46835
12822 97265 34114 97266
29137 20436 29508 20530
34946 95150 43215 95376
97077 97123 97270 97199
92728 96100 96801 96203
95426 96601 96083 96701
86779 45600 87019 47100
97302 90748 97327 91445
89592 67183 90303 67668
66149 77175 88236 77195
56516 71923 56842 76701
67336 91132 67698 94570
66486 60077 68556 62082
15850 69476 19288 69641
35029 90652 35131 94327
96215 96840 96421 97043
88320 76190 88322 82159
89618 1296 90649 5283
65358 97255 66663 97311
60711 97339 62061 97342
15633 96084 21643 96168
96400 92572 96418 92645
21180 69609 22223 70085
97286 14850 97321 18272
60146 22904 61386 23064
1627 37863 2153 40638
42803 97218 47649 97243
42058 91215 42439 92098
60828 97171 63013 97177
95736 97257 96094 97288
93226 95224 93272 95967
66308 95539 67067 95820
85374 96832 87021 96903
2993 76378 3129 87418
73767 51352 74126 51793
94120 84500 94171 85415
47029 13104 50429 14122
95430 92402 95447 93354
97211 24053 97214 26351
96774 96348 96823 96456
75224 53694 76623 55441
90983 69782 92693 69884
52607 70698 53603 71714
81700 92067 81957 95223
45023 24937 51901 25375
94787 70183 96399 70193
84794 97067 85188 97129
2489 95604 3059 96703
95958 84436 96031 86239
87015 93214 89545 93498
64422 8192 66109 12994
5058 97318 7755 97321
86683 49979 86933 53123
5120 21984 5358 23205
15766 16929 39480 16976
6339 93749 9366 94930
58110 48852 58894 49045
97316 87192 97321 87438
54789 80950 60987 81352
55407 65407 55481 67433
44455 95465 45148 95639
82897 97250 85974 97287
15645 97323 15932 97329
27964 97170 40605 97232
22532 96259 29512 96338
50296 66232 50732 66674
47165 92860 56822 93231
40743 95767 46627 95838
96358 76232 96774 76245
8813 90697 11128 91640
83313 95331 85102 95455
26664 24560 33053 25154
9200 16830 44510 16845
27239 63782 36679 63911
36406 19954 38840 24076
17008 952 61430 1009
56505 23926 58864 24311
97062 79005 97064 85541
75684 7828 77057 11422
48324 66038 48551 67789
8263 89048 9536 89383
36853 94555 36964 94864
97105 41445 97161 43658
96628 96989 96941 97235
63891 94068 64326 94315
921 39733 1427 43539
31591 63457 31840 63468
68542 48981 72221 50956
23164 33405 24998 34614
85042 97137 92020 97164
91386 67705 92692 67867
40927 62374 41159 63380
46499 93528 47734 94386
2956 94194 6259 94641
62099 26199 63519 29656
42611 96194 44612 96214
33765 96931 38196 96946
80545 32526 80551 37470
89478 81329 89968 83582
90780 27581 90826 60525
53969 73835 54665 76351
67955 56442 68028 58058
25114 22089 25733 23976
90415 27849 90448 49448
61912 86170 62491 86521
64637 4652 69051 6411
35852 49661 36000 49733
50891 7923 52691 8418
45378 94392 49300 95629
94955 97215 95717 97308
81667 60572 83593 60616
18479 49119 20137 49167
95490 69935 96938 70064
34227 85255 34271 95652
12584 45519 19461 45676
67489 96914 67778 97176
66569 77101 71706 77136
36441 88567 36664 89431
95747 10712 96224 11137
58954 97274 60955 97293
89214 73656 89925 73660
33750 65712 36062 66508
92711 85548 93154 85846
73024 58920 75374 60131
30372 96996 36835 97000
70932 95948 71678 96205
43560 95722 61638 95725
79576 96676 79801 96901
25204 63341 35495 63446
90553 89424 91564 90007
91029 97301 94519 97301
44387 65725 51166 65827
54511 7105 54840 7710
88150 597 90626 717
78947 58987 79916 60113
93056 90721 94388 90750
94926 23529 95128 24547
97151 57470 97158 67125
91004 26443 91054 59446
34982 64616 44690 65039
83127 84647 84099 85590
36884 97073 39488 97158
11 96620 2070 97138
94621 21460 94759 26441
1189 95637 1617 95653
16442 85086 19142 85137
46554 11982 50025 12794
58592 60012 59623 60332
97261 20138 97266 76849
94050 69759 95095 70158
65087 94738 65309 95258
41576 30861 45761 31242
51031 75653 51619 77388
5085 45446 5261 47835
58951 92835 60421 93142
55398 93285 59347 93334
66 30056 1015 35779
38033 91552 41145 91820
80923 59612 81177 60150
40737 66935 44491 67679
36073 13034 36133 13652
97312 53608 97319 55850
61779 89479 63795 89654
95538 10058 95696 10240
49961 1488 59041 2000
79883 31013 81373 31160
96265 96633 96454 96766
94350 85729 94993 85764
14062 6168 15006 7369
22026 45567 22951 46025
94872 96315 94936 96767
86824 85846 87669 87076
62038 10859 63881 11542
1903 97291 12613 97313
53075 5144 54076 7588
53858 2764 57098 2900
39703 802 40183 947
89009 96984 90419 97040
96258 94516 96637 94524
94499 23387 94558 24264
46128 64990 50748 65046
12347 96256 19098 96403
54915 78619 55174 78839
82008 90435 82665 90842
97341 95446 97341 96788
97300 26376 97321 32029
66636 96815 68280 96880
11714 31251 68559 31251
64295 28600 65218 30548
85990 88131 86349 88961
86221 93133 87721 93177
95312 76505 96120 76591
75623 3275 77263 3283
69375 96410 69885 96443
52896 51915 52934 56638
96794 92140 96858 93599
96802 70180 96823 75241
27426 84507 28274 84721
64289 97314 66507 97319
4457 35327 5156 44238
6908 1051 14475 2826
22114 46452 23796 46859
87882 25987 88162 28012
95513 22364 96555 24629
74921 90389 75448 94277
97294 48867 97295 69446
17515 97141 26251 97166
50902 74195 51798 74368
87728 90114 89255 90201
91339 88773 92334 88900
6787 46933 10526 49239
3398 57564 4072 61280
69789 31139 71162 31392
29917 25319 39870 26097
65655 85065 74839 85608
76113 90130 76904 90221
57178 77655 58963 77916
79312 93705 79574 96602
4289 27901 6596 28265
96092 70101 96739 70157
38106 50068 42958 50080
87978 96291 92211 96303
1386 75914 1619 81101
88080 97306 89098 97318
95699 87605 95952 87987
37916 51221 38673 55047
97078 84942 97168 86106
19550 81345 20750 81386
97316 68034 97321 70229
55712 50430 55830 70055
54418 80654 59765 80774
93924 63741 94419 64459
23746 60042 25227 60883
96769 88340 96777 90638
36718 31493 47174 31501
22136 96101 51286 96108
10252 3422 11470 3957
22090 70311 22249 81656
97312 75478 97312 84464
96890 28526 96994 28729
2437 17433 2892 22827
35572 50729 35776 53956
86210 31052 86451 36683
20673 70462 21083 80838
97270 37444 97270 54315
46331 8105 50666 9016
82766 54601 82848 57743
67841 91860 67862 92210
60764 77231 88095 77399
85344 85787 86424 85826
4161 28464 6577 29715
72075 56893 74300 58020
83146 93253 86149 93299
94509 31848 94539 50675
76961 49042 79241 50309
78105 89902 89970 89902
376 70078 1117 70412
63678 56972 66818 57049
90708 239 90712 21183
84041 96278 86888 96322
94618 28284 95598 28549
88989 94700 90299 94739
55032 74980 55686 77965
22350 84899 23386 85003
45221 92863 47123 92963
95377 12641 95523 20292
6087 54143 6754 55169
97134 46670 97160 48858
17075 48906 40917 48960
88321 83689 89545 84222
49682 48799 50311 49218
65696 25363 66260 29106
24488 30252 63263 30320
35150 60770 37242 61366
77732 90354 78555 90364
52019 5494 52865 6055
97199 74035 97245 74074
54898 7366 55063 11997
89877 88927 91368 89081
53275 71868 54248 73659
18274 59052 18787 59067
46391 85707 46965 86081
69569 97032 69729 97079
97225 79819 97268 80889
56224 25185 63879 25223
94986 96266 95201 96360
11668 97281 18842 97284
88125 8347 88171 23299
69156 96022 69604 96347
14046 76606 14320 76924
93837 97109 94969 97148
83714 82608 83924 82709
89956 69157 90164 70669
45982 18864 54968 19500
97279 52719 97287 53804
47186 25909 51591 26219
13571 57785 32765 58280
34779 85232 35236 86997
97338 87749 97339 94043
94784 85998 95203 85998
96288 9050 96488 13112
72442 1096 77172 2607
39698 51509 46540 52202
62713 3046 66053 3529
85481 50311 85685 56955
97134 80162 97207 81708
88150 62596 90230 62844
73216 7092 73997 8676
79422 97144 81348 97167
24185 63500 26095 63549
45053 67532 45472 68616
90295 96371 90470 96547
96794 67989 96900 68693
88875 68484 89823 68948
90271 50360 90447 54910
88004 51565 88463 52257
84789 82441 85121 85002
34074 97267 45887 97271
5453 36701 21654 36955
89593 50737 89976 52366
79902 94372 80568 95052
53984 18251 61330 18802
38421 87755 38668 90830
93493 97169 93510 97188
40870 54231 41391 59910
87938 1608 88557 2947
62337 2386 70295 2581
66010 91305 66566 92048
97194 96824 97252 96994
96975 16808 96988 23385
408 88307 591 91228
60531 21925 61275 22493
68818 7731 69613 8406
87864 91429 95090 91501
67606 83747 68634 83790
49087 1915 49213 2202
421 36955 1094 37466
97013 55722 97019 60761
4323 97286 15618 97290
80900 95065 81531 95330
9286 88733 12514 88944
81583 1059 86768 1802
33883 89823 34086 95972
51411 2100 53989 2329
59342 16328 64057 16804
74337 96280 75261 96581
29832 20287 34376 20352
44313 13636 46601 16103
85337 41679 85423 58463
97287 89674 97289 95399
84491 4622 85052 5157
23269 85015 24566 85038
15862 59630 16722 59759
76171 7303 77148 7656
80712 32588 81728 34632
96216 13393 96290 14900
68213 95690 71726 95872
95096 3009 95523 3176
59701 1064 65205 1267
18261 74413 18434 82872
95485 4862 95537 9412
90449 68620 91775 69051
96954 13045 96995 14071
13198 87860 13778 91469
28608 28363 29687 28937
56164 50836 56301 51071
90045 76645 90198 77544
62947 97122 65691 97136
93508 63870 93645 68583
58939 86770 60533 88030
1640 77209 1856 78419
46266 86181 49103 86394
94586 28428 94603 61962
65864 94162 66141 94250
92856 95396 92904 95554
88486 60661 90636 61397
39684 93259 40219 93442
97013 15551 97046 16198
47358 65986 47691 68148
67048 52837 67396 57333
1072 43823 1684 48004
85873 7651 85984 7785
14996 240 20282 392
56067 51646 64972 51775
97265 13040 97282 14691
70074 96301 70559 96568
88599 63737 88603 69774
19154 77690 19234 78596
75421 61689 77227 62808
2867 89183 3682 89947
90608 79320 90612 83408
82899 43402 83320 44492
478 82200 2985 82675
76030 59331 76109 59792
96709 97247 97310 97260
96430 14844 96574 18788
8684 93539 11053 93721
89040 89948 90538 90030
97337 69968 97342 74477
90376 71323 90580 75871
88498 84672 91383 84689
83594 47120 83841 55776
60066 97329 62699 97333
97271 40230 97293 46364
90688 68297 92594 68377
16965 97049 17053 97136
96824 87518 96824 91804
90643 79505 90681 81825
50947 66169 52040 73048
2661 63756 2668 69932
90793 83525 90875 84563
86998 18140 87149 27102
56200 68726 56664 69223
54938 13367 55523 13811
97333 75648 97341 75865
87190 79317 87841 82385
11827 91840 12180 96607
57763 27074 61556 29831
34983 87060 35567 87359
3396 48882 3465 56032
65511 97150 65840 97215
80483 83348 81962 83875
93832 95323 93847 95397
96947 86770 97249 87414
39231 1585 45106 1688
92381 72082 92383 72318
97272 50804 97278 72087
17696 46258 18506 48629
12419 37019 13160 37310
4592 46431 4735 48875
38058 88469 38313 89886
65986 94538 66060 95116
97118 44441 97200 45787
86614 90820 88214 90875
88388 67658 88426 69554
35001 29093 55175 29302
95054 91131 95482 91350
96159 84326 96255 86759
95772 8869 96194 8969
82347 5177 83820 5875
89405 68210 89643 68350
27581 29530 29382 29544
71636 96877 71714 96907
95902 88139 95966 95766
54619 16209 56722 16703
86503 37306 87607 39420
92317 84303 92507 84626
92318 96606 92351 96624
36846 89622 36874 94044
37241 92213 37316 92939
97053 69950 97063 72093
86524 55986 88047 56139
96891 97263 97241 97272
58944 80603 62917 80619
96129 96564 96161 96746
66530 8668 66607 12495
88 37590 591 69117
4247 88845 8737 89004
89311 69301 89638 69932
26081 96698 27861 96713
21675 542 21742 809
79327 96965 81137 97114
59526 89548 59643 91133
82682 45100 82822 49569
97156 19538 97167 26330
40566 90169 42432 90463
66 95202 1623 95326
84843 93354 85427 93489
25073 28032 26141 28346
9996 32935 19167 33270
32963 21925 34476 24219
59639 60052 62029 60419
97312 21260 97316 24641
16175 12134 17269 12751
96508 13005 96697 14750
90331 69995 92647 70045
97299 70198 97302 75355
91281 96978 93050 97007
92668 87389 94291 88001
30138 97104 32001 97166
2598 30332 2776 60143
12373 63859 14125 65039
94642 95397 94736 95539
95282 96031 95638 96069
1660 70761 2025 71770
47056 9245 51502 9965
92230 68701 92932 69222
97285 20478 97291 36328
9956 95436 10845 95494
96349 96302 96357 96607
73760 53874 73887 55190
44362 89584 46925 90006
89969 71640 90032 72167
92670 90847 94992 91269
38953 96220 42540 96294
75713 60914 82274 61019
597 67400 1011 68553
89494 97294 90163 97302
84485 96807 84723 96816
89375 53520 90263 54188
84801 96733 87907 96807
28096 97008 30868 97056
68845 97108 71242 97110
45746 66291 46153 68004
94575 86111 95421 86247
61059 95751 61445 96275
92129 61927 93604 62070
50638 65089 50825 65332
6110 58430 6351 60977
95586 4716 95697 4930
12752 92559 12790 92912
93309 68082 93454 71693
83026 53326 83441 54117
62414 94033 63091 94039
96285 93867 96837 94398
97244 97211 97246 97219
31752 96212 35217 96239
84820 59781 84997 60823
23178 45718 23887 45729
4534 95818 4638 97135
9289 95647 10222 95654
91138 69536 91848 69690
97274 75793 97281 82132
96248 92299 96265 93050
28673 59910 31897 59995
42033 15942 42679 16439
16770 32244 21915 32652
96898 88310 96902 90571
95449 20797 95688 21375
38948 96726 40724 96761
62030 4223 64122 6470
85881 97108 89548 97111
76923 90467 77439 90647
3928 51512 4385 53313
74069 51905 74264 52462
90409 82760 90535 84295
81878 96454 82761 96470
20807 47591 24437 48489
1715 615 6372 3381
45531 1936 47469 3218
46989 25726 58557 25726
37919 55049 38042 61493
42287 97211 43179 97215
11142 89328 11305 90234
96258 91754 96366 91869
11253 93002 11490 93625
95862 21198 96369 21785
69847 61265 70159 61674
86874 30086 86950 32871
72097 84866 72501 84942
38463 281 38558 651
1762 97330 12830 97334
80687 2153 81302 4145
2991 71154 3189 71271
89309 81197 89343 81396
86331 4093 86540 4640
97294 80332 97294 95513
34225 31039 40499 31147
97081 50002 97121 51139
94437 93160 94593 93714
37326 92539 37730 92920
74638 3684 80116 3697
2378 97326 8756 97326
51144 95416 51206 95467
85953 77500 86536 77541
76781 97135 78144 97187
60741 1980 66570 1981
44089 49449 44235 49746
58947 83635 59092 85755
27408 24304 43310 24438
97072 47826 97077 73712
94632 1736 94657 5556
34704 88137 36214 88205
97278 6415 97302 7322
68583 56074 68709 56716
39511 85539 39591 85630
47331 16271 49256 16480
91577 425 92033 703
89112 93941 90036 94040
12827 91631 13573 91852
30142 97235 30178 97238
59367 95496 60537 95590
54676 96549 54728 97180
95257 75902 95699 76327
78786 60483 78851 60798
43431 90132 43663 90314
67968 89779 75533 89820
62908 94590 63252 94842
1983 24421 2536 33683
81392 90337 81564 91736
6261 45413 6480 47740
13897 58369 20415 58708
92672 97189 93246 97199
92306 97222 92729 97226
49294 89424 49682 92403
64964 6543 66826 7368
93428 85643 94180 86358
86866 90414 87102 90573
18604 72966 19655 73507
92211 96545 92349 96579
1639 94218 2271 96092
78650 58002 79280 58194
84886 85217 85029 89117
19085 1594 37776 1762
9396 37654 9595 41185
96519 91693 96535 91908
90847 56225 90948 57541
39188 95429 42241 95607
95173 86257 95586 86272
86741 56478 87046 60331
35393 186 37507 363
6386 3320 6591 4460
63737 63243 66969 63269
25012 96781 25623 96791
95222 4434 95362 7400
26692 96941 27710 97074
81769 95453 82437 95522
64449 91262 65444 92461
49898 29868 61666 30039
97188 82174 97203 84981
76701 96914 79156 96942
96286 92221 96411 92536
13511 74443 13534 81828
75102 96788 75570 97001
80833 36398 82002 37406
86090 39232 86215 39954
92325 89045 92450 89082
66382 14126 66748 22394
66675 26689 67183 27197
92356 89512 92441 89600
1055 35226 2243 36918
59380 51395 67735 51488
74206 62733 75349 63249
17615 70049 19694 71713
79704 159 93052 225
60272 51501 63773 51610
10452 67610 10555 69138
80418 89501 81128 89715
52724 69714 52735 70451
3823 94897 5888 94935
96185 94068 96227 95381
97340 82571 97342 82816
13899 84493 18085 84956
88342 65795 88495 66517
97323 75438 97325 75720
36780 95103 44388 95110
60659 86611 61758 86819
79762 97273 80082 97277
4682 96528 7548 96812
91443 61916 94564 61921
95023 3485 95196 3886
97250 14828 97276 20004
86641 40183 86804 44836
84904 96974 85107 97059
71351 3114 71600 5081
66389 57673 66839 59032
45095 3498 47236 6200
74241 52933 74336 54516
32604 59985 34321 60560
79657 94146 80857 94326
96349 18505 96397 18629
83469 57311 83479 59064
1080 75078 2207 75472
97210 97285 97240 97329
87097 84738 87141 85664
50218 67277 50890 68117
73957 95783 74132 96497
88319 96670 89281 96723
88782 3324 88852 3615
97302 62043 97302 62107
39589 58729 40691 58735
45230 72 52330 92
82772 96445 83568 96454
55534 78500 56665 78620
52667 59816 52757 69474
39342 90533 40806 90588
5650 49887 5684 51294
42006 85593 45385 85788
97141 79578 97218 79785
48321 95902 50337 95972
37284 27955 45826 28087
27758 13569 28570 13828
28179 14502 28668 14765
56020 58689 56626 60411
80836 97206 90804 97209
91411 96472 92108 96478
96871 13622 96890 19697
51912 77432 51970 78180
78027 82796 82016 82831
66145 83636 69487 83703
87720 92305 87796 92821
93850 34 95114 124
97137 67144 97143 69269
87093 40289 87630 45227
97299 95143 97312 95528
97211 37130 97221 41333
38566 64546 40802 64607
40325 92440 41047 93359
95069 96705 95302 96777
97040 69022 97046 81102
72345 60119 72537 62655
18448 49487 34244 49514
41292 62393 41439 62426
68687 96784 68928 96814
97195 31241 97216 34449
37129 61393 37317 63682
436 96009 1050 96015
82888 95274 84397 95279
75580 90227 75622 95655
14008 81425 14056 81923
10805 63974 11160 66667
39759 29540 53120 29833
365 91544 1271 91979
14004 45986 15402 46695
75761 2692 78691 3031
12540 97341 30036 97342
48816 3008 52008 3554
48044 85444 48266 85475
75464 90004 77452 90062
89301 88684 89733 89087
80313 30514 80948 30618
21702 83053 22183 83807
96635 97340 96699 97341
39389 19623 39628 21205
