21589 1134
15055 16563 15131 18409
5518 13928 12378 16551
11725 293 13612 8741
12880 20594 20662 21271
16265 8881 20679 18823
2263 2592 7939 11814
18979 3554 19873 6768
16099 325 17327 4048
16569 7119 20754 8070
14689 19753 15976 20161
20964 14132 21353 14563
14030 15024 15143 15837
8104 6922 8900 9675
2447 21454 20100 21532
20996 19021 21305 19917
7776 1632 8806 2434
11808 20769 12017 20938
1685 14287 3753 16045
21170 5061 21405 11705
9265 6166 9320 12192
19019 19812 20949 20333
13006 19558 13428 20451
10712 13381 12170 13922
681 21504 1647 21528
5590 18190 14194 18323
2737 20755 10654 21272
6665 16672 8377 18046
6805 21545 11556 21582
20831 16610 20956 19742
15217 14406 15720 17264
456 19133 12893 19484
9955 19488 12348 19528
17087 19210 17588 20111
15783 13776 16054 15946
20733 21200 21126 21407
14696 20176 17822 20389
21347 19364 21585 21037
5311 20095 11379 20121
1310 6087 1378 10154
5008 18324 13362 18576
8700 3492 9619 4059
4940 18501 4963 18659
1819 17584 2353 18934
1398 1008 2233 8912
18207 20247 19004 20409
3341 17740 4087 17976
21574 16623 21576 18061
10117 2106 11696 10817
14780 1735 15205 10648
21528 18185 21560 19130
20925 14756 21232 16301
21415 18004 21466 18508
2759 18893 16914 19079
19030 418 19098 1977
149 20152 11909 20534
15157 21587 20259 21587
973 16350 1055 16580
11818 19764 12789 19766
2354 116 5852 2338
21468 10203 21519 13713
12107 8951 14507 12922
7602 21328 8171 21367
14249 21538 15627 21581
3722 12950 8931 13918
10399 1213 10698 1925
15822 8415 21146 8461
21552 1592 21566 6346
20513 1138 21394 2818
4230 20033 8632 20078
10239 21375 13568 21440
20105 21537 20776 21585
18063 20543 20690 20584
21574 6239 21578 6375
21382 15755 21493 16026
3412 17157 4718 17696
20687 8579 20741 13782
20961 21443 21199 21560
14549 19254 17076 19432
12853 15740 13527 16249
181 6077 1098 15503
15779 1670 15798 3100
8577 21431 8814 21446
21452 14476 21500 14982
20798 3682 21436 4573
21581 21139 21588 21312
1111 21281 6760 21453
13350 16711 14277 18179
21533 9245 21542 9548
10286 16934 11237 17696
15757 7979 16151 8408
1761 19878 5274 19924
20513 3000 20551 5813
12691 14972 12797 17354
21426 2508 21516 3138
7015 12265 10514 12585
21580 11011 21582 14734
20942 21562 21109 21565
18133 19234 20069 19657
20987 18005 21084 18171
14169 5439 14706 7537
18430 21332 19071 21386
17393 1532 18917 3817
15271 5941 15351 8305
5237 20674 9599 20727
19275 527 19894 2982
17161 5060 17686 5884
14106 19247 14443 19573
2980 20547 6994 20669
1104 12738 1904 13362
20837 20408 21094 20878
17974 19684 18049 20147
17490 21562 18050 21572
21551 13150 21559 16705
8923 21446 18626 21451
20927 10092 21073 12977
16260 21398 16662 21402
15827 12688 16149 12794
20146 3616 20485 4773
20938 13245 21359 13733
14287 16738 14760 16957
15044 21429 20528 21445
17779 416 18468 1238
11856 17596 12339 17938
14785 19200 15080 19217
20719 18876 20814 19113
21413 5768 21438 5956
21245 21488 21502 21571
21565 16470 21570 18330
5378 21554 6073 21570
21157 17021 21436 17327
19686 139 20648 518
6014 19670 7210 19892
18270 4710 18702 5361
20747 8464 20913 8731
7620 19583 11600 19698
17494 6801 21014 7105
15427 8044 15697 10536
81 2138 302 3900
21483 21141 21524 21179
20821 4921 20903 5513
1363 20895 1688 21121
2514 21585 10434 21585
21491 21238 21517 21332
16096 4906 16459 5827
21219 21256 21477 21483
436 17215 1499 18593
21585 4645 21588 17456
13940 21408 16559 21412
21249 12091 21331 12510
14548 1341 15599 1514
1733 13471 3259 13660
11677 21560 13834 21564
15694 21283 15734 21313
20809 10744 20833 12395
18307 18942 18959 19071
50 19089 18183 19109
6647 43 12561 276
21132 20414 21323 20893
20013 21331 20168 21355
15302 18066 15845 18843
13712 14892 13972 15319
15 16754 29 16909
21493 18697 21525 19228
5615 19824 5768 19887
14576 17271 14666 18608
21242 15002 21302 16874
10361 18591 12076 18728
8302 11332 8941 12243
21560 7060 21567 12718
21579 21381 21579 21407
5594 21584 6211 21584
9497 21346 10096 21363
10697 21150 12423 21332
20979 20086 21084 20404
21361 19048 21428 19098
13846 3717 14761 5245
21519 929 21548 4888
9775 4853 9985 11982
8776 16644 12136 16687
15631 4196 18336 4284
21586 20424 21588 20686
20716 18179 20783 18267
17069 21548 17137 21568
21153 82 21361 456
2115 16231 3192 17261
11778 16777 11792 17934
3926 14784 5096 15915
14583 327 15275 874
13679 21376 15900 21385
20089 8463 20366 8640
13938 14140 14649 14327
14234 20224 14684 20297
6313 15 6395 648
18996 18966 19125 19044
21095 18571 21210 18749
20699 15703 20897 15789
17592 21295 19332 21321
757 15962 1023 16054
8024 4417 8742 6598
1440 10158 1465 12687
18109 5597 18522 5769
20279 1345 20491 2320
14783 10897 14949 11075
21499 7673 21523 7721
10273 19115 19008 19131
12857 21541 13195 21542
15396 12046 15525 13737
16075 21332 17358 21360
21566 12719 21577 15165
20813 13977 20908 14280
8133 19772 8317 19807
17879 21385 17891 21414
20750 21116 21029 21189
9688 13115 10838 13320
14570 11372 15052 12843
16038 16690 16130 18474
20761 11873 20767 13631
20759 14300 20817 14589
11765 9344 11783 11339
131 16792 1161 17212
18443 3857 18845 4347
21517 14685 21549 17424
13632 18610 14626 18875
653 19511 6211 19646
578 20570 985 21408
17780 20431 20309 20488
18124 6151 18522 6444
4186 21544 4258 21561
1825 10297 2242 11909
3663 20748 7248 20754
14427 17186 14553 17715
21374 15171 21431 15525
4470 16095 5417 17077
21527 10958 21527 13397
15570 11679 15757 14091
1756 21554 2097 21568
5413 12785 10459 12851
20016 2036 20088 3932
20844 11804 20873 12141
15220 13570 15337 14125
9184 16957 9746 17922
2990 18002 4753 18240
13082 19269 13635 19299
20682 3831 20792 6254
1085 16349 2105 16696
15736 6883 16462 6949
10784 20740 11251 20980
16204 19758 16799 19834
19284 21560 19578 21585
20716 20934 21227 21037
9685 2468 9998 4593
17874 19235 17947 19498
15266 8611 15329 10394
10737 11170 10881 13100
11065 18876 13436 18889
15496 17810 15938 18059
10896 340 11167 584
8846 18609 10290 18888
21406 9255 21467 13140
14543 20397 16280 20586
16916 4922 16959 6221
15876 13600 16250 13623
4937 17210 6153 17811
9205 1285 9528 1726
9329 4304 9513 6603
12728 21152 12854 21217
18652 606 18731 948
5966 1913 7312 2462
13231 14863 13235 15614
21324 15838 21329 16690
21197 11802 21381 11984
17692 21354 18233 21371
10547 12285 10707 12478
21583 21090 21583 21138
20173 21302 20216 21305
16059 14993 16251 16347
13717 21363 14634 21373
1051 19678 5223 19770
20037 21360 20541 21361
21418 24 21431 791
305 4134 775 6001
14476 965 15113 1181
21575 21548 21575 21562
21528 6258 21541 7006
21027 16702 21126 17764
12531 12986 12634 17665
13625 98 13643 2613
17298 21318 17452 21328
21020 21584 21540 21585
2535 21586 14329 21586
18132 21578 18219 21585
11134 11914 11873 12147
20729 6368 21045 6639
20128 19055 20133 19209
13726 13523 14109 13524
9863 20029 10501 20074
14685 14054 15158 14137
1980 21537 2697 21547
9124 6774 9216 10333
6816 1260 8234 1536
13555 20084 13639 20127
5898 17983 6058 18097
19581 8641 20459 8869
12905 21553 13308 21559
20969 18210 20973 18580
4174 18603 4263 18637
8521 19819 10282 19958
21463 6138 21481 6520
11398 20858 11497 20890
4482 12243 5252 12392
13622 7824 14289 8104
15611 7209 16534 7929
21433 13791 21482 14469
2402 12108 2528 12636
8232 10488 9260 11303
20961 8703 21122 9456
21321 21580 21402 21583
11016 21073 12756 21073
21574 10192 21575 12040
13341 16292 13966 16399
14260 13059 14987 13755
21268 575 21416 1048
9077 16628 9292 16630
17295 6403 18083 6555
21490 3686 21507 6598
20974 13125 21142 13211
20965 5244 20991 5770
2312 13024 3427 13304
21583 12071 21584 14029
20509 19166 20797 19725
19114 21369 20248 21410
13539 14370 13579 15852
7710 21404 8064 21429
941 16202 1742 16344
15762 19559 15897 19627
1074 15515 1254 15870
19000 19759 19143 19800
21515 21380 21576 21411
15467 4660 15892 6839
21316 14856 21320 15393
12180 20264 12663 20339
1176 20968 1309 21035
21010 3232 21370 3613
20882 7908 21165 8105
8624 1350 8750 1626
42 5070 42 11317
14777 19466 16129 19501
21137 6102 21146 6721
13728 19761 14629 20191
10670 20541 11953 20659
21552 8269 21557 8486
21571 15357 21583 15443
21471 1541 21507 2333
19903 1184 19969 4608
15307 2018 15341 4684
21551 8832 21557 12267
21446 16748 21451 17734
19976 786 20598 953
12485 17837 12598 18153
19548 20342 20489 20367
21420 7611 21468 7741
21114 12790 21141 12859
19977 5581 20257 6455
13667 19147 13819 19253
7501 19127 8850 19130
6934 18075 10557 18093
21500 21080 21551 21139
18350 21557 19139 21572
3368 16435 3968 16635
3669 18249 5093 18285
14731 18444 15286 18738
3293 12144 3630 12327
15428 2053 15571 4061
10418 19742 11744 19835
13749 148 14458 1450
2227 11915 4539 11937
21557 21269 21568 21342
18553 18897 20663 18904
19995 1076 20030 1791
18127 19730 18961 20058
11281 19549 13966 19557
21281 17455 21338 18802
21395 16036 21409 16921
12867 13394 13343 13989
15943 17283 15965 18551
9557 13613 10639 13646
21101 10966 21122 10982
18478 8654 19457 8820
21079 11493 21103 11748
16090 21377 17744 21392
1531 17608 1577 19047
18079 19751 18084 19889
13876 19612 15207 19642
7670 769 9259 1106
21458 19003 21478 19074
5430 14955 5500 15196
18920 2031 19189 2788
11667 18039 11938 18176
8430 19535 9981 19577
21156 21190 21474 21240
21576 405 21579 4718
21524 21279 21546 21300
5138 17183 5394 17199
12807 14200 13033 14509
20709 13872 20731 14504
21577 8508 21583 9821
21442 636 21502 1435
8443 17913 8667 18025
16668 4387 17398 4424
19334 18874 19698 18891
21469 7592 21483 9005
14953 16551 14971 18148
19450 8270 19649 8297
1862 20736 2071 21014
20692 16112 20744 17637
21515 3527 21515 6659
20191 1269 20191 2157
17714 19381 17845 19584
21458 4719 21477 5856
4046 14511 5293 14753
21579 18067 21584 18604
18781 5400 18955 6141
21279 21018 21342 21089
8175 9789 8457 10337
2558 13785 2601 14195
5827 11923 6766 12346
13373 20463 14149 20532
21002 5610 21105 5664
15365 8431 15369 13422
8887 5550 9287 6118
13157 19328 13259 19508
18160 21542 18464 21554
21568 8896 21572 10957
18221 21576 19193 21584
21043 16316 21114 16691
141 5864 148 14632
851 21582 2736 21583
4445 19999 12272 20024
15151 21419 20380 21426
8796 564 10771 571
12009 20540 12670 20619
8324 21273 9119 21306
13794 14335 14345 14783
18017 21452 20442 21452
17067 19133 19324 19139
14090 2672 14715 3491
21546 6620 21549 10952
21177 18394 21177 18495
5114 19934 5416 19953
12073 20150 12789 20239
20317 18988 20340 19035
17492 8738 17951 8811
8812 20566 9819 20596
20231 19530 20233 19656
11214 11227 11622 11388
3716 11954 4462 12721
15938 10978 16243 12422
1345 15283 1601 15907
21340 17509 21395 18825
371 319 1322 2218
21001 159 21144 897
20224 21510 20247 21532
21510 21435 21570 21555
21234 18032 21252 18823
20785 8812 20814 8879
12057 21568 12999 21569
10515 17715 11375 17995
9734 964 10333 1188
21169 12171 21232 12713
13480 21584 17043 21584
13500 21324 13882 21334
16822 6372 17086 6960
21011 17506 21020 17573
9528 19714 10175 19726
2805 12521 3014 12931
7425 20572 8692 20619
17917 19538 17927 19891
20775 11553 20778 13989
21006 17855 21223 17954
3239 18419 4109 18592
12803 14868 13019 15544
21090 21113 21370 21141
12815 20587 18775 20591
77 21352 331 21370
19904 19103 19945 19204
15418 13767 15499 13873
21586 18080 21588 18967
17669 6616 18521 6751
2407 18424 3156 18610
9541 7038 9619 11317
18861 4527 18873 4788
16160 14134 16177 14829
15450 14221 15777 14227
1383 16706 1746 16970
16351 20441 17550 20468
16003 8668 16022 10745
17878 4952 18189 5450
6725 21534 7814 21537
20951 21574 21483 21578
9686 4872 9757 8454
13076 16890 13132 17401
14188 8664 14617 8827
20919 8741 20926 11605
16045 19528 16963 19543
21490 18306 21513 18398
6424 451 6860 950
3789 16652 4094 16924
8936 6619 9100 7016
18162 21534 19960 21539
13753 1941 13790 7665
5042 12623 9008 12776
19588 18921 19901 19094
16253 19842 16644 20162
20839 21587 20958 21588
159 18618 1147 18985
10937 1315 11610 1821
2516 17384 2712 18201
21582 4796 21584 8390
613 19895 866 20044
20050 4078 20059 4600
20632 4306 20637 5714
21488 17536 21504 17804
20364 21395 20495 21403
20973 13750 21249 13919
9354 7902 9448 8298
20168 2350 20474 2782
21573 4274 21573 11743
21224 14582 21397 14637
11514 17132 11769 17898
21491 21418 21492 21428
20616 21458 20858 21507
21567 2119 21570 6262
20649 4412 20653 5766
21275 14772 21357 14773
827 3093 1235 3596
14761 16221 14812 17872
13751 21567 14220 21580
21128 21325 21178 21411
21578 16057 21580 17920
18605 161 18623 637
17797 8190 21154 8244
15964 800 16043 1643
3378 19946 4024 20076
20148 18841 20277 18893
18116 18841 19125 18854
15803 12810 16014 13429
14397 8178 14745 8399
20386 21372 20394 21387
21311 18979 21328 20005
18074 20135 18109 20306
17415 19184 18159 19205
15799 8765 15835 9724
18463 21289 18866 21289
6256 16884 6564 17522
7019 21383 7626 21388
8590 21313 9125 21430
18661 5560 18769 5932
11550 12242 12045 12651
19406 21286 20062 21308
6518 18813 8570 18871
21448 6797 21494 7405
17421 8533 17527 8646
4181 14146 5365 14315
9442 8417 9501 12101
15830 21558 16383 21576
18497 718 18560 818
20831 16418 20951 16521
21497 16793 21516 16940
21386 13706 21394 14366
20971 19059 20993 19460
297 21004 443 21047
9774 17133 9785 17779
17716 25 18419 71
16059 10352 16163 10619
8945 16814 9266 16898
3228 13821 3609 13959
20935 7270 20938 7738
20217 4915 20400 5344
1380 9687 2041 9962
8920 20544 9016 20562
2332 20796 2666 21152
21430 7801 21432 8693
14614 1524 15628 1546
3398 21582 6088 21583
8917 3013 9030 3166
21329 18840 21355 19334
2213 21235 2469 21264
21478 16638 21491 17081
2398 21587 11407 21587
4580 21578 5264 21580
16789 20493 19529 20507
21469 17621 21475 18928
15153 15832 15214 17965
15770 17299 15921 17326
5180 14431 5211 14459
8686 2494 9295 2906
13514 21587 13544 21588
868 4943 1242 5231
21567 18883 21574 18939
21587 21487 21587 21584
26 21433 389 21440
10020 10886 11622 10938
1125 10066 1257 11712
11499 19863 12020 19984
18462 21585 18762 21586
21104 10508 21121 10722
11762 18745 12457 18772
12992 17092 13009 18169
20316 21461 20385 21506
20306 19477 20468 19647
18867 668 18878 1527
12664 13755 12664 16143
11789 12956 12264 13220
18449 20216 18695 20229
15216 5457 15241 8358
21001 18235 21094 18472
9681 20617 10040 20745
20941 10041 21158 10077
16116 19158 16177 19159
14895 16154 14909 16334
9878 17378 10018 17838
20909 11171 20910 15055
20140 6646 20709 6650
126 11322 135 15207
1438 21572 3748 21581
11327 18762 11726 18782
19564 19096 19728 19160
334 16114 1827 16142
15297 19670 15506 19683
1115 14520 1123 15173
10998 11602 11112 12902
7470 21423 7573 21443
16937 8073 18501 8179
21534 13375 21536 13482
14423 16168 14743 16482
16172 6098 16824 6242
15373 3608 15387 7594
21580 3131 21588 4333
17591 8381 17863 8413
20160 19056 20459 19157
19540 381 19659 449
12069 20698 12252 20910
21353 15351 21360 16253
17849 20070 17938 20398
15129 11315 15351 13238
19179 21545 19371 21548
7526 18121 11364 18133
16280 8067 16353 8272
14411 21587 14475 21587
13941 15839 14169 16019
16422 21543 16696 21546
6987 12180 8079 12197
8938 17601 9105 18040
5375 14598 5414 15262
7584 21538 11009 21540
20498 5991 20655 6173
4299 21550 4689 21576
433 21562 699 21567
8074 9914 8146 11396
8606 16738 9619 16809
18730 8555 18850 8555
21461 19259 21498 19322
14469 20326 14471 20369
20112 2146 20126 5156
14109 19715 16518 19740
19961 19775 20918 19801
7310 18141 11283 18185
21195 20056 21287 20235
1260 2497 1299 8383
21112 20522 21115 20724
4098 21565 4098 21571
21483 17329 21509 17501
19830 19716 20480 19744
20983 4587 21081 5042
1838 13823 2120 13922
15996 15988 16000 18475
13628 3149 13738 5396
20834 10922 20873 11196
4301 20705 4762 20719
13463 21571 13626 21576
6193 17727 6271 17768
13813 6055 13970 7523
21406 17856 21443 17974
20768 813 20818 1115
17126 4547 17929 4735
20769 86 20957 182
15750 3731 15812 3853
20385 21529 20806 21531
21436 3246 21507 3664
14437 21308 15551 21316
21452 8055 21459 8247
16240 21275 16752 21275
12719 17606 12745 17812
21340 19677 21346 20670
21138 11610 21141 12647
16073 4524 17067 4542
16789 20034 16997 20097
21530 9006 21531 9753
18201 5933 18535 6059
20549 20411 20818 20437
5817 12926 9570 12940
1012 20611 2446 20719
20766 20526 20783 20655
21573 112 21573 3052
20524 21288 20657 21346
21572 5 21572 2727
28 13674 85 16165
13694 8297 13799 8608
2831 19795 5819 19813
17905 8833 19040 8851
20533 21367 20618 21439
13364 21534 13511 21556
17208 21533 17324 21580
20849 16038 20888 16128
21583 117 21584 1732
10153 21350 10498 21369
21407 6949 21432 7070
8901 4181 9267 5358
21556 7255 21558 7717
21403 21075 21476 21087
248 19838 1865 19866
21128 18169 21176 18324
6919 619 7756 661
1174 20759 1830 20808
14619 8564 14676 10883
15835 74 15845 618
21519 17554 21542 17791
20773 17640 20774 18162
15335 9234 15362 11119
12352 21582 15927 21582
7597 19720 7784 19942
14373 17797 14548 18323
15673 19230 16474 19253
21129 11164 21153 11399
10010 2073 10092 5466
21509 4571 21510 6089
15979 4559 16069 5467
20380 5378 20449 6038
2641 2367 4896 2457
8893 9960 9058 10237
21385 19340 21540 19348
9334 21329 9354 21411
20682 15178 20768 15426
12600 21545 13141 21552
21506 8200 21507 8980
14748 18133 14909 18268
11459 17913 11768 17950
17732 5985 17945 6049
16461 21573 17187 21578
21521 12193 21524 12291
1345 21140 1540 21215
20561 2910 20567 4211
21578 11060 21579 13837
21498 16063 21510 16176
21388 18973 21409 19016
20962 21047 21169 21087
21525 9012 21527 9588
8502 4322 8693 4399
14126 14059 14343 14078
3325 21540 4526 21542
16190 21283 16222 21312
17509 4474 17979 4488
21179 21293 21191 21313
13364 14476 13464 14632
5927 1188 6591 1646
17867 8554 18288 8587
15720 8461 15773 9627
9744 11662 9774 11746
12759 20892 12875 20909
15616 17675 15841 17683
1853 20058 2173 20111
9715 1403 10355 1648
718 21545 1458 21569
21356 21182 21436 21189
9663 584 9664 5281
21544 21578 21576 21581
15752 14983 15774 15057
15730 11091 15769 11665
12905 12940 14095 13114
20795 13342 20846 13583
21453 59 21474 552
20625 20363 20793 20379
18746 6157 18856 6741
10354 11508 10413 11876
11180 12357 11180 13068
11997 19815 12391 19819
11841 17032 12344 17324
12079 12648 12097 12759
11228 10968 11239 10998
8646 17192 8991 17370
21518 17929 21556 17937
21581 19237 21582 19266
2294 2511 7818 2581
2723 18740 4947 18761
20582 5587 20589 5961
16053 6495 16382 6676
1149 6416 1255 7927
21244 12792 21338 13085
20691 2888 21160 3216
7211 20122 12685 20129
16022 19907 16089 19946
9765 21414 9829 21431
2396 19492 7462 19503
21157 5194 21164 6583
2801 11856 6635 11893
10775 21071 10993 21086
1414 12088 1431 12242
9234 12637 10714 12676
21571 21484 21573 21569
8219 20737 9372 20741
16303 20525 16812 20539
3240 20079 4394 20111
5373 19824 5458 19830
9269 19705 11709 19705
18886 405 18924 1326
21561 18417 21573 18667
15772 669 15863 1119
21198 18827 21323 18892
17200 6577 17420 6906
14157 21317 15462 21354
18836 20064 19006 20148
20586 19006 20666 19140
16170 180 17860 248
1592 19664 6030 19669
7328 21395 7450 21396
21545 8174 21545 9061
17966 325 18587 365
21536 11662 21544 11820
1493 21454 1741 21487
21509 21197 21565 21209
21410 1951 21423 3201
9886 21278 10549 21313
6397 12867 6724 12893
8339 2660 8536 2946
15549 11002 15725 11061
54 17611 322 17616
11615 21342 11943 21346
20949 13797 20961 14282
20907 649 20939 952
17828 4800 17845 5415
8518 6816 8732 6851
13254 21343 13405 21369
7409 19975 10505 19983
19809 21565 19884 21570
16588 8503 17162 8711
13575 21273 14188 21294
20681 20613 20758 20922
21567 18815 21568 18846
8964 13015 9167 13421
8429 17343 8493 17636
572 15685 639 16005
20616 4466 20626 5217
9908 16934 10029 17197
14277 1746 14718 1783
4283 18821 4916 18858
15224 21367 17124 21368
21076 10256 21086 10677
20930 13211 20933 13289
20404 19179 20480 19410
21375 14683 21428 14981
3216 21543 3881 21565
13827 1877 13968 2233
12799 19589 12870 20237
15741 16839 15804 17225
15081 11385 15125 13691
21203 1056 21302 1088
12828 14677 13308 14862
20125 19216 20360 19254
4139 17775 4410 17919
328 21583 405 21584
17766 21550 17922 21554
9069 13686 9247 13826
21550 6416 21555 6646
20409 8530 20555 8550
11304 20825 11364 20837
142 712 142 755
21556 21412 21573 21424
21211 17719 21264 17748
21268 20334 21325 20398
21485 7544 21490 9780
14839 17395 14927 18060
13670 13992 13687 15337
10926 10984 10963 11375
20809 12557 20827 12873
13694 15606 13779 16214
21427 1838 21432 2333
13644 19771 13717 20387
20860 21572 20882 21583
1561 21535 4968 21535
20457 526 20606 617
17426 3912 17456 4135
21042 13027 21212 13107
475 20979 564 21517
15244 7803 15253 9235
17680 21344 17958 21345
3105 18876 8374 18888
6 17119 43 18877
19872 21338 19886 21362
20797 17802 20826 18452
21219 20305 21259 20367
21396 4576 21449 4752
21449 18524 21457 18818
11271 20990 12054 21069
20844 20367 20978 20378
603 2708 1011 2966
17747 488 17755 1448
180 17724 365 17744
20901 10100 20904 10360
9185 21433 9326 21440
15928 18847 17994 18851
15307 17384 15307 18045
21585 692 21585 1508
21558 10608 21559 10886
5235 17820 6023 17837
3845 14583 3923 14869
12932 21587 12952 21587
21100 18946 21208 19004
21483 14071 21538 14420
20475 3230 20483 3423
14044 16666 14567 16673
1774 21136 2133 21176
20260 1786 20274 1882
21564 287 21566 473
9601 12861 9638 12894
15870 16226 15971 16374
21571 21114 21575 21274
12925 13151 13930 13318
15576 4290 16075 4472
6340 16563 7810 16637
21369 12405 21371 13276
21507 9329 21520 10003
8182 21395 8413 21432
21471 16335 21473 17213
10666 20806 10670 21339
2972 18710 7371 18731
3345 16975 3420 16981
12353 20457 12877 20482
14986 16255 15117 16327
14090 18401 14500 18405
13016 16332 13151 16719
9841 21335 10355 21340
21405 18463 21407 18558
7736 18625 8718 18719
3283 20544 8570 20544
20785 9226 20892 10123
21574 2298 21575 3916
1549 14313 1644 14817
20877 21461 20889 21529
20677 21305 20718 21390
17144 6522 17193 6555
13503 18590 13537 18889
1466 19958 2455 19972
21367 16366 21381 16957
12941 19323 13113 19500
13820 8145 14520 8173
20914 11244 20917 12491
21202 16561 21223 16956
20448 21295 20458 21319
9591 12688 10509 12776
10067 16955 10151 17490
20915 13195 20924 14841
14315 1987 14671 2493
7965 4166 8307 4192
20963 14049 21362 14064
13175 16696 13183 17413
3059 18287 4921 18328
10738 1093 11538 1301
15852 2457 15891 3424
18954 2961 19105 3524
1900 12442 2171 12491
13195 16716 13223 17431
20655 2996 20684 3269
20789 16367 20790 17557
19852 4 20343 59
20692 8357 21002 8401
19186 494 19289 518
21128 21145 21180 21187
5958 16762 6033 17013
12677 21333 12943 21373
12690 13065 12692 14721
21513 7780 21540 8333
11707 2704 11708 9558
17349 18885 18082 18922
14110 13897 15151 14024
15526 335 15605 1010
17702 19560 17712 20044
16030 5896 16763 5987
8 19507 91 21281
19880 4674 19983 5559
21017 18566 21072 18968
16566 21581 17299 21581
21407 15542 21476 15615
8435 1169 9445 1213
13632 18877 17547 18880
12813 16636 12938 16805
823 3001 966 3076
9279 2158 9436 2348
14556 21585 14703 21588
4141 15980 4196 16448
21437 16361 21461 16418
2282 664 2311 1722
21433 6520 21433 6586
18768 5068 18848 5364
21143 17305 21148 17613
21154 10168 21154 11035
18786 18860 18948 18861
15782 10384 15858 12194
13186 18679 13273 18751
21410 1649 21415 1853
14439 15977 15103 16075
18574 19690 18633 19701
16696 19991 16774 20114
15120 25 15507 201
21257 4585 21285 4908
4964 12055 5118 12121
20897 10913 20908 11512
20664 21423 21045 21427
1664 11232 1797 12557
5824 18582 7542 18673
20626 531 20904 710
11793 9678 11823 10855
13698 1477 14225 1616
20957 21090 21114 21098
9705 21453 14812 21453
16048 12872 16110 12907
21326 20795 21326 20906
21159 14634 21191 14752
12590 20780 12876 20781
18798 20522 19036 20538
14013 19153 14102 19370
21182 18197 21202 18388
20352 21272 20401 21339
191 20689 392 20925
20854 7643 20872 7649
3793 15936 4137 16379
21426 16564 21438 16720
20092 18936 20480 18942
14306 18073 14320 18361
17756 21581 17762 21581
9637 6455 9665 8023
18574 6223 18642 6412
21162 21562 21180 21567
1636 393 2117 519
5020 12659 5023 12741
18608 5682 18650 5803
19414 3215 19618 3399
20908 4862 20941 5467
21512 21556 21515 21571
21363 14646 21365 16392
10256 19564 11491 19575
18611 20153 19006 20197
21240 20993 21277 21026
11458 21359 11534 21374
21187 11760 21260 11781
11405 12893 11499 13166
21095 21586 21460 21587
8993 11470 9169 11805
20765 20765 20801 20781
15231 17636 15232 18196
21200 21247 21201 21446
18630 1260 18822 1307
718 37 1660 106
3178 12383 3215 12802
21052 6689 21082 6959
11494 18018 12446 18033
19760 21562 19976 21563
18289 20082 18409 20165
970 5515 1197 5531
5735 19908 7321 19909
21455 6625 21497 6776
5611 17989 5873 18183
12256 13341 12437 13422
14713 5475 14777 7153
15212 10426 15264 10442
21583 17121 21583 17663
21177 4931 21372 5012
17872 256 18509 268
3463 16808 3683 16976
21569 15587 21582 15920
13670 21418 18171 21418
14592 14336 14771 14442
21510 8723 21510 9316
20832 3270 21006 3653
17259 21274 18604 21288
20062 4566 20106 5573
20103 21469 20184 21524
13632 13683 14131 13722
21262 17969 21267 18513
7953 7332 7988 12141
12531 18580 13178 18828
21544 5972 21544 7591
11706 20912 11720 20919
12011 21092 12066 21098
428 16380 935 16637
13160 20520 13370 20551
21582 21473 21583 21487
3240 12433 3478 12727
20994 19305 20995 19402
15891 18671 16114 18775
19287 8107 19812 8163
16045 19573 16846 19631
13504 18380 13776 18402
2877 13663 3138 13811
281 19998 295 20037
21507 93 21508 475
16702 6604 16759 6986
12525 19860 12685 20071
15977 21586 16104 21586
12755 14567 12775 14574
17874 8306 19773 8368
21500 21230 21515 21236
138 21153 366 21246
21100 21566 21129 21566
7841 21541 11488 21541
21312 13854 21340 13975
21550 7120 21550 17745
14752 19456 15710 19459
20604 21513 20650 21513
11954 21565 13718 21567
425 16167 2188 16195
20777 21576 20823 21582
6444 16739 6456 16858
16010 2687 16091 3609
9898 17971 10079 17983
13592 13783 13629 15886
18060 21380 18133 21415
15949 5779 16017 6442
20701 18427 20796 18764
21497 7663 21497 9039
149 12912 179 14702
14061 5917 14092 6081
19847 21545 19909 21545
21208 12014 21399 12073
15256 6952 15257 8153
