9737 854
7721 4306 8916 5090
1977 6317 4003 7558
5757 7473 5857 9044
424 566 4564 706
7019 2403 7134 2961
4299 4728 6987 6420
5156 2261 6707 2464
6643 9226 7659 9637
219 2676 1559 4145
4692 6691 5557 9530
4543 846 7267 2098
7925 9094 8658 9116
9412 7873 9514 9484
28 2422 210 3397
7008 5745 7733 8965
1652 7584 2601 9631
9703 5927 9724 8089
8238 8375 9225 8581
3959 538 4532 562
3081 9230 3461 9486
2958 1343 3572 2882
9006 1394 9141 6109
9401 492 9500 2251
7883 9671 9386 9679
6025 3015 7696 3955
7903 6374 9102 7696
1562 3400 4284 3714
7821 9448 8205 9606
3652 8315 4577 9195
6132 7213 6642 8889
3518 9671 6724 9715
2783 4655 4232 5871
9280 946 9348 8492
515 8563 1255 8981
8018 1179 8791 1814
7996 9169 9000 9174
9702 1423 9732 4395
8267 218 9343 557
9453 5467 9668 7480
9509 9734 9723 9736
584 915 1713 1524
9734 1471 9734 6546
9715 4530 9723 4554
7929 3323 8255 3496
6814 9021 7186 9047
1522 4326 1537 7296
9443 2470 9452 7477
8499 9618 9550 9624
8472 6239 8515 6340
9481 4541 9627 4617
9677 9446 9696 9731
2161 9728 2618 9732
3691 3746 4850 3883
2656 9150 2999 9729
8934 3816 9005 5397
687 1533 1646 2071
9685 8551 9729 8796
716 9573 1080 9690
4982 9547 6154 9598
3266 4398 4265 4549
9117 6852 9186 7133
9004 8822 9258 9292
1876 3975 7483 4108
7414 25 8038 116
5489 4161 6430 4435
1894 9649 2253 9708
9387 6972 9391 8305
5898 6498 6062 8764
9095 9502 9484 9614
6863 7088 6888 8075
9684 4535 9701 6295
9608 9442 9622 9524
9724 58 9736 1265
9649 2841 9661 4675
7100 9729 9579 9733
898 5145 1015 7462
2619 8482 3617 8705
7800 8350 7880 8971
585 5802 674 8099
7357 1978 7818 2931
9669 8939 9674 9189
4932 3500 5868 3708
8630 8752 8855 9020
4523 4471 7087 4662
8661 1816 8761 3650
2355 1165 2532 2073
8827 850 8979 1524
7918 8742 8330 9061
4448 9642 8177 9670
8294 8049 9238 8253
8502 9333 8802 9371
9733 7414 9735 8973
9201 6025 9249 6228
8373 5313 8759 5851
5611 8753 5649 8846
8338 9433 9299 9472
9660 777 9684 2699
1218 4252 1350 6473
9595 7710 9695 7959
6860 9058 7522 9217
9707 9626 9729 9723
6489 9084 6750 9163
788 4651 857 8149
6343 6896 6594 7009
8480 3792 8852 3986
9583 8349 9633 8635
9383 2264 9418 4065
9435 7635 9638 7653
2250 4163 4549 4334
8327 8713 9026 8722
9528 9199 9625 9226
3715 1783 4230 2115
7299 5270 7638 5368
3655 7812 3683 8309
8690 9499 8825 9505
440 2477 1794 2588
9517 746 9589 3364
7644 9691 8943 9710
6841 230 7835 788
9551 8771 9663 8955
9172 3404 9187 5319
4229 7765 4480 8020
8133 3533 8387 3577
9700 9453 9714 9602
8175 7773 8312 7999
7997 3594 8334 4199
8822 5539 8962 5738
6425 120 6830 490
8181 6013 8369 6232
4333 891 4346 1910
175 7527 299 8697
6907 8440 6972 8814
4306 5 6212 255
4287 6462 4480 6795
4879 2388 4958 3353
3517 9395 4063 9429
9527 8030 9538 8882
1514 9714 1707 9719
9437 4255 9440 6195
8565 8586 9350 8655
6116 7872 6119 8482
9729 9218 9735 9292
803 9420 940 9501
1995 953 2271 1493
9556 9576 9582 9631
9274 8723 9352 9245
9564 9335 9619 9356
1269 9509 1583 9651
8767 5999 8975 6234
2251 2824 2800 2959
8058 8082 8089 8529
3537 9727 6128 9730
7288 4764 7652 4943
9730 5288 9730 5518
6259 9439 6444 9472
8140 2219 8496 2534
8436 9549 8828 9612
8924 8738 8991 9081
8784 953 8790 1158
6996 4260 7164 4377
187 8970 387 9476
7908 9717 8413 9727
9590 25 9608 164
9536 3836 9629 4305
3928 2776 4033 3125
5998 9144 6377 9390
9731 5673 9732 5980
4948 9733 7011 9736
1660 5192 1755 7140
1951 3050 2052 3167
2133 5359 2665 6197
748 717 6138 794
7089 4731 7225 5492
6167 6675 6668 6753
9366 644 9378 7370
9711 154 9723 1402
9342 9650 9526 9669
18 8151 132 8802
2781 8950 3325 9089
3626 813 4131 1050
654 4970 655 5023
8047 5694 8197 5879
3913 9545 4907 9596
5905 2849 5979 3338
9209 7165 9273 7594
6770 8089 6791 9124
2621 9735 4661 9736
5531 3344 5822 3496
8858 9547 8867 9587
9527 508 9681 516
2166 4249 2227 5072
2026 1550 2075 1984
854 9065 1071 9243
9189 1897 9257 2365
8786 632 8786 909
7422 5166 7728 5168
9535 9657 9595 9718
9714 9088 9716 9292
5057 6525 5564 6615
3434 9548 3794 9596
8934 40 9336 191
7691 9431 7781 9551
7655 8984 7888 9011
9389 157 9455 483
9570 8102 9577 8579
346 4667 470 7308
1317 9664 1629 9713
5784 318 5957 669
9667 9127 9668 9369
9711 8191 9727 8529
7987 9310 8147 9391
9552 8618 9581 8648
8992 9688 9229 9692
8566 9373 8730 9415
4751 3021 4849 3072
1112 7354 1478 8197
789 9701 1043 9735
1676 2673 2112 2872
7867 6246 8149 6330
6690 6462 6745 8178
4062 9733 4713 9734
5487 9599 6336 9611
5648 9721 7025 9726
4207 6917 4434 7180
3759 456 5145 458
3863 7617 4077 7764
9353 9295 9374 9327
1295 403 1524 489
9358 6217 9361 7306
4317 2713 4618 3465
9103 9714 9354 9726
7706 5418 7834 5739
9688 921 9699 1737
5607 6708 5740 8337
9601 2685 9613 3175
4123 6715 4157 7373
7828 2498 8012 2860
9735 2327 9735 6889
30 2284 2944 2410
1344 8749 1449 8946
6782 9689 7618 9695
7967 1453 8013 1981
1839 6025 1847 7078
1380 8361 1501 8625
1814 4117 2096 5182
4189 7250 4503 7693
8172 2818 8617 2869
9690 1864 9691 2613
1942 3168 3739 3237
8228 9527 8271 9581
8802 7903 8902 8012
2678 7971 2951 8389
8593 9124 8750 9131
5778 9099 5889 9102
8912 9339 9309 9381
8298 7748 8907 7772
8334 8963 8481 9091
6691 2466 6946 2713
6023 8939 6767 9061
2967 8762 3622 8886
887 5488 894 7751
9594 9638 9624 9652
7562 949 7730 1781
3038 6076 3198 6089
9345 9346 9411 9352
8745 6296 9092 6325
7857 6048 7912 6203
8494 9310 8898 9320
4888 580 5452 614
9709 4674 9709 5274
8819 2788 8903 3699
9590 1656 9625 2534
8068 5261 8306 5541
685 8197 955 8404
9477 5142 9659 5290
3001 9613 3451 9721
5980 9450 5997 9460
9693 2956 9695 3106
7892 1358 7918 1505
3044 7598 3565 8332
9659 8214 9707 8250
9613 9560 9638 9566
9517 9272 9535 9453
9353 789 9363 2015
7733 3522 7816 4271
2916 8465 2944 8476
9268 9630 9418 9649
9626 1686 9649 2421
2786 3079 3440 3161
9648 9678 9660 9679
9679 6445 9700 7513
1366 4996 1475 6555
9605 9568 9616 9569
8634 2055 8648 3126
3428 6004 3465 6121
7930 7792 8098 7966
7979 5545 8028 6082
8993 2618 9004 2630
7860 5121 7946 5537
8559 9735 9289 9735
9698 9107 9703 9107
373 9556 474 9597
9659 8626 9677 8671
7751 7013 7851 8288
416 7358 429 8459
665 9314 740 9516
9410 4318 9427 6392
3401 108 4241 205
1472 9034 1567 9340
8932 9488 9296 9496
9227 4508 9240 5718
9505 3508 9508 4410
9729 7692 9731 8530
8336 9180 8708 9290
8683 9654 8988 9657
1196 9734 3069 9734
2295 2165 2775 2282
1003 9491 1018 9536
6228 9533 6255 9593
7935 928 8779 1079
3698 9364 4275 9367
3745 2351 3938 2639
9 3691 134 4741
9159 3011 9251 3070
7976 8364 8053 8402
1093 4171 1174 6011
9693 3468 9695 3638
9694 354 9699 512
3177 4116 4879 4136
9539 8849 9544 9121
9646 9602 9667 9643
4109 9241 4532 9322
345 9675 556 9676
5577 6427 6965 6455
8810 5771 8973 5869
8490 8320 8683 8360
9469 318 9556 475
1892 1612 1998 1712
8239 9623 8380 9648
9716 8117 9718 8169
1914 3767 2715 3802
9533 8901 9536 8932
478 848 1216 875
8675 9112 8780 9118
4825 6632 4853 6671
9356 7697 9376 8337
9579 7503 9618 7632
2981 9731 3686 9732
9015 9681 9458 9681
8772 9183 8988 9278
1540 8424 1549 8822
7843 165 7854 680
235 4248 579 4297
8390 9543 8718 9543
9730 4601 9733 4651
1855 151 2892 219
120 4986 138 7574
9104 6723 9160 6848
9676 9135 9711 9412
1523 7941 1534 7974
2694 1477 2875 1987
2964 6241 2982 6312
9400 8591 9402 9184
5768 2647 6344 2750
285 32 1375 363
7735 3051 8323 3085
6622 2780 6943 2834
49 1397 75 1994
2295 4600 2880 4641
9603 9727 9647 9729
316 8437 408 8812
3313 3932 5672 3940
4229 6856 4566 6898
1464 7302 1890 7353
9401 7706 9403 7890
9610 543 9623 1016
2245 3897 2931 3901
732 5613 742 8100
471 9695 496 9721
9501 9695 9517 9724
6141 552 6448 832
8401 8628 8436 8683
4393 9348 4434 9408
6929 6643 6983 7088
8350 9489 8471 9502
9716 4791 9726 5856
9128 7366 9179 7993
9598 9733 9627 9733
4138 8068 4433 8276
289 1826 442 1950
9635 3793 9642 5009
7782 1743 7797 1827
9390 5641 9400 6922
8051 136 8252 438
4116 459 5734 493
7844 933 7852 2239
6503 9728 9088 9728
8809 9027 8819 9105
1634 4030 1804 4901
9730 6319 9731 7173
5566 9358 5706 9516
3089 6140 3960 6170
8134 7777 8147 8026
8567 2566 8585 2702
9612 7977 9644 8079
5755 6576 5838 7391
2434 9681 2583 9703
8726 7923 8795 7988
7966 8514 8025 8723
9459 2474 9482 3178
4645 8270 4685 8973
9666 2789 9668 4362
9474 7552 9502 7591
5163 9721 5357 9721
5289 385 5523 397
9199 3521 9239 3855
9671 3577 9677 3994
7858 9234 7859 9236
1485 8842 1611 8895
134 9148 146 9454
3047 9528 3950 9542
3537 9288 3748 9314
7874 9259 7920 9336
9539 3512 9599 3626
9326 9426 9395 9426
9734 9657 9735 9707
2682 6089 2691 6162
399 9281 650 9457
9567 8980 9583 9172
9723 9372 9733 9564
3988 2167 4257 2383
9515 8773 9523 8938
9672 9301 9672 9665
1900 6126 1967 7157
9674 8803 9727 8891
9104 7357 9120 7506
1612 4223 1626 6667
7979 4032 7982 4107
5779 2467 5997 2483
9728 9007 9733 9033
7430 9705 7637 9726
9135 9702 9279 9706
7876 1520 7888 1769
133 247 233 1611
9350 3908 9352 8218
6937 9699 7010 9711
9145 6090 9155 6207
9733 2568 9733 3955
1445 847 1648 856
37 4942 107 7719
8977 2673 8987 3779
4484 1910 4534 2050
541 4918 605 5147
2286 2608 2701 2749
6159 6512 6164 7141
7201 2342 7205 2650
9469 184 9652 304
8189 8036 8221 8676
9354 10 9362 409
8915 5474 8986 5523
9605 9691 9622 9716
836 9263 1164 9363
9108 6283 9232 6696
3623 9605 3852 9626
7707 9163 7733 9402
8804 7803 9043 7881
3548 9716 6301 9717
1255 6995 1327 7226
9146 5303 9149 5442
2419 9707 2551 9712
9206 705 9234 972
8577 636 8611 869
9275 7413 9275 7708
4419 1551 4493 1686
9234 8375 9271 8413
7807 9132 7836 9439
6747 7003 6763 7273
4016 9614 6136 9630
9110 9633 9168 9638
8543 3273 8611 3697
1151 2629 1819 2630
9645 9487 9652 9540
8933 2421 8998 2494
8383 3702 8466 3938
6493 9216 6556 9541
5201 2526 5673 2837
6677 8421 6687 8699
7269 842 7723 913
4538 7127 4618 7763
9729 6197 9729 7463
1058 9440 1348 9459
8500 9517 8857 9534
5413 2227 5829 2250
9476 4640 9496 4994
8797 1245 8818 2008
7853 3309 7893 3736
3548 9719 4401 9726
8872 9513 8903 9516
9453 9684 9485 9688
51 2093 1216 2213
4334 296 5308 328
9060 8710 9139 8730
394 9084 484 9262
725 4583 784 5137
3817 9449 4462 9525
8474 2891 8627 2954
8505 6165 8734 6234
6586 6755 6636 6783
9728 9039 9730 9083
8466 4036 8794 4129
4793 9732 5788 9732
4244 8052 4505 8058
2550 4839 2573 5270
7314 5065 7679 5097
7975 266 7990 843
7285 1039 7387 1123
7348 4167 7588 4472
573 5464 728 5531
9354 4834 9356 6549
5631 9118 5885 9315
8049 5160 8463 5177
4583 632 4959 696
8323 9655 8333 9661
8342 8864 8464 8957
9 9542 280 9587
3563 9449 3635 9509
1308 8259 1341 8361
7629 4281 7658 4380
9611 9557 9616 9559
9469 3607 9485 4461
4483 4369 5269 4427
7804 9141 7804 9374
9645 8516 9655 8611
9165 8722 9219 8803
6978 2978 8517 2998
9402 9487 9530 9497
7769 803 7828 1741
9549 8384 9569 8542
2773 1241 4261 1252
6865 4172 7165 4243
8792 2655 8835 2665
8402 9485 8917 9488
8616 8293 8880 8314
8876 9536 9084 9552
8535 9417 8790 9429
1799 2986 2052 3005
4637 2267 4981 2376
9140 1296 9170 1353
9611 324 9614 478
9476 9719 9478 9725
9727 5938 9728 6495
7546 8976 7550 9111
5901 9204 5969 9384
243 6265 293 7505
1526 506 4860 512
7021 9686 7407 9688
9623 3103 9633 3352
9003 666 9026 927
1137 6635 1273 6843
6440 4278 6575 4296
309 8125 312 8159
2605 8423 2612 9425
6764 6771 6859 7200
5435 2910 5563 3159
1965 9722 2422 9726
6099 6831 6100 8517
151 4509 837 4520
8186 9279 8244 9315
3916 1092 4126 1131
8872 9570 9059 9610
8291 9665 8536 9668
9599 9099 9606 9108
8666 9711 8667 9718
7852 7397 7891 7599
516 5610 538 6094
9717 9214 9724 9279
8408 8781 8420 8842
7764 9209 7772 9223
7503 4059 7729 4071
7566 1793 7666 1921
9195 4234 9200 4526
9675 9075 9726 9075
9382 5907 9385 7079
5702 9339 5830 9348
9583 9488 9584 9629
7829 3002 8014 3004
552 7316 559 8380
7287 9723 7327 9727
1135 6093 1159 6422
238 9696 443 9714
9231 4101 9232 4163
1284 9245 1408 9257
9369 8724 9376 9095
9733 5455 9733 6601
2435 233 3930 235
9547 8121 9552 8256
3595 8017 3625 8238
2985 3265 3610 3284
8907 9631 8926 9636
9366 9399 9407 9399
8416 746 8493 923
9638 3228 9646 3645
9616 2646 9619 2661
2355 9735 2557 9736
9511 501 9513 4074
9412 6843 9428 7673
14 8983 73 8984
9727 4454 9729 4797
9680 8902 9683 9000
8485 9655 8664 9664
5871 9016 6010 9053
9625 9262 9626 9344
2227 3902 3141 3970
8481 8920 8531 8928
473 1115 497 1954
6986 9674 7708 9681
8458 9625 8789 9635
5094 2885 5428 3343
562 9000 744 9073
9161 5742 9214 5891
9673 4338 9682 5943
3300 6186 3903 6224
2673 979 2829 1095
7787 9607 7798 9630
9521 7724 9594 7910
3837 9732 4642 9732
9685 138 9685 2292
9618 3369 9624 3449
189 5398 226 7327
8095 8655 8142 8733
9439 6711 9442 7272
7309 5528 7450 5731
1107 8991 1196 9199
3759 8006 4095 8168
450 7453 503 8315
7889 7863 7896 8668
8902 9293 8916 9308
7195 4639 7660 4705
2356 7 3731 46
3131 4563 3803 4575
6711 4205 6836 4221
311 4524 314 4795
4474 2249 4503 2679
9735 9713 9735 9726
9614 4699 9614 4832
4034 3187 4057 3381
5913 9489 6274 9495
8335 5892 8479 5892
4172 957 4189 1175
3883 1357 4067 1561
8053 5943 8444 5991
9631 9143 9641 9498
9602 3233 9606 3304
8795 9640 9153 9648
2679 6211 2865 6294
7371 9707 7390 9712
3535 5991 4232 6130
8833 9389 9175 9419
9088 980 9094 1185
9519 9466 9585 9472
3961 7813 4183 7949
8364 1816 8497 2133
534 9712 671 9734
9381 906 9383 1202
9467 9690 9527 9691
7717 9716 7817 9725
8254 22 8750 146
6537 4668 6677 4713
9474 7767 9498 7869
4450 3645 4753 3741
4604 8764 4611 9330
9207 7665 9249 7935
9545 9487 9561 9506
6639 9719 7216 9719
5600 8369 5731 8412
4679 7377 4680 7425
4593 9722 4778 9726
8064 665 8567 671
9663 9389 9666 9600
9644 8686 9684 8707
1583 6198 1605 6238
8094 8092 8151 8382
9005 1312 9008 1358
1968 1718 1998 1859
622 8215 647 8449
9717 9450 9719 9534
9268 4839 9272 5246
9676 227 9676 293
3829 9643 4401 9662
9595 8683 9606 8713
9732 7317 9732 8171
4816 3896 5435 3914
8547 8001 8607 8032
9696 2316 9696 4429
5803 9392 6074 9409
7560 9735 8279 9735
5878 7433 5882 8472
8824 1858 8894 2414
6871 8920 6983 9012
6236 2786 6603 2814
9082 8742 9093 8753
8833 1542 8902 1620
9357 9700 9458 9713
9486 5134 9494 5138
1721 7404 1725 7455
992 7696 1074 8394
3666 7591 3746 7660
6100 8763 6108 8875
7194 4155 7210 4454
7662 4487 7710 4570
1452 8868 1467 9491
9724 4576 9724 4623
2707 4826 2780 5848
4580 6423 4604 7072
9559 5373 9623 5453
9660 5056 9662 5159
5753 9517 6067 9540
1484 300 3362 337
1847 2426 2101 2617
4587 8351 4597 9100
3364 274 3916 360
8602 7812 8662 7977
8065 2165 8096 2217
9276 1628 9278 3062
9587 9603 9635 9626
5801 9388 5935 9390
337 650 369 1685
5034 369 5084 404
5981 2581 6058 2631
4988 2192 4989 3344
155 4923 174 9270
5686 8591 5740 8635
2122 829 2152 843
6165 6631 6194 6661
7537 9734 7899 9734
6794 6464 6928 6579
9639 9571 9645 9616
9429 5345 9435 6238
9677 8299 9679 8455
600 9638 611 9661
6795 7571 6797 8796
3492 9638 7413 9640
8848 5100 8879 5325
2175 5277 2492 5304
2638 8978 2655 9615
8646 9720 8660 9724
8195 9351 8415 9398
9548 4891 9564 5131
3464 9371 4206 9389
3680 9212 3966 9227
5562 7905 5598 8027
9014 9296 9297 9304
9004 9650 9143 9667
2306 3333 2669 3364
6856 2332 7149 2389
8918 3389 8931 3522
9685 8359 9688 8484
3471 9109 3513 9235
353 8827 380 8905
8191 1968 8245 2148
9376 8474 9401 8563
2171 7565 3467 7567
8486 5140 8821 5217
1861 1148 1865 2174
1526 9721 1886 9724
8940 1537 8985 1796
4015 6445 4122 6949
6999 8894 7004 8901
4206 2627 4299 2991
339 7681 401 7724
4475 2158 7241 2162
8588 8680 8624 8712
9353 4260 9365 4784
2858 8770 2954 8816
4456 8043 4659 8047
1017 5275 1050 6247
6262 9520 6426 9533
128 8822 129 9118
1577 7841 1603 8443
9686 1802 9688 2471
3754 8005 3754 8251
3463 9609 3578 9632
7976 1152 8014 1322
8025 712 8299 797
481 9571 497 9643
2149 1855 2295 1877
8139 9160 8179 9167
9027 20 9075 23
4521 4673 5385 4707
3625 1327 3630 2920
8910 2093 8919 2437
7437 918 7552 1213
8122 2638 8304 2779
622 4683 630 5264
9103 869 9167 908
9252 6210 9263 6564
7982 4232 8680 4243
7558 8971 7567 9196
1756 1088 1813 1582
9571 9388 9574 9411
6782 4269 6988 4278
1271 8658 1330 8926
6803 8555 6837 9009
8630 5917 8748 6106
9157 2104 9179 2537
2643 7662 2802 7808
8274 3435 8453 3447
3088 6266 3218 6272
9390 4216 9395 5257
8021 3113 8617 3135
9353 9734 9380 9735
8916 9734 9010 9734
6772 9678 6903 9681
8675 9516 8832 9516
9715 9301 9715 9430
7410 1299 7463 1833
3457 3747 3648 3867
8159 9619 8171 9641
4630 3550 4765 3600
4238 9535 4804 9535
8296 2879 8349 2948
8824 7889 8936 7902
4553 9376 4620 9493
6075 6700 6111 6758
9100 1210 9276 1271
9262 4477 9264 5306
8988 582 8990 2417
9457 5352 9464 5406
9626 9632 9643 9634
9038 9306 9252 9313
9728 6908 9728 8164
353 9638 468 9647
2494 854 2707 854
9701 397 9701 3177
8391 6021 8479 6076
5824 3195 5896 3381
9228 9656 9329 9662
1645 7951 1645 8081
8001 2135 8027 2351
9519 553 9553 554
8254 9186 8325 9294
8418 8739 8854 8749
2104 3246 3229 3260
5785 2512 5803 2590
4429 4538 4437 4604
267 4415 1017 4458
3384 843 3509 1210
8723 7698 9037 7728
5886 3423 6009 3768
291 9678 305 9687
8578 5881 8610 6106
9732 6475 9732 6701
6246 18 6250 214
4587 9720 4876 9720
