36757 976
26198 4616 30891 23130
24407 33170 34332 33552
8182 26216 20445 33325
34798 34383 35662 35781
3298 8219 10666 13014
6971 33696 35161 34355
32930 26704 35744 30081
28209 4314 32140 4391
36483 33511 36507 36487
34077 6418 35611 18554
36356 16287 36567 22237
33112 16128 33433 23204
4575 17260 7894 25554
21173 30284 33827 31128
13438 36580 30472 36619
17258 4603 26092 18313
12074 3695 14329 23378
32343 10025 32852 11647
1286 10618 1411 16443
21654 32878 25413 32969
20600 18805 25046 29461
1243 35810 7837 36079
15185 35485 32871 36221
6015 158 25323 2579
1091 34575 11418 35524
36463 11393 36613 12000
8928 36269 33320 36447
35780 12714 35826 18039
25118 22438 25618 29508
33877 36503 34513 36638
35918 5574 36220 28148
35595 910 36415 5383
31715 23525 35240 23541
36540 30104 36551 31966
33422 36697 36319 36752
848 18817 2331 20405
29221 23388 31571 23415
35280 19415 35840 25297
36689 11864 36747 27047
27741 35081 31507 35223
13483 36651 29099 36717
36316 15303 36640 16061
15212 13656 15941 25307
9541 20465 9658 21537
29160 29020 30554 29032
32443 2893 35036 5334
12303 34869 23694 35043
36718 27653 36732 31935
15834 36496 29128 36498
154 36728 23632 36738
34993 36358 36202 36633
32470 34374 34493 34591
13039 34708 23330 34797
26880 23726 30951 23827
99 27931 1973 32058
36262 27775 36423 29685
11734 34505 15348 34521
35786 32298 36502 33268
31703 25502 32485 27511
27169 25489 30566 27768
32140 17110 32151 17325
31713 8077 33520 8407
24783 2645 25370 3591
6129 30488 7841 31279
18093 21888 19225 22788
36356 36292 36409 36529
11278 22368 11301 25651
30979 24558 31948 25259
444 32514 1591 33075
36530 23232 36645 23436
36616 27692 36671 33618
36228 25732 36485 25770
31885 4464 32436 6980
36370 7700 36650 10441
35386 31515 35440 33785
2800 36534 8518 36679
23994 34502 25010 35221
2976 14534 8253 15038
16328 8262 16876 9286
30651 683 31025 4196
2583 28177 2941 28507
20981 3168 22977 3375
12350 33404 15815 33539
33370 23237 34054 23471
6180 36750 13778 36754
35945 35560 36385 36114
25145 31177 26505 32638
36633 36387 36704 36720
35175 3109 35544 5579
30202 32503 33506 32782
16806 12521 17077 21402
12868 35272 32132 35484
4399 27414 4479 29183
28343 1379 30565 3723
30669 31957 30894 32275
3153 31775 3561 33539
2682 18684 2905 23150
33505 19822 35228 20129
1477 2713 6851 5809
16645 23522 19866 23642
9948 15607 10589 25796
2702 34010 3119 34030
34312 31028 35288 31677
21379 31972 24816 32689
15517 4397 31124 4577
25179 34770 27234 35064
18357 25542 18405 25546
31839 3714 32027 3816
1106 21845 2440 24659
32854 7271 33875 7853
35458 31097 36471 32134
36076 34739 36271 34784
26787 26844 27134 27413
6328 28143 7918 28929
27426 34686 34080 34848
36473 2584 36538 5146
31052 27463 31696 28900
36657 20664 36684 21812
30941 14206 32258 16393
31884 27976 31925 29561
33371 35989 33476 36591
36197 30280 36477 30757
33755 31949 34700 32047
34388 35085 34494 35699
36235 26151 36330 26340
10701 25975 18432 26022
33907 12230 33942 14041
36579 32616 36587 32677
29550 33058 31957 33117
7251 4508 11483 6926
32234 19213 32383 21871
13708 34659 19484 34692
947 26810 3051 27231
30128 31575 30635 31673
806 36082 10152 36246
36716 2454 36741 8992
36587 36152 36645 36266
28452 24426 34378 24522
31078 19457 31503 21839
32778 782 34866 2285
34592 30686 35090 30976
18727 18909 19773 21109
13077 35571 14053 35594
26743 36738 32570 36751
3710 6104 3877 6378
26001 18331 26106 19963
20663 31161 21229 33004
36751 2467 36752 5127
36368 33496 36384 34268
3203 28676 3267 29884
24885 36455 25503 36486
36571 30289 36594 31894
3661 17737 4378 28800
26570 32768 27529 33106
5226 36324 6234 36442
2108 33684 5952 33782
36749 12918 36755 35459
34521 20672 34928 23228
16097 22765 17064 23244
35303 30160 35618 30720
36537 35745 36576 35815
36601 21371 36616 22062
34193 5844 34730 6029
14475 36748 25775 36754
32765 19193 33074 22134
5852 33319 8173 33668
33499 16641 33583 17174
7977 21060 8419 25655
36539 34867 36603 35321
33581 35931 34150 35933
35849 30128 36099 30970
36617 36323 36697 36367
33852 25765 34415 26434
27759 32140 30045 32935
36726 34689 36741 35176
27968 25054 28869 25055
36557 24279 36673 27391
36228 14387 36276 22507
12291 36669 12320 36672
33055 9092 33331 11275
257 23960 628 26249
34163 36243 34828 36334
24227 29790 31982 29993
32266 23769 34459 24026
35704 35218 36029 35280
32671 36651 36419 36651
31615 36589 32995 36644
15659 36724 16480 36727
34645 25493 35849 26223
3225 35569 8640 35596
2083 16903 2919 18566
16146 15896 16527 21138
1318 36322 4181 36341
26509 1930 27881 3477
18243 36507 28378 36512
31751 13431 33782 13868
21235 33089 23326 33402
8224 16008 8496 19865
35677 7806 35757 11274
36697 33028 36730 34346
21478 31536 22356 31663
32980 35395 34323 35633
34044 7827 34073 14990
30574 32852 33295 32968
9538 36741 10686 36741
14459 10823 14466 11456
8669 36705 11689 36715
5177 27904 5340 29806
33844 35989 34592 36036
26151 24638 26610 24688
21716 34482 22130 34696
36432 6413 36585 7202
36723 36183 36733 36344
15177 3435 15355 12446
31825 18155 31964 19423
35067 32807 35383 32971
1861 13730 3370 13812
33842 31818 34684 31827
29362 30057 31756 30064
10881 10169 11060 14418
31266 7162 31712 10385
4647 31739 5421 33278
26530 29233 28265 29434
35323 33162 35378 33435
36424 28019 36442 30234
26236 27839 26678 28443
36649 23356 36685 23511
33376 10450 33547 10886
33923 36656 33923 36680
11374 17001 11532 24240
33611 20212 33737 20366
4395 14120 6649 14297
36246 10019 36288 14109
3054 18635 3565 23424
23140 3392 24671 4148
10975 15010 11239 25878
10884 2863 21104 3138
8725 36505 10567 36505
32964 12047 33756 13344
15830 5329 16285 6545
11647 34563 12151 35229
34508 34520 34625 35068
36 34881 872 35208
4711 25738 5058 29586
17627 21836 17965 22079
32426 16445 32451 17046
36502 30296 36528 31079
34595 23633 35046 24022
1429 10786 1671 17883
259 33336 1914 33484
29460 29232 29497 29771
27689 28233 28346 28518
33191 6290 33916 6857
18098 23082 19786 23266
36683 9347 36708 11092
9124 36540 9586 36683
10603 36551 21245 36576
11307 9793 11339 11990
35638 34089 36117 34304
31620 31774 35140 31787
14582 25611 16984 25874
36652 1843 36692 7120
10933 35618 14774 36037
2398 7114 2763 10349
33880 10926 33897 16682
32683 14905 33178 15160
14975 34822 23960 34830
9525 33364 11571 33608
326 18848 611 21000
36680 35171 36708 35926
35032 35870 35813 36341
29197 34869 34354 34906
7100 31962 8077 33285
31353 36673 31414 36709
36595 33363 36596 34696
26752 31397 28748 32002
15818 33336 19640 33467
14421 13703 15085 14657
34908 36070 34968 36370
14783 20544 15193 22181
845 5263 1151 12831
2235 36749 3956 36749
15526 36755 19585 36756
22888 36625 29655 36639
25965 23830 27422 23999
31949 2068 32270 2814
2368 5983 3225 6751
34958 31903 35326 32316
34855 18603 35598 18816
2211 31429 7674 31626
5360 34357 14185 34380
35763 35362 36172 35513
161 13567 654 15842
31448 17623 31734 19438
36165 33373 36183 34632
36305 8362 36313 14865
17494 19337 18671 21577
17346 3483 20993 4186
20062 24379 20183 26054
11822 20309 11989 22802
8457 13565 10539 14680
5149 16417 7477 16941
9697 21131 9883 23412
25625 34504 29337 34681
17860 24194 18840 24350
15957 24444 20023 24822
20881 34491 20929 34499
17 36487 1371 36553
36538 1480 36633 2106
34402 32727 34406 32772
36342 25887 36358 26847
31661 34950 33919 35099
30924 22629 31203 22733
9536 36742 10161 36743
25077 20293 26019 20331
36542 3047 36629 5583
34486 32178 34894 33396
33323 25067 34563 25660
217 33681 1659 34285
35863 12474 35912 27372
51 21754 154 23822
32492 248 33988 280
32127 31568 32878 31773
16686 13001 16745 22067
31284 30089 33935 30148
15723 35069 21633 35075
1685 6288 2111 11564
3687 36754 3944 36754
25659 20417 25792 26510
36294 34048 36349 35451
17973 36718 28363 36724
3576 29298 3643 30948
31797 11983 31988 12803
29769 24060 33697 24419
34532 36474 34702 36500
36417 34282 36451 35465
8644 19316 9192 21531
14487 5565 14604 10159
20163 23335 20410 24061
32904 11822 33353 11992
3617 31984 4160 32490
30551 36462 32264 36531
4503 7255 5894 7906
33409 33000 33626 33129
12070 24688 14119 25066
17343 18922 17356 19846
21301 36552 29698 36565
25689 375 26416 710
36289 18346 36315 23866
26461 25284 26924 26439
32684 26637 33778 26683
31783 20043 31904 23331
27895 33569 30407 33620
1585 24907 3130 25360
34061 18569 34376 19356
35753 27022 35814 28433
940 13577 1063 15919
25864 27237 26091 28056
33110 26561 34870 26631
3206 15182 4995 16300
26469 174 27754 399
32897 36674 33791 36675
36700 27690 36702 30938
25897 28990 29766 29001
32129 36716 33115 36722
15266 36482 15400 36512
34609 25785 34632 26015
30052 29667 32351 29786
1883 12379 2507 13506
14344 36230 24386 36243
7688 36514 17756 36519
16764 34426 32444 34472
31620 440 32262 1672
33217 35709 33680 35897
10739 15386 10838 16646
36525 35112 36526 35782
32274 35139 32562 35145
31698 33566 35148 33586
36536 33891 36546 34562
36731 36447 36739 36681
33567 15531 33683 15644
4993 15043 9667 15128
36529 36733 36601 36734
33912 17279 34030 18932
33970 20786 34069 21783
28983 27914 30174 28288
32133 28672 32711 29574
28508 36752 29117 36754
33689 14068 33731 19230
1652 36344 2912 36524
25393 2217 25407 2667
36755 35820 36756 36172
36391 24712 36391 24724
6253 36719 7498 36725
33135 8503 33766 8926
3 34435 8606 34568
7317 4190 7493 4485
11730 15213 11774 22446
34210 20433 34349 23042
24949 3998 29154 4055
36655 12919 36669 17109
36352 23206 36438 24461
36568 20654 36639 20987
30641 28962 31438 29161
32801 17254 33008 17297
5028 33893 5648 33982
36525 358 36628 907
31511 32109 31981 32311
29442 36753 33568 36755
35874 29373 36119 29660
7464 36450 18915 36466
32837 23585 34334 23603
674 18411 715 25503
11005 34424 12806 34459
29745 36627 30987 36701
36314 8668 36356 14347
34750 5427 34999 5623
25080 20502 25564 20984
35743 14431 35753 17008
32513 17683 32723 21793
28982 264 29827 1246
32962 14164 32988 14698
15883 11526 16507 13574
28189 24608 28387 24973
12100 23896 14909 24223
36452 36692 36514 36720
22309 35062 23917 35246
32155 24610 33288 24918
29375 25060 29768 25146
36376 25883 36524 26238
30580 26442 30731 28291
36610 34814 36655 35335
33678 21483 33768 21824
36748 36091 36750 36429
32702 296 34347 479
33194 35936 34173 35983
21589 36744 22480 36745
36744 10754 36746 10894
33096 31223 33113 31492
122 36746 12108 36746
35612 9969 35661 18226
17102 12080 17195 18563
6189 29643 6989 30050
6001 8170 6459 8211
36754 3633 36756 8795
28572 28010 28864 28303
36230 26361 36260 29859
31046 6071 31487 6484
31386 30153 33398 30192
6331 7379 8584 7694
35144 188 35503 2927
19985 20991 20046 23645
8719 19002 9776 19292
36755 36438 36755 36577
36018 34566 36114 34603
30411 34932 31231 34940
23569 29570 27868 29671
24484 117 27790 154
14692 17151 15147 17962
36741 29470 36743 32767
36745 35107 36745 36570
33790 13731 33797 16584
28547 28378 28581 28989
35661 33606 35690 34014
31427 3887 32346 4185
18218 26028 18631 26100
23753 33005 24245 33116
3381 36363 3743 36476
35906 28641 36156 29122
1870 15019 2475 16148
35707 33622 35946 33896
36535 25403 36544 29998
16508 33592 20825 33671
36608 33767 36639 33841
33834 21835 34207 22711
34307 35786 34876 35795
35576 32797 35784 33344
34738 24908 35244 25107
33351 11080 33777 11600
33775 19365 33858 19736
742 16032 762 23237
2549 11240 2825 12506
16049 34485 20449 34521
11252 13899 11609 15817
4685 7095 8717 7121
23823 36740 26215 36741
30822 25356 30918 27370
35535 33741 35552 34170
36004 36652 36316 36664
12812 36744 17735 36744
32420 2585 32542 2703
20812 33028 23422 33052
7852 31768 7989 31814
24083 33135 29227 33145
33617 35197 33902 35369
16730 34544 18976 34566
33641 32113 34538 32134
33814 24102 34224 24331
11733 25475 11867 25666
18792 28 34287 52
35684 26251 35830 26577
16995 5200 17058 11730
5220 6534 5430 6659
16864 36740 23759 36742
31048 25651 31380 26394
31794 9019 32006 9085
5271 15190 8772 15947
27376 34868 27692 35233
14361 3188 19251 3382
32471 17165 32586 17379
33637 36321 33651 36577
28962 24940 28999 25243
5123 27496 6118 27582
16164 34848 19065 34855
31997 18491 32225 23354
31199 33615 33922 33641
284 10284 388 11348
8999 16794 9284 18834
29450 31592 29464 31994
32754 32233 33075 32234
16174 36253 20481 36264
32752 35395 32758 35419
36238 23558 36283 23588
26831 36640 29256 36646
33021 36517 33214 36594
26417 489 27194 1785
12009 36047 12412 36182
31460 10447 31608 13441
23693 33580 23772 33636
1702 16555 1962 16893
13027 33540 13768 33654
7960 28224 8145 28569
34359 24138 34767 24150
15451 4593 15575 5093
33763 25661 33786 25988
36179 29127 36213 29509
6153 29212 8086 29229
11837 10013 11904 15396
36746 6180 36748 8906
4228 30426 5533 30428
9596 35749 10380 35766
36500 36633 36604 36642
2157 32277 2403 32467
14814 36633 16324 36640
2853 36692 7523 36694
36610 35366 36661 35835
36581 17274 36659 18381
14512 12242 15102 12912
19942 18929 20526 20862
36439 14247 36448 14314
14348 22582 14874 23380
32499 1316 32580 1348
31347 31803 33647 31905
31839 36656 33240 36666
7404 15962 8584 15966
18179 25283 18510 25353
13378 25308 16981 25434
23784 36462 23998 36474
4559 36297 5200 36396
36381 25194 36444 25576
519 2193 862 2822
34395 32164 34418 32675
22718 30108 24387 30250
11376 7685 11824 8823
16480 5609 16566 7144
31988 27549 32012 28570
6142 36491 6892 36521
34558 30192 35204 30530
439 35552 456 36375
36329 36604 36616 36608
3554 16548 4707 17072
9551 23923 9681 24593
13672 2643 24050 2647
3490 25194 3552 29911
8962 2604 9430 2735
36448 163 36523 2260
9426 35779 10752 35962
34226 30778 34393 30867
17618 18878 17998 19013
34954 21582 35029 22227
30935 9465 31034 12669
35841 35978 35927 36322
165 4407 1081 4996
6644 26554 6810 26740
17788 25606 19172 25750
6227 31980 6229 32684
15197 12646 15828 13142
32436 12143 32596 12261
33947 36052 34340 36218
29246 28425 30875 28505
28737 34946 30196 34976
30769 31373 31317 31528
26305 26484 26549 27348
31079 4811 31517 5865
36711 35302 36732 35374
22318 18356 24216 18706
36274 34707 36276 34789
3862 35645 8471 35675
35575 34290 35637 34337
32901 35773 33134 35906
1798 27389 2778 27578
34364 36202 34732 36205
3578 17434 3647 22482
31922 22866 31967 23449
25001 36501 29841 36505
14366 9294 14408 13091
7196 36471 15039 36488
156 36625 340 36699
23523 36645 25414 36648
35933 34406 35956 34547
35911 21 35943 139
32347 8864 32581 9760
5316 30721 6064 31120
3104 26441 3169 30756
28298 34992 31571 35015
25812 79 32596 115
31652 11483 31788 13102
36221 8316 36234 12581
36704 452 36742 2317
35764 6046 35808 7806
9332 21373 9351 25090
35457 33168 35513 33692
11749 36677 13209 36682
29823 24690 30897 24738
12568 36623 13412 36672
16687 34376 17187 34393
36567 30855 36569 32478
145 17038 323 18916
4229 30438 4612 31353
32472 18141 32478 18231
29533 28406 30758 28421
875 20420 1601 20738
23915 36475 24700 36477
36676 7434 36678 11909
26154 24995 26163 26294
36476 15073 36558 15175
34401 36364 34879 36401
33979 20224 34032 20706
31480 25596 31660 26675
23642 2779 23841 3205
34047 30618 34220 31107
22221 2783 22405 3113
36647 11793 36647 13400
32479 15526 33249 15862
36451 28588 36516 30184
1010 406 2042 904
6862 25847 7870 25888
36741 27172 36747 28571
7285 14066 7812 14212
18071 36530 25338 36530
35834 34904 35958 35005
9003 3337 10826 3997
29605 33673 33730 33693
33604 32255 34287 32310
15776 10069 15878 10207
36495 24717 36517 25305
36578 19419 36663 20076
19934 4281 24119 4367
14161 35070 14682 35206
1143 35707 9299 35793
35777 29048 35845 30726
36358 12983 36455 13579
25500 1548 26092 2451
25165 35124 26519 35160
21585 31509 24629 31534
27662 31142 29952 31390
32927 23749 34454 23766
18343 25790 19132 25966
35703 33604 35945 33605
11436 34540 11500 35022
2974 23776 3238 24389
7188 25923 7711 27314
36678 29431 36681 34459
11544 17541 11695 25575
29885 33145 31655 33149
20869 30137 21157 30836
5578 27843 6079 28730
33259 32973 34331 32987
34672 34619 34748 35617
1575 36713 2573 36720
36511 36058 36518 36147
34413 18659 34473 19038
9614 22228 9641 23002
34000 35809 34662 35825
459 1142 2088 1921
19045 35092 19911 35238
12099 35538 14062 35559
21905 35189 21905 35194
32682 25129 32950 26003
8699 16016 8961 17077
33871 35122 34245 35175
36520 34958 36520 35955
36748 9197 36748 26791
21041 29650 21181 29968
8365 35800 9196 36002
28956 30236 33075 30253
23482 36491 25097 36495
170 35382 330 35603
30981 36728 32681 36735
28269 28543 28510 28675
32784 16598 32792 19175
2894 29719 3085 30580
3095 18203 3266 18370
32285 1690 32476 1835
31844 36694 32627 36709
32867 28919 32894 29611
12697 35257 30621 35265
230 36753 544 36753
21517 29484 23118 29762
36647 14327 36647 16738
21672 31719 22016 31795
35664 35122 35838 35206
17189 21844 17392 23495
6248 36328 8380 36430
32197 11220 32312 12163
32258 27563 32902 28559
33313 26017 33829 26330
33767 35842 35656 35843
36740 36648 36745 36667
34552 19031 34850 19174
19692 36744 21044 36747
36695 3908 36712 5556
23083 36544 23129 36545
31136 11869 31182 12188
20484 22270 20497 22663
30981 7991 31086 8819
32620 2553 33160 2702
16601 23693 18405 23880
25813 24154 29055 24271
36640 33720 36652 34036
36690 29047 36694 33493
16718 11762 16988 12203
36538 22681 36673 22974
16066 14178 16092 19180
35258 33639 35265 33799
33732 5558 33856 5732
3571 32837 3900 32874
32505 23394 32975 23491
31761 9437 32068 10420
14657 6275 15068 11849
20031 36223 20834 36226
24154 36747 24532 36747
34119 32713 34337 32912
7491 28056 7659 28121
14557 15388 14620 21612
4728 13220 7193 13293
35017 19483 35225 19619
36735 35747 36736 36231
1844 32154 2119 32535
28819 29599 28954 29634
33777 32364 33787 32391
36478 13890 36631 14648
10759 16889 10860 25869
802 25534 937 27571
11442 8834 12033 9354
4492 36755 8936 36755
36604 33991 36607 34618
6068 36685 10310 36689
26384 36725 30978 36737
36542 33153 36602 33159
33953 6424 34002 14877
31797 30038 32675 30085
32326 22865 32478 22880
36728 10311 36733 11080
19188 36455 19505 36473
30806 30162 31217 30190
32267 14525 32555 14703
6489 36276 6552 36308
16548 15838 16639 17145
32450 5781 34032 6030
36661 891 36662 1137
30981 18086 31007 20934
20042 33350 20907 33423
35716 36673 35752 36683
34762 35881 34952 35883
32622 36482 32923 36510
8744 7628 9194 7973
36317 19435 36349 25370
33461 34361 35066 34363
36684 26208 36685 26734
36700 36216 36721 36260
2853 29680 2883 31087
27233 24383 27708 25139
36197 33350 36354 33808
33989 32379 34154 32505
35594 36755 36122 36755
36677 35013 36679 35906
27940 2123 28155 2662
4331 33514 4751 33514
12501 36748 13881 36749
35216 21641 35257 22959
36509 33049 36510 33325
24792 32778 24969 32826
20466 28367 20467 30568
36661 33904 36675 34595
9124 15281 9143 15650
34804 24046 34882 24712
36664 34627 36714 34986
3676 33068 4392 33077
30004 29274 30377 29537
578 11412 582 11917
36685 29092 36687 31812
31407 32354 33683 32427
25294 3747 26655 3798
33563 36259 33862 36296
1428 36555 2130 36574
34401 21607 34424 22859
3275 36494 3319 36512
36688 28943 36689 32723
29937 36459 30190 36494
36561 33376 36580 33962
3330 34077 4407 34328
36520 36137 36571 36193
11659 36049 11772 36164
33525 14064 33644 15484
26596 25056 26618 25175
30934 5724 30974 7422
34076 30209 34222 30380
24313 18596 24340 18602
91 8964 217 11272
35988 433 36392 509
762 36695 8499 36708
2026 27739 2209 28983
21949 36247 29716 36251
8686 21928 8701 22563
35638 6893 35676 7605
35382 30805 35521 30823
31697 16554 31785 17193
36511 32610 36557 33101
31334 5937 31523 6002
17724 22918 18034 23090
31632 21437 31759 23042
36703 30388 36708 32102
35918 29142 35989 29310
35829 28488 36102 28632
763 22914 994 23149
27277 32046 27475 32614
12008 12180 12063 19313
27791 30083 28860 30128
26669 28503 27151 28811
18010 36529 26203 36529
36401 33410 36412 34399
32879 31147 33204 31220
34565 36530 34853 36549
1026 16679 1178 17068
29955 31190 32719 31325
12606 35247 15067 35254
34589 6139 35497 6203
30935 34545 31929 34596
2731 610 3778 1145
36209 36221 36407 36249
27486 23310 28400 23482
36525 34004 36535 34023
35812 5412 35818 8411
32248 31996 33420 32094
34632 34868 34657 35143
19789 19211 19939 21914
33658 22406 33711 22439
36667 35223 36676 36299
9442 19545 9692 19754
13248 26051 13706 26120
34634 23251 34713 23257
2806 31946 3015 33638
17645 34406 32013 34411
2598 2255 4351 2408
3780 13388 5267 13794
36444 35870 36456 36538
1651 26033 2592 26797
16928 36474 17246 36490
12179 34528 12480 34680
3082 35598 14889 35610
34561 36754 34661 36756
34466 24863 34952 24896
36494 26668 36512 28173
26294 36755 28603 36756
33110 25848 33266 26453
33365 24652 33846 24897
26021 36482 27740 36493
2267 29875 2305 30982
36574 16320 36608 16743
26235 30186 27353 30271
237 11841 302 12759
34397 36406 34829 36432
11602 4557 11721 5514
33121 23354 33178 23515
28446 29159 29213 29517
3722 29831 5741 30340
13459 34597 20050 34634
33903 34919 34075 34927
6315 32643 7061 33220
9925 2782 10712 3100
32481 32808 33257 32809
35769 10022 35821 12181
4552 17772 4558 27822
31425 33017 33241 33027
36544 36670 36572 36729
31350 36532 32752 36579
15910 9466 16771 11185
36036 33592 36092 33964
24462 31868 25050 31937
31862 7072 32733 7983
268 5028 634 7140
6100 27645 6388 27946
33883 30224 33995 31733
36359 26538 36365 27193
35855 21217 35862 23472
5877 32943 6132 33218
32754 9237 33028 9316
34648 36580 34782 36608
33298 36070 33360 36174
20536 34383 22240 34391
5965 27596 8133 27619
35871 8173 35892 11741
36701 7280 36701 7888
22182 36755 24835 36755
145 2001 147 4499
27285 674 28965 675
33879 20837 33903 21297
36744 3589 36748 4407
34898 32278 34938 32367
34269 36675 34843 36693
4401 36709 7036 36718
33785 33092 34298 33163
36605 36752 36742 36755
33720 22784 33950 23052
12203 35482 12388 35511
36746 34292 36746 34647
31884 1975 32012 2029
3354 16506 3452 17578
7970 17102 7996 19551
29437 24684 29802 24730
11109 13507 11212 14959
10688 35564 14663 35567
13754 2774 17224 2826
31682 36714 32019 36716
659 35869 1116 35987
8911 21662 9032 23434
36733 31058 36738 34592
968 36660 2696 36692
24187 36541 25349 36541
17951 21632 18179 21725
34836 23394 35212 23524
8646 24826 8835 25251
34104 35297 34212 35299
152 2516 189 3415
580 35609 1084 35774
1157 3413 1160 9939
36588 13358 36636 13706
8458 24722 8524 24724
36552 12716 36580 12976
36711 35937 36712 35943
30647 31170 31491 31177
24221 32714 25784 32729
16295 36487 16610 36492
35050 20402 35146 23368
3313 7153 11584 7155
35037 36671 35460 36695
7619 13249 10461 13524
31895 31391 32836 31548
26404 36536 31290 36536
31310 10849 31332 12821
33783 20674 33813 22517
20629 3189 20919 3383
4285 32692 4552 32833
25727 36253 29818 36260
26034 30077 27197 30147
34317 24909 34680 24933
31562 31590 32018 31613
2841 2581 3345 2667
34008 36389 34236 36414
36753 6119 36753 11614
3681 1515 4330 1941
32653 535 34186 605
36733 27660 36740 30761
35666 13069 35682 14083
36364 16220 36471 16259
