22531 1462
21962 22134 21970 22421
20716 6730 21191 13100
19441 14310 21832 18394
16469 8203 17494 21262
542 3436 21489 3674
701 13820 13315 17998
15043 7821 16337 11078
5210 22056 20301 22424
2150 18485 14332 20212
18521 11524 20668 12918
22524 20252 22528 20284
13479 12589 13789 17396
19019 4850 20621 6596
15919 20615 16145 21584
3041 20367 12430 21223
21530 1477 22078 2629
14777 21645 20116 21980
19130 19298 21863 19605
4727 4476 11777 8530
8483 8652 9397 9506
12708 20657 14130 21768
18537 19900 19387 21212
22523 5307 22523 16366
4332 21265 12588 21284
15355 15549 16212 16529
13738 22446 14485 22488
11426 22436 16083 22440
22473 15836 22493 21503
21881 21206 21885 21837
7950 22492 21450 22522
22392 17329 22404 22247
8079 9761 10316 10057
3023 10307 13175 12145
21259 20718 21835 22026
14498 4780 18308 5992
21197 4810 22481 4978
22127 7658 22283 18472
22275 912 22497 4466
1502 20245 15569 20364
22481 10390 22489 11320
9642 293 11706 2770
5095 21963 10449 22032
20741 19648 21657 19998
21961 17540 21967 17811
22443 21683 22492 21719
14274 11447 14697 13978
22022 6241 22032 21217
19595 125 22364 689
21403 8843 21446 10156
20337 22103 21445 22477
22503 2573 22513 10907
8030 21346 11983 21619
3782 455 5685 592
12203 760 18417 2713
20538 18786 21916 18824
22315 18508 22362 20421
2399 1799 8078 2558
17762 14628 18027 18036
13565 6822 14773 10246
22257 7613 22413 7655
21523 8927 21975 10276
18016 10483 19317 10800
4464 8920 6772 9877
18377 15051 18543 16568
20168 21516 21098 21609
728 12551 4240 12900
20195 13338 21959 13522
195 14854 223 22208
19601 19765 20672 20180
5856 12380 7730 13162
20903 20236 21126 20400
17570 20380 17995 21448
18166 16643 18630 19337
11827 4744 13304 7642
4680 13486 10228 13650
17623 10493 17798 12041
19456 6955 19668 9626
19447 21496 21187 21513
22398 17060 22399 17239
21039 20974 21091 21412
22483 12845 22494 13789
2642 4581 3911 4887
4801 21626 12563 21689
13329 4221 14099 5865
7344 21782 13789 21896
15185 7268 17433 7766
14975 20951 15722 21387
17531 11708 17588 17327
19590 22436 19891 22473
19270 16609 19430 19160
14360 6098 17421 6613
19139 16842 19178 18676
15785 6728 18688 7185
19205 18522 19205 18718
20547 20432 20857 20994
1034 22295 3498 22369
21762 20456 21886 20488
19217 2384 20075 2686
19125 7237 19293 7877
22445 9065 22478 12862
4576 80 18464 201
18869 14103 19059 18693
4645 22106 5023 22452
3963 21404 4281 22524
19982 14076 21426 14247
22405 14666 22431 21602
395 18722 1756 19228
22499 13469 22501 21200
21932 3225 22043 3448
13502 3692 18169 3944
14804 13064 15300 18179
19453 13673 21774 14072
13817 2954 15319 3270
22277 5933 22449 6283
22444 14450 22447 16390
20190 3790 20315 3938
514 21634 3605 21843
9173 22527 19277 22527
1389 105 3463 899
22292 7661 22364 14455
19881 9270 19905 10061
9176 2782 16586 2927
21906 17072 21937 17092
18757 15798 18787 17417
19436 704 20697 1332
22415 21910 22459 22477
22260 22500 22421 22511
20716 6130 20969 6593
15814 21065 15860 21447
157 3517 424 14731
19419 20914 20074 21001
20285 7843 20656 9779
21955 21701 22287 21938
4771 3824 11992 4468
21701 22463 21771 22513
15554 16833 15717 19128
2595 7759 3636 7862
20928 3962 21196 5094
16991 3988 20597 4716
17862 8674 18632 9081
15472 11899 16332 11945
21923 22520 22481 22525
9871 21720 10569 21748
7102 18029 7580 18336
21927 21447 21980 21666
18023 20663 18397 21158
16225 12237 16462 13864
2776 22434 2874 22447
22393 4527 22484 4540
1623 22528 2322 22530
22101 19854 22242 20468
20493 19677 20671 19741
1396 7436 2245 11087
891 969 1107 2754
20908 20109 21397 20141
14632 19288 16051 19488
17665 18994 17965 19097
20182 2872 21821 2949
22347 15858 22403 16435
9382 12719 10853 13118
22526 983 22526 3402
13992 11132 15079 11361
21729 19659 21917 20174
17653 7271 17952 8111
21693 11352 21792 12869
19907 22524 20926 22528
22527 16062 22530 16777
12455 13117 13178 13814
17996 22477 19270 22477
19118 1637 19240 2301
14262 21374 14726 21932
22005 22040 22096 22363
20632 6643 21387 6677
14356 238 18092 288
21667 4093 21884 4209
21036 1535 21415 1696
19339 2172 19387 2244
22514 4232 22521 13587
3022 2748 7236 3039
4667 3127 4921 3233
22430 6293 22444 10706
15110 6641 18129 6725
20391 2057 21477 2819
11744 22528 17506 22530
22523 19085 22527 20186
1162 21844 1806 21914
22191 829 22197 1979
1477 22058 3811 22137
19313 21256 20951 21337
22200 22141 22273 22471
3971 7080 4149 7976
16427 20387 16452 20447
1735 6104 2111 6647
22529 19442 22530 20274
18643 1647 18835 1647
22521 19007 22522 22498
22095 21087 22245 21313
22399 13437 22447 14321
21279 18423 21536 18722
3927 21772 3939 22279
1209 21345 1306 21570
13868 16634 14079 17840
22502 15552 22503 15958
1689 21230 5931 21241
10079 10146 12888 10220
20846 21769 21133 22011
21828 22246 21916 22380
22063 21550 22173 21639
20828 1181 20953 1721
2157 18056 2363 18061
10604 8624 12505 9566
21422 20212 21976 20382
14750 13476 14764 15898
20152 9233 20231 9946
17652 13046 18386 14244
1031 6778 1179 11315
22103 22237 22177 22307
20328 3306 21067 3333
17104 2892 19337 3120
21731 5187 22005 6604
21968 13574 21993 18402
6054 3059 6128 3200
22244 20064 22262 20263
20268 21379 20343 21437
3842 12146 5485 12537
3849 9457 4157 9632
22369 20011 22376 20364
309 20823 1047 21140
18751 22529 21008 22530
10572 9619 13120 9880
22084 6421 22095 16203
20020 9338 20125 9740
14827 19955 15874 20141
18096 14683 18834 14848
21194 21209 21234 21641
959 19877 2095 19960
21212 8949 21291 10141
15120 20469 15787 20601
543 5301 1649 6021
1734 22464 3083 22516
20245 18768 20338 19014
13221 18003 13338 18346
16337 22445 18754 22451
21981 10496 22005 12275
21874 17378 21901 18138
15363 13916 15564 14177
2185 20445 2606 20644
20215 21751 20586 21973
1562 1026 6502 1437
21218 11770 21557 12958
22527 13210 22530 15656
14184 21820 14256 21955
22201 18781 22227 19558
21480 7502 21760 8419
11903 21924 12622 21954
10726 12499 13213 12689
15874 12497 15899 15445
22293 17332 22301 21190
8435 304 9453 1398
18036 7284 18877 7649
10965 18108 12875 18233
14048 13571 14271 15662
1112 4623 2359 5044
12086 22480 13487 22484
3219 5522 4370 6136
20805 4197 20863 4221
18319 21468 19203 21512
1214 1099 1450 1485
22370 17516 22371 19664
960 22455 1318 22526
1209 13004 3061 13045
11916 12339 14218 12458
3116 22477 3614 22511
15147 20810 15479 20865
22113 2295 22201 3408
7232 21546 7276 21554
18677 8617 18722 10268
14455 17809 14773 18603
20450 19025 21665 19267
13816 13316 13828 13618
14856 21191 14858 21394
22078 17523 22108 18060
22518 19388 22518 20042
7471 22497 7504 22510
14260 17833 14407 18201
22302 21992 22371 22196
8382 13148 8969 13279
17928 19657 17947 20304
3130 8172 4145 8173
20164 20602 20361 20650
2065 7275 2275 7359
21020 5201 21696 6552
20778 18459 21162 18676
22503 17307 22525 18795
7613 9620 9480 9714
21673 7168 21991 7421
8427 22460 8702 22473
16171 13290 16171 14640
21576 22437 21686 22507
22526 20741 22529 21103
22450 20344 22456 21277
19123 13883 19129 16571
18501 11220 18707 11428
2892 8958 3204 9826
22058 19771 22248 19821
19203 13712 19216 14492
16235 18160 16331 19495
450 7329 512 16711
19508 21017 20710 21045
22525 8794 22529 11336
19138 19201 20412 19293
21740 10580 21942 11264
22458 17062 22467 19355
3316 21296 3523 21431
1604 21921 3136 21989
22181 5013 22205 5836
11172 21914 11495 22002
21104 20607 21139 21469
3159 8327 4495 8788
19028 18704 19048 19408
22353 21590 22373 21851
1195 18161 3663 18282
654 22405 3935 22412
22507 13763 22509 15257
17546 21457 18158 21487
14608 18839 14618 19013
12478 12236 13040 12266
22465 20788 22469 20843
2256 22206 2961 22216
22393 9834 22415 13076
16334 13899 16346 17410
22227 7110 22369 7466
1624 22420 2022 22431
7553 12183 10120 12365
22178 20668 22202 20943
17524 19347 17795 20121
19726 7234 19824 10661
2500 8192 2634 11773
2268 8400 2368 10836
15811 20892 15915 21003
22508 18931 22516 20368
18195 11506 18214 12371
16399 21383 16471 21497
20140 6750 20635 6769
19253 14853 19407 15336
22467 21768 22493 22497
17391 21335 17516 21573
20264 20274 20377 20316
22335 5324 22375 5679
21801 22442 22116 22505
2 3139 112 12901
21625 22398 21712 22427
132 22258 196 22380
19951 7299 20012 10541
15426 12623 15483 12624
18430 19651 18558 19780
21287 22523 21833 22527
21175 695 21637 874
17893 11069 18119 11870
22518 20890 22519 21524
20134 6710 20943 6727
5406 21422 6494 21435
10779 12180 11089 12374
16212 22453 16968 22468
19895 21095 20122 21196
7352 2925 7622 3120
16026 18193 16041 18845
14041 206 18864 235
21722 1181 21904 1408
21529 22516 22011 22519
10250 13336 11201 13649
6446 18057 6646 18191
22213 21335 22334 21417
13327 13117 13423 16678
14137 17571 14692 17663
3949 1475 5867 1664
18842 13128 19563 13466
15343 17843 15538 19191
21850 12451 21914 12606
21292 6777 21369 9521
3051 22006 3571 22012
22290 21543 22309 21840
22258 1642 22262 3068
19530 19172 19735 19198
9824 12370 10061 12548
17002 22475 17850 22481
22071 5779 22081 14235
22525 21156 22527 22041
22221 21485 22264 21540
15088 4014 15415 4480
22503 22490 22510 22528
1282 3924 3426 4146
3999 13160 5262 13267
22455 16381 22455 17737
19377 6672 20122 6835
18168 21545 18219 21640
21072 18966 21492 19019
13326 22441 13698 22452
6823 1270 6909 1731
16115 18391 16200 19889
21889 14268 21958 16981
21735 3230 21837 3237
22040 18432 22054 19906
11340 13317 11701 13774
2189 13295 3270 13356
4045 18275 4591 18360
19412 10506 19465 10880
22529 514 22530 7672
19249 14506 19355 14671
546 22207 645 22372
22432 15780 22436 15940
22433 17103 22452 19507
5161 12816 5779 13113
6201 22479 11631 22479
22513 11545 22513 14402
18009 10139 18128 10387
18110 19763 18178 20160
16725 7856 17454 7871
18403 22526 18448 22526
21157 18853 22012 18893
22444 4553 22495 4682
494 3495 504 6162
5745 22502 6204 22507
21563 22253 21588 22355
22527 838 22527 1828
5090 13379 7030 13446
15723 17437 15827 19041
22517 15951 22521 16075
20144 18662 20283 18759
15055 475 19224 724
21803 7574 21840 7978
19643 20671 20484 20839
11791 347 17966 468
9412 22455 10187 22463
20029 22438 20296 22476
22495 7578 22496 11954
20115 2517 20259 2763
19452 11032 20245 11123
6537 932 6997 1077
18789 5776 18949 6508
13313 5877 13369 10363
13897 13007 14027 14426
14505 21981 16362 21987
406 1695 425 2383
767 4156 3500 4209
22100 21363 22203 21435
17619 12523 17620 14503
21271 20661 21577 20703
19786 21993 20231 22045
18484 1567 20155 1580
22054 12470 22066 18143
21518 8746 21953 8890
22296 15605 22299 16260
4706 8621 7032 8777
12837 22023 14097 22036
485 3161 2127 3207
5071 22150 5092 22230
21351 22071 21764 22089
22499 21845 22510 22020
7001 21424 7907 21522
798 19279 1251 19303
18818 6882 20030 6939
1722 21336 2135 21540
22504 1983 22525 2435
18405 20747 18518 21072
21664 4748 21919 4784
19064 14987 19117 17531
8112 12541 8475 12726
17877 18377 17962 18627
15649 14722 15820 15113
2381 5036 4439 5272
10607 18444 12127 18444
19130 16331 19279 16582
21735 22321 21790 22416
7536 21727 8495 21736
22451 14898 22471 15707
20533 20238 20843 20387
2168 12139 2866 12394
3261 22184 3702 22218
1141 20378 2066 21212
17613 22452 17809 22452
22196 3864 22242 4138
20375 9838 20596 11012
12648 7874 13089 8813
7986 22527 8754 22530
18791 17945 18829 19638
17849 11876 18054 12432
15834 16763 15980 18976
14693 15506 14747 17215
5087 21814 6584 21897
160 18768 194 18770
18144 7980 19445 8501
22306 16451 22364 17979
14836 21468 14858 21525
15682 22425 17956 22428
17577 8415 17679 10293
15911 12517 16147 14435
18996 11267 19685 11495
21869 11741 21876 12400
14398 20458 14658 20742
4733 21819 4928 22051
1817 2427 2084 2442
16883 21366 17317 21469
18658 15141 18688 17900
8166 2121 8787 2153
21408 1074 22056 1117
277 22392 333 22523
19424 20615 19535 20620
22529 17134 22529 17686
21367 10362 21583 11259
19246 11027 19439 11120
14043 20397 14125 20425
12337 3271 13454 3434
22007 11982 22016 15497
7462 8679 8455 8729
21973 21959 21977 22223
21945 17866 21953 18356
22130 5630 22131 6160
4916 22485 7193 22485
8354 18006 10797 18441
2834 18076 3457 18135
18231 6032 18388 6553
5937 22520 6210 22527
20633 5153 21949 5179
7321 21232 8481 21247
22504 21718 22520 21820
21598 12331 21599 12381
17466 3163 18550 3359
21477 22239 21718 22239
14220 20486 14377 21288
7717 21319 12370 21340
4335 21360 6227 21385
4697 21740 6630 21793
21916 21881 21924 22023
21895 18714 21904 18722
19806 21407 19986 21409
20060 9890 20142 11002
22497 11142 22497 11678
2047 4321 2336 4585
707 13232 1450 13586
22504 12804 22505 15426
18694 15537 18792 15736
22490 5458 22501 5886
14642 22459 15578 22465
21589 22127 21799 22144
19141 13582 21526 13601
19022 13572 19065 14059
18187 19429 18195 19703
16357 18895 16450 19778
245 20492 265 22364
14746 18617 15212 19261
22340 20668 22352 21701
21199 8627 21226 8874
6808 21810 7192 21893
20669 11914 20679 12101
2323 22439 2365 22449
22005 2632 22058 3202
14640 19784 14795 19981
7549 1120 8222 1793
13722 3274 14559 3343
16004 17437 16063 18181
15403 13014 15419 13874
1571 21557 2945 21579
17642 12983 18668 12998
531 8981 652 12286
22510 15794 22511 16458
4883 2567 7967 2681
21708 6621 21991 7167
14976 18248 15149 18574
20640 21989 20821 22070
22522 2677 22522 14906
569 20067 874 20753
13342 18176 14142 18310
22326 22350 22336 22431
11327 12733 11491 12742
21276 4351 21609 4640
21856 14348 21880 15825
22190 22093 22195 22253
1481 11935 2198 11937
21349 20174 21406 20213
19724 21417 20154 21437
20071 3047 21244 3087
22035 21195 22064 21200
1643 7185 2527 7187
2786 9983 6066 10170
12498 20654 12598 20688
13840 16258 14215 16337
12193 12818 12304 13697
22005 19933 22017 20729
19639 1729 20846 1999
22500 21589 22517 21680
19460 19643 19531 20504
21527 22386 21647 22393
21904 20631 21930 21405
20112 7626 20167 7949
6695 21557 7271 21558
14399 15262 14517 15555
19689 21134 19872 21252
6659 22433 7038 22465
11985 21348 12355 21612
14678 17413 14756 17558
21778 22195 21944 22208
16773 21586 17720 21621
2888 21487 3762 21519
19860 18931 20066 19183
849 18344 1099 18483
18130 12093 18181 12700
22290 22239 22347 22258
20249 10838 20357 11205
4249 6466 4322 7098
2144 21320 2404 21487
22365 12186 22373 13845
16404 16235 16466 18101
17763 9462 18250 10053
14761 21320 14788 21385
8385 2405 8696 2668
19083 21528 19848 21557
21159 13204 21916 13271
2617 6585 3607 6770
18708 1664 18816 2220
580 15712 629 15929
5420 21700 7043 21732
22270 19970 22288 21273
22061 18913 22114 19035
22523 22440 22530 22466
19257 9561 19346 10334
19181 21404 19401 21420
1408 12921 4892 12960
19003 21372 20159 21398
13701 11294 13934 12317
17763 8326 17845 9453
11796 22018 18388 22019
18841 19613 18906 19832
22043 15528 22046 16666
5240 21444 5335 21590
11615 21714 11679 21760
8999 22437 10159 22439
7686 402 8202 687
20394 13023 20545 13090
8794 2986 8982 3054
4733 18119 5859 18467
6251 3222 7421 3236
14263 16023 14671 16918
4689 13293 7067 13359
17968 19110 18073 20256
18456 5148 18552 6635
16141 4025 16164 4581
22422 9207 22422 11751
22115 18680 22162 18736
12403 8006 12604 8565
18301 22474 19214 22476
18852 18940 18950 19592
22371 8063 22399 8255
18371 22035 18739 22042
20153 21589 20157 21589
8461 3123 9828 3431
7905 9017 8221 9362
21597 22240 21662 22370
22029 21322 22052 21419
15672 13126 15826 13883
19818 20485 20545 20516
22069 20769 22099 20812
18347 21417 18460 21453
20656 2975 21813 3031
3841 8805 8298 8866
2362 22021 3566 22023
17720 22528 18760 22528
7639 22429 16661 22432
22336 20429 22356 20661
22500 11907 22511 12741
20599 13097 20628 13258
22519 16292 22519 16489
4658 22510 5217 22526
15849 3954 17042 3987
5672 21903 5783 21951
21664 22279 21672 22315
21478 8577 21717 8647
57 14454 128 20399
1180 22226 2934 22236
6952 21616 6960 21619
22348 15121 22362 15154
15702 22466 15837 22474
134 20491 137 21591
9464 689 9493 2128
1018 7685 1029 10634
18667 18777 18776 19018
22526 12941 22526 14060
6737 21745 9289 21761
20903 18711 21100 18778
7715 2833 8050 2846
15440 21408 15666 21444
7205 21711 8341 21726
2586 3830 4176 3906
17768 22458 19291 22468
12739 22451 12983 22475
22076 20839 22143 21021
22500 4804 22500 5211
19583 20358 19590 20708
12409 22051 16842 22051
21713 20547 21891 20562
3243 9297 4147 9383
18298 19989 18429 20028
4575 21422 5164 21433
20501 13641 21928 13656
22380 5394 22463 5469
22368 20391 22369 21548
12674 20899 12699 21346
21452 11399 21503 11576
22510 16671 22513 17208
234 2140 394 3490
6468 22524 9896 22525
15422 22485 20488 22486
1216 19505 1372 19550
22163 22483 22226 22488
1588 21580 3823 21602
18114 7685 18444 7759
5491 12504 5691 12748
20196 6952 20555 7649
21671 19180 21883 19292
9034 22445 12589 22453
21878 7826 21963 8037
18003 21586 18126 21608
743 19494 1081 19648
22210 22526 22219 22530
20745 5320 20991 5954
15494 22444 18913 22444
22109 9157 22125 11598
22441 20301 22447 20955
9598 21238 9678 21264
21568 11677 21571 11681
860 6232 890 12193
18254 12394 18406 12550
21448 22372 21495 22486
21636 20492 21935 20505
14553 21055 14689 21143
15463 22445 15992 22448
22382 17782 22382 21051
387 19338 1298 19367
18728 16421 18753 17779
21993 7745 22012 8832
21660 12944 21857 12999
20766 1004 20882 1062
22454 5723 22457 6651
17609 18676 17982 18986
10847 18302 12461 18308
9369 21922 10445 21949
22374 275 22479 299
13558 10755 14763 11095
17698 16287 17704 17114
19708 20229 19726 20315
18087 20440 18473 20458
19057 22425 19446 22450
8027 18401 8278 18480
19746 19023 19817 19046
21426 20451 21445 20526
22464 5956 22472 6970
21885 3315 21917 3774
14775 3271 17387 3378
22296 14460 22327 14465
18438 13547 18499 14582
20438 18437 20760 18648
2129 3121 4165 3255
20386 21704 20985 21708
16271 20765 16302 21222
19630 19618 20052 19714
22523 22058 22526 22128
15306 11216 16294 11622
22380 13157 22389 14958
22391 11395 22392 12336
21943 21217 22001 21381
14799 6733 14963 8708
19825 7348 19830 9487
19169 1631 20638 1633
15575 22491 18137 22491
7312 22035 10780 22038
22518 20506 22520 20684
2609 22455 3555 22459
21499 9525 21501 9803
21416 6764 21438 7666
16566 21495 16623 21581
14970 12459 15297 12888
13275 9531 13303 10540
21643 11901 21669 12849
2425 22149 3639 22179
21206 6725 21288 8492
22285 11260 22288 13755
22375 10816 22379 15120
2757 21259 3971 21291
17605 16075 17673 17511
22388 22359 22398 22384
417 21788 491 22063
6220 18441 7622 18455
22529 21789 22529 22378
13918 18131 14132 18167
3357 12986 4900 13048
22510 14956 22515 15781
21146 20989 21154 21339
20733 3786 20804 3882
18619 13040 18643 13289
12909 21968 13888 21980
22286 18307 22289 19234
15159 6878 15224 7066
6876 21912 9647 21915
936 10410 996 11263
22497 6840 22497 8206
231 15114 346 17015
14422 14595 14440 15034
21065 22023 21234 22102
8217 13776 9515 13778
1087 12017 2698 12071
22089 21965 22179 21982
4506 21839 4684 22058
21168 20443 21243 21152
20629 7095 20663 7743
22213 893 22234 2576
20507 13528 21705 13552
21713 22342 21715 22413
21795 22299 21808 22346
22444 13028 22467 13094
20974 3859 21921 3948
22031 3572 22116 4157
12478 20388 13855 20569
8080 2901 8424 3283
10074 8609 10436 9634
1913 1546 2028 2026
18518 12112 18520 12316
18421 1149 19268 1289
2817 7350 3230 7637
2480 21891 2758 21896
20877 20435 21069 20738
15580 4283 15720 4323
20503 18833 20695 18907
1975 5277 2449 5406
14518 4099 15044 4330
14163 16980 14676 17333
9091 22043 15380 22046
20159 18415 21070 18426
18490 4725 18796 5121
21110 20054 21445 20102
10191 3262 11332 3359
10852 22525 13815 22526
8948 22490 16720 22490
21202 10582 21265 11574
4134 4486 4232 4513
16207 16927 16292 17624
9592 8783 9610 9109
22318 15574 22343 15730
22497 22078 22506 22452
3625 22476 3769 22479
21935 1261 22052 1272
22513 22259 22513 22289
22136 6441 22175 7067
18934 19634 19110 19874
22062 22376 22194 22407
957 12240 1009 12374
21624 8691 21731 8723
22508 15594 22508 15916
22320 20642 22335 20667
9972 21899 13257 21908
20015 18461 20360 18661
3934 742 4903 833
21207 13003 21234 13159
16263 19695 16325 20502
21480 3740 21545 3798
19348 3680 21499 3739
14674 14852 14686 15985
22046 13243 22052 15124
21553 3076 21658 3341
1039 22257 2939 22271
1648 2272 1708 3031
14807 22031 15911 22042
1091 13699 7468 13713
22498 1196 22509 1710
18558 19808 18759 19847
21756 22093 21914 22096
18303 9217 18589 10012
22511 22149 22515 22180
18040 14876 18325 15465
5716 10218 9143 10271
2724 5598 2988 5759
22119 11696 22122 14461
22319 21853 22365 21923
18815 11003 18948 11419
22284 13489 22284 14553
18936 5118 18960 5507
21790 22174 21921 22182
16826 4069 16987 4634
21910 11594 21931 12057
16969 8114 17708 8142
21927 4613 22120 4647
22453 19795 22453 20187
18785 3762 19526 3969
18674 12984 19990 13012
18354 10829 18405 11410
22153 22486 22158 22495
9344 21764 11629 21767
12060 18448 13768 18471
1262 3695 2365 3730
21582 18396 21624 18556
22287 15745 22293 16562
19499 18564 19623 18609
22437 584 22448 750
22234 6686 22337 7059
493 22143 2408 22150
18744 8558 18943 9571
22305 17292 22305 20570
17146 22055 20423 22055
22217 5242 22334 5435
22510 21 22518 1636
15522 14939 15534 15484
15903 14740 16117 14944
18723 9587 18895 10228
21998 9509 22012 9666
22482 9112 22492 9534
22527 5191 22527 8462
16217 4152 16556 4460
21028 22529 21156 22529
374 22420 653 22439
18240 12664 18437 12951
22495 20044 22497 20719
5963 18321 6792 18431
18462 21522 18921 21639
22528 18872 22528 19720
551 13542 660 14374
19369 22525 19534 22526
14379 19677 15578 19681
20770 5073 20835 5090
21502 11277 21621 11365
22062 20025 22091 20144
8830 2691 8990 2794
17589 3138 17965 3142
22528 21702 22528 22180
20087 8529 20119 8923
674 19579 695 19610
2990 5345 3199 5693
19347 22478 20090 22483
18674 21286 19142 21326
18239 21984 18352 22016
16766 21508 16953 21576
588 22515 838 22525
2132 20726 2455 20818
8899 1561 9346 1883
22254 20445 22254 21035
14986 6887 15032 10621
9829 3072 10136 3317
22071 16714 22111 17262
22328 22266 22405 22272
22529 12601 22530 13164
20299 13020 20344 13306
18921 6661 19360 6811
17336 22024 17422 22026
22478 6040 22483 7038
5865 18066 6291 18233
22347 14867 22363 15075
17495 16069 17502 19942
12744 21985 13587 22016
21893 18955 21953 19262
10388 22459 11245 22464
22236 1750 22246 3723
1829 5740 1959 5984
22427 12432 22442 13271
2306 5870 2690 6176
20272 9347 20278 9750
15310 14648 15478 14703
6030 632 7125 690
20251 21728 20890 21733
14511 21217 14593 21252
5247 22434 5397 22481
21822 4276 21910 4505
8764 22526 10793 22526
19461 22446 19542 22474
20080 20423 20477 20458
5573 21468 6946 21525
1266 19605 1720 19825
22141 19527 22155 19735
22123 15758 22124 16208
22432 19735 22434 20338
1909 19640 2087 19864
3778 21623 3880 21870
896 3746 4412 3753
19116 10972 19144 11230
22302 22486 22341 22488
22203 6505 22394 6576
2289 6520 3261 6530
581 21349 1164 21497
22492 15162 22496 15213
22106 5523 22117 8533
4915 419 6151 444
14511 21998 15868 22001
22342 15079 22347 15190
16701 22523 20372 22523
22293 22365 22324 22398
20506 21181 20739 21200
17164 22482 18435 22482
10528 13651 10769 13661
17495 6397 17586 6640
4498 5360 4569 5967
17204 22452 17528 22456
21892 3784 22001 3813
13402 6233 13475 11897
17508 17642 17653 18406
781 12476 1330 12549
21851 22513 22332 22513
22294 15249 22392 15257
16337 17636 16352 19052
2685 22525 4187 22530
14714 20852 15097 20888
22356 22375 22369 22434
22457 14044 22483 14795
19522 10917 19975 10978
2673 18296 3691 18368
18399 21263 18568 21346
16232 15825 16317 16615
18420 22050 19938 22051
16166 21279 16230 21313
15864 20268 16033 20514
4321 22179 4368 22411
3834 21901 3861 22018
11027 18311 12954 18426
21847 21296 21851 21762
14448 21105 14495 21238
21771 22441 21913 22441
22482 21514 22489 21631
22049 20201 22051 20463
1108 13163 2998 13170
4486 22340 4565 22522
21989 12280 21995 13202
22168 5382 22177 6365
1517 22461 1549 22486
14183 20992 14201 21519
6929 22486 7770 22494
18099 15577 18136 18436
17247 8001 17441 8029
20017 13009 20243 13060
13270 21963 14415 21967
20593 3131 21269 3284
11162 13066 11739 13253
17170 22434 18703 22443
2782 22370 2974 22382
20652 3767 20721 4545
9686 12160 11830 12172
15468 20773 15879 20780
20182 7029 20192 7440
21982 21524 22061 21577
22378 21590 22386 21959
18478 7840 18691 7979
2083 22285 2310 22285
13371 332 16351 342
19242 8956 19395 9438
14164 22525 18634 22525
22473 15325 22482 15551
14498 6005 16674 6092
19358 2014 19411 2022
1966 22518 2141 22519
19721 20357 20113 20395
1365 20015 1610 20039
11552 20222 15797 20243
2760 6302 4063 6351
21938 20457 21950 20830
5431 3717 7760 3766
22503 16982 22507 17306
8631 3712 12931 3821
8118 13682 9710 13688
22123 21068 22218 21082
4555 12653 5062 12812
22494 21473 22510 21526
21148 20321 21278 20418
18858 16575 18868 17951
22497 18085 22497 18855
22432 2 22450 174
14756 11998 15636 12394
19645 20422 19790 20561
22386 19717 22386 20616
1790 13293 2014 13307
22418 6972 22423 8658
20997 5184 21010 6039
6165 964 6428 971
16275 21406 16346 21441
14374 19462 14387 19474
2163 2116 2210 2925
15817 12465 15825 12961
5775 21567 7161 21598
19500 10268 19509 10301
18255 11266 18291 12381
7135 663 7537 1079
18264 19797 18409 19840
18638 18358 18765 18673
14010 11889 14043 11988
298 19636 517 20758
619 16424 626 18589
1183 8504 1222 10023
17534 8332 17570 9654
1291 20064 1623 20154
19407 3358 21616 3429
19147 9731 19191 10326
11587 12691 12142 13063
22511 20451 22511 20786
15259 6905 15551 7265
22030 5239 22070 5559
12690 8879 12745 9597
19049 8683 19421 8775
13762 17921 14065 18119
14848 9273 14899 10247
21845 20962 21881 21073
22449 7823 22463 8434
22100 6823 22101 15805
20592 21788 20668 21793
3119 9948 4149 9956
21658 18429 21783 18517
18976 21985 19033 22027
2637 11420 2954 11481
1385 61 2150 80
21401 20534 21429 20580
21344 20276 21381 20368
19881 18746 19992 18924
19246 19639 19344 19777
21786 20409 21818 20420
16145 14698 16330 14713
16350 20783 16387 21102
17597 6579 17827 6616
791 8259 830 9137
344 21708 399 22095
7782 22043 8630 22053
3664 22256 3859 22373
9626 9548 9753 9559
21892 22526 21960 22526
9300 13241 10002 13430
16875 3136 17335 3242
21472 6846 21566 7196
22138 20511 22155 20815
17515 20044 17519 20064
1032 22031 1151 22133
13654 17573 13820 17623
22386 18915 22390 19467
21843 21895 21859 21915
13798 14642 13821 17559
20275 21622 20374 21691
9598 47 12877 63
21667 19011 21714 19062
1077 21296 2231 21304
22209 20987 22245 21025
22152 3677 22186 4718
16306 22524 17273 22524
1300 6912 3521 6953
18833 13557 18981 14026
14927 11758 15020 11762
18489 3822 18547 3985
20242 8155 20265 9737
6820 9757 7891 10022
22284 15167 22328 15208
18433 2175 18578 2493
4398 21595 4619 21629
16852 7770 17533 7777
628 2490 748 2929
1868 18003 2282 18045
21736 22227 21821 22267
22487 5298 22487 8066
21029 978 21108 1060
3446 22417 3769 22426
22128 21651 22202 21690
22470 20285 22471 20742
19699 21119 19842 21133
21318 11110 21353 11709
14397 19749 14406 19957
22526 22316 22528 22361
20658 21891 20705 21945
22281 5769 22335 5785
8779 10136 9804 10177
18700 6081 18766 6091
11741 1454 12071 2171
20500 18767 20803 18779
22463 22292 22463 22515
5514 8558 10537 8582
19951 11264 20085 11389
21942 14186 21956 14250
18631 19362 18657 19699
13950 503 14153 614
14012 12133 14158 12212
6334 22518 7104 22519
21388 22048 21799 22065
302 184 808 1665
4654 18133 4711 18351
14831 22004 16376 22004
18723 13617 18760 14404
21699 6720 21703 6755
1605 6379 1631 6840
11370 10237 13110 10282
13398 17643 13669 17746
10357 22529 11588 22529
19323 13686 19345 13941
11416 12268 11507 12406
19128 72 19296 93
14112 15677 14127 16144
2455 20845 2642 20899
18291 9419 18299 9945
15218 20738 15398 20785
16230 14086 16267 14356
9400 13168 10219 13216
1623 20022 1817 20046
17591 18511 17817 18610
22036 19260 22037 19920
20445 21632 21019 21693
22106 12893 22115 16686
22529 20354 22530 20484
18817 14495 18826 14547
3001 22257 3444 22262
19987 15 22283 116
16671 21424 16882 21488
13227 11573 13330 12256
19702 10 21537 10
10372 21708 10468 21709
5069 22285 5069 22361
21911 19564 21930 19594
1960 21890 2160 21894
6831 18101 7097 18265
22460 21110 22468 21322
19290 21435 19577 21457
3437 13316 4130 13619
13555 22426 14973 22428
18048 16453 18086 18013
22470 7937 22479 8757
19547 19123 19806 19168
19569 13559 20542 13579
13374 11977 13561 12038
21981 20547 21996 20662
21245 22529 21530 22529
19349 13700 19432 14060
22375 8798 22408 9410
21568 22166 21713 22215
22526 17136 22528 17967
3822 9894 4870 9917
22527 12646 22528 12654
21948 10308 21950 12022
22523 20305 22525 20469
22272 22034 22300 22131
22015 16226 22016 16865
22524 7379 22524 8034
14249 10318 14748 10518
20361 18516 20380 18792
1175 12088 1414 12192
22378 21105 22379 21393
19376 14259 19653 14271
3748 3955 4616 4456
4409 22047 4489 22093
21 17795 41 20691
6496 21290 8358 21307
3300 13779 8769 13811
8850 22465 8960 22466
2403 5609 2497 5621
19297 105 19398 897
7545 3339 7716 3393
3132 21377 3249 21483
21925 18451 21950 18480
22295 15507 22295 16950
22343 14643 22364 14658
16386 15637 16468 16053
8080 8545 8954 8551
19665 21455 20821 21459
15345 22477 16368 22483
12438 21292 12662 21337
20665 20408 21083 20415
130 9083 148 9385
13833 12486 13906 12911
22276 22515 22350 22517
19674 2083 20387 2349
21798 22359 21827 22384
13492 6186 13990 6318
22354 20865 22355 21294
10632 21771 13916 21773
17523 11564 17583 11615
1857 18408 1917 19578
5055 22529 6240 22530
5766 22428 6574 22475
14220 4781 14325 5784
18973 8977 19177 9056
20015 13410 20063 13545
9553 22470 9624 22478
22498 4961 22498 5321
8875 13312 9036 13450
15299 12722 15315 12864
20335 21980 20605 22037
20144 9656 20151 10838
17921 14334 17991 14519
19214 16778 19243 18950
13573 11635 13600 11904
20472 11388 20516 11483
22503 19675 22504 20227
22494 18438 22494 21412
9767 13778 12026 13783
3479 13722 9950 13772
21584 18584 21987 18675
21482 22246 21555 22349
2770 11502 2898 11764
12437 20875 12575 20875
8036 13049 8229 13118
17712 15999 17744 17368
22487 8526 22489 9003
1339 12243 1449 12336
12577 9107 12686 9335
3528 21958 3544 21992
19233 13814 19245 16097
6548 22510 7102 22514
3466 6354 3881 6407
21648 10685 21652 11680
13160 22433 17280 22433
4391 22116 4413 22427
17571 18591 17587 18980
22466 15897 22470 16521
22056 8072 22070 11601
22507 22050 22507 22186
16843 21269 16989 21350
17625 12395 17626 15384
714 6379 724 10803
4651 3676 12101 3683
6399 22527 7760 22528
485 19549 592 19618
16209 12453 16212 13494
16085 12160 16215 12206
16364 15758 16383 16294
21495 20422 21572 20629
14195 10567 14862 10572
1288 11363 2375 11913
19662 2922 19876 3109
17566 19286 17735 19316
19787 18400 19918 18677
19091 13632 19594 13645
4684 270 4851 290
3629 6798 3899 7710
22260 18704 22264 18972
22325 22281 22405 22290
20622 9789 20654 10925
22457 19441 22466 19491
10902 9892 12648 10128
22033 10345 22044 14835
19708 7889 19708 8951
21929 18816 21988 18820
10633 22480 11819 22482
20694 11451 20710 13169
5949 21531 6833 21541
1180 1994 1538 3155
17998 14495 18327 14602
8827 22529 9466 22529
15578 12483 15648 15165
2058 3277 5876 3422
14591 19774 15708 19780
11590 3051 11983 3309
16065 19163 16110 19993
8146 12393 9748 12445
21451 8850 21470 9590
1558 4276 1857 4442
22525 12240 22526 12318
4440 6818 4720 7460
22278 18948 22278 19361
2522 13229 2746 13250
19290 16459 19313 16522
21609 10664 21663 10683
2645 928 3077 947
21933 18926 22019 18944
7176 9240 7841 9351
17829 12633 17940 12762
20951 21060 21029 21072
3587 10 18019 42
17908 22470 18313 22470
22348 22460 22395 22499
14800 22470 15308 22487
13811 21814 13840 21882
7515 22482 9875 22483
18583 14973 18858 15085
14802 12408 14869 12587
22045 20101 22056 20195
13825 13795 13826 16647
22155 20870 22161 21052
18321 5157 18373 5661
19203 10096 19244 10306
14840 21533 15087 21613
22208 20586 22253 20739
21997 21962 22051 21984
7302 1542 7537 1682
14833 20896 15626 20928
12919 4162 13100 4503
2002 13731 2823 13733
661 4508 778 4869
13222 9939 13244 11031
4027 20239 4567 20240
13180 12870 13441 13051
21389 7523 21400 9498
22013 9407 22014 11715
6736 13217 7328 13263
290 14989 365 15091
22042 5642 22049 8902
21822 13676 21850 13765
4896 22490 5273 22502
21697 19931 21718 20099
18598 15195 18620 16183
22172 22052 22184 22084
5769 523 6089 546
22400 549 22426 610
22425 9387 22429 12362
21943 12315 21961 13070
14430 17678 14447 18068
18005 21163 18228 21453
20895 20922 20911 21116
14999 18606 15015 18612
22517 21889 22519 22009
21284 20208 21337 20544
19193 3267 19245 3297
22152 22413 22185 22464
19085 17771 19119 17985
9407 12600 10360 12701
21711 10282 21827 10529
21859 16594 21860 17019
19929 2884 20112 3043
21851 7444 21854 7671
14604 15243 14622 15910
15304 17122 15324 18831
15323 2968 15341 3226
21269 22034 21542 22039
17753 10120 17925 10277
2391 22003 3587 22003
1244 6298 1269 11752
15371 21445 15673 21590
7143 9556 7195 9613
8393 458 8398 1677
12737 20597 13618 20613
108 21715 152 22020
13502 6424 13540 11267
21894 19436 22017 19500
20675 21785 20773 21838
22503 18796 22507 19094
22232 18910 22256 19260
22506 19941 22506 20811
18599 1459 19375 1505
19390 1388 20766 1522
12993 18248 13192 18334
16830 2797 17486 2845
14662 22444 15187 22444
21777 18707 21885 18733
21002 1289 21633 1450
1670 6659 1979 6877
22463 20051 22467 20773
21964 22515 21990 22515
21997 12386 22006 18424
5292 20219 7013 20231
22376 5744 22445 5802
10599 20239 11015 20239
6064 22509 6479 22510
14846 20982 14924 21123
7686 21529 7839 21569
11081 21743 11397 21751
22503 21036 22508 21339
22458 7221 22467 7656
22331 18030 22345 18185
3404 9459 3841 9735
14596 19053 14707 19135
9223 10200 9314 10304
18214 3962 18412 3987
677 22206 2078 22224
354 22378 1335 22392
313 22201 474 22264
22333 15880 22340 15968
2159 18377 4022 18404
18816 15377 18820 17716
