94464 960
28999 63842 40378 76623
82609 15422 94198 64860
74826 42217 81150 45337
46238 7830 56292 16381
23972 28405 65211 47342
47000 67506 53773 84399
76222 84539 89223 86000
83328 68889 83520 81362
79190 10795 82540 32164
62155 78234 67521 78594
29151 88640 57278 92088
79204 89346 92855 89511
37977 92153 59186 93170
5023 91866 24772 92829
7467 26702 13942 90910
64522 63348 73969 63728
28836 85249 52358 87679
94219 49402 94387 53626
84772 4938 92362 9869
41458 16653 58283 23845
89827 67287 91373 73573
17753 22889 27439 26414
48569 62499 58189 65983
92007 94184 93565 94451
88258 91685 91152 92910
64214 64416 67896 73853
64369 92372 79874 93028
61394 75613 72048 77328
5168 93987 80410 94219
68584 8079 68743 30661
43720 2962 88174 3932
59607 82805 71522 86894
65770 44387 66913 47808
68821 20139 69788 59577
18093 81819 37661 82562
91875 73692 93741 77146
89920 81780 94271 82530
72766 47901 81295 61687
84693 68733 89378 74161
53190 62237 75451 62479
75537 35296 79167 41560
54827 52270 60740 56203
28307 58380 34094 62925
1233 57136 7325 87117
70553 69697 81647 75594
40605 74077 46618 83999
78429 93864 88196 93973
42567 72156 44466 72320
94264 2505 94441 44735
17138 92970 30448 93847
69356 88965 73331 91076
75812 94297 85850 94427
40244 93467 42625 93980
30715 18807 36079 19912
66316 93335 78193 93831
85938 90852 88666 91497
94202 66304 94317 80020
22743 4349 44195 15677
93133 87326 93161 89355
93633 87558 93756 92445
45213 51310 47147 62647
94201 58729 94280 61788
29320 54267 36909 56081
14303 40143 20795 57290
84316 91832 84932 93032
45426 48962 55558 50283
90935 85625 92783 86558
15825 24545 16292 34230
59935 11821 67953 19037
57398 85353 58029 88616
65770 26677 66682 30295
16351 85738 18704 86739
76498 86806 86001 88215
5400 14057 6702 20761
91900 89996 93148 93260
82075 67489 82764 74623
87002 81180 87502 83681
72206 28484 72346 44435
74992 78050 75304 82837
21265 27017 60227 27817
71817 79837 74198 83235
15161 65782 19294 65782
40944 55580 41833 65616
63638 92783 63778 93656
74427 21294 74533 22383
37017 94287 70313 94419
52511 56723 67632 62055
78173 82523 81988 82763
21425 64735 27448 67754
77751 89592 84063 91123
66517 91637 67136 91864
1532 26037 4486 45855
21309 94448 68273 94453
12345 5688 12384 18200
15284 20383 15642 39238
54926 66464 55719 81045
64742 88221 66784 90935
66997 93078 70874 93215
13462 94283 17759 94376
18865 84612 27322 85242
86278 88289 91901 88957
55149 24515 62624 24651
73875 92264 82726 92287
14329 69633 23439 80396
56518 491 85364 749
71773 31887 72195 58398
82820 93337 94259 93342
69662 12408 72148 16346
91804 66239 93526 70834
43229 67721 43823 70540
77594 9490 77958 26882
21511 47682 24977 47851
144 19210 314 67302
93892 66982 93919 70517
74965 94404 75781 94420
48439 50534 55106 50821
56299 70541 61136 79015
76642 19237 76890 30419
73631 84082 74351 89306
56888 79163 61515 80018
76208 80487 78065 82703
91459 77771 92671 81131
85821 78779 88744 79857
32739 21054 35419 25184
3419 51349 6645 55909
93856 93654 93947 94262
73225 83583 76470 83726
20172 86174 24149 91625
64365 91175 76548 91555
57369 5397 79025 6267
84042 80995 84612 82711
93277 82976 93309 83207
73283 9401 74270 47408
92840 1096 93638 9091
93251 9730 93350 11437
94453 62321 94453 88034
57334 80305 70535 81791
87273 94188 91380 94215
31993 49732 39260 52750
9912 6069 9933 6656
93424 92724 94050 93059
31445 93344 46152 93413
79243 93642 84210 93771
22630 57192 40026 57222
72527 19327 73083 38677
94112 69012 94147 71533
55941 80885 56707 86997
28069 677 32541 2054
94182 1745 94237 11631
43379 24922 58896 26916
92671 82547 92817 85124
91689 71784 92937 73458
94432 72447 94444 73986
85776 66565 89330 66959
86234 76781 89670 78439
86111 75048 89338 75735
53421 88558 57362 88573
78800 83554 84198 83864
87255 647 88983 1520
44428 51477 44885 65343
48617 66123 54574 66670
89934 11100 90126 13691
23986 68880 24101 78266
79750 81859 81693 81877
65874 39520 66044 44034
88682 81417 89448 83505
60212 89539 61788 89808
32470 83825 38228 84163
32703 92949 33107 92951
78685 76032 78839 76319
1655 90562 2768 92389
60011 92832 60404 93486
88369 74376 89995 75024
85983 92812 88173 93184
72332 94458 86447 94461
13214 16215 20975 16443
45074 93272 53324 93301
19365 998 20008 14866
24812 86681 27230 90001
612 41086 910 87908
61485 91952 72972 92141
72334 68206 73457 69187
43489 61299 43701 64827
84557 90178 89750 90214
78698 67207 78931 69416
74947 85185 75603 88038
91255 10553 92051 13558
91329 94010 92503 94125
67244 22921 67837 42466
84379 94148 86720 94157
94445 1379 94454 27324
85161 90264 85706 93241
93963 83385 94422 92655
24327 91030 26496 91121
59602 87409 72060 88023
81430 45990 81452 58041
28335 239 82163 265
68033 36689 68738 40951
85418 94046 89261 94117
5406 3149 7266 4300
83619 75209 84413 79937
28317 88481 28995 90163
70154 21124 71374 24734
47849 53759 51945 59808
94358 56453 94386 69458
60488 92878 61021 93269
33429 82930 39231 83657
29979 87890 45130 88186
76207 63394 81884 64818
75742 91621 80321 91884
20458 60924 20921 62299
24196 80771 33345 81056
74497 65018 78537 66608
74610 76780 75665 77445
75470 83922 75931 84975
70627 44243 70628 59670
44689 49091 45089 50424
81343 66958 84690 67471
94456 63153 94459 70965
58867 63589 62468 63806
94424 57805 94443 62978
89316 898 91773 2580
18361 27910 48728 28162
89536 87363 90471 88000
21386 29037 23104 41583
82310 80164 83327 82160
61093 47983 62417 49143
42340 700 45395 1605
54894 84973 55690 87711
84329 64966 88395 65047
68674 78031 70122 78792
83704 4613 84439 5640
57792 88704 64231 88727
93353 90605 93419 90969
94462 9602 94462 19911
10133 94462 21842 94463
46897 93614 46983 93856
74558 23752 75322 29739
27574 84085 29476 84996
433 12193 4481 15698
62690 63537 63169 70138
90102 83178 90751 86647
50540 88011 54057 88304
46237 5979 50543 6291
55777 49998 62128 51689
86697 79881 87548 80828
56106 94223 63786 94265
88056 86240 88905 87672
74537 66930 75123 69004
80050 65095 82488 65700
94327 93818 94414 94057
79536 76186 83227 76797
83234 69369 83282 74749
91709 89875 91818 90242
89855 94354 90756 94375
14617 67435 19788 67978
27971 71580 28359 74213
94461 32126 94461 67722
86450 12427 86720 15420
75950 17501 76467 19702
12320 94274 36578 94280
63636 20878 66667 22231
35764 20717 39043 26569
91775 93490 93052 93585
11127 1294 11625 14999
8816 93362 16241 93691
64821 78931 73333 79015
18477 30463 21018 35397
20877 85731 27733 85744
77710 77720 80908 77871
89519 94074 90243 94132
93527 84707 93680 85430
43436 87790 51051 87794
94456 81426 94460 93619
89994 76644 91416 77252
74490 12192 75142 20544
90639 93622 92805 93765
59196 92753 59684 93779
4385 94435 75421 94442
40253 84072 44025 84567
16970 86910 18878 88700
70802 33168 71071 58890
16322 17131 34584 18801
71877 93247 78392 93259
88262 10535 89809 15397
88584 94366 89298 94392
33732 80392 38475 81733
47693 4557 68368 4843
13866 94456 76533 94456
65968 277 69874 480
93615 68498 93694 72617
91300 73756 91699 75859
81467 41914 81809 47310
13512 816 16084 13780
63178 54582 67848 56584
92090 11804 93425 14713
81452 93824 84586 93830
75468 27042 76375 31696
82039 57719 82092 61967
93831 74706 94194 80017
36680 77981 39454 78012
38321 94458 54783 94459
22919 94462 78898 94463
58307 7463 59932 24036
90787 87297 91739 87614
73795 4377 79042 5177
94432 93682 94437 94276
87634 94330 88284 94388
24740 82607 39297 82715
67298 89423 67313 90551
93093 93901 93172 93917
51460 1992 84584 2775
75954 93038 80987 93168
3890 93229 8180 93805
57610 90032 61908 90154
92054 88710 92850 88776
68041 66378 68806 72131
72434 25706 72502 60397
58932 67679 62215 68928
62179 7533 68328 7695
29414 82777 36351 82814
1333 92948 14515 93143
76146 6367 82140 7826
93629 72959 94106 73184
85607 94219 88260 94294
76993 33211 78131 34406
8154 91036 17832 91211
59500 82179 70622 82689
13418 93892 34455 93926
30486 84294 36551 84605
76044 88504 78580 88934
71314 47671 71394 58506
94455 13489 94455 38482
63202 62870 64174 70379
38976 59700 40279 63104
57153 68960 58596 70261
90085 89716 93483 89744
74132 89490 74694 90490
87587 90572 90307 90609
89976 93830 93770 93859
8547 15220 9712 23864
61915 77840 62393 77887
94397 47077 94411 65234
63481 51803 65858 53207
42744 47918 46557 48102
70787 63807 71425 66913
84212 9887 89700 10318
94442 93266 94449 93622
57844 90462 63422 91846
79853 94432 87987 94441
94450 70049 94452 82182
81459 60542 81836 62750
91001 86723 93016 86862
19066 85394 20059 91852
84748 81127 86066 83244
66601 36495 66923 38285
2890 5199 9252 9574
94435 88757 94443 89216
77094 78901 80135 79492
68481 45259 68728 56615
15707 57726 16719 61654
69810 25202 72114 28450
53866 68959 54296 86017
79759 37004 81528 40292
47117 93322 49242 93576
81776 51279 82491 54418
57462 82259 59220 84828
98 79677 412 85716
43325 51893 43753 58798
21233 50664 25755 51499
82207 78531 83225 79484
84469 75975 85534 78074
93766 87030 93892 88628
94450 49205 94452 61874
24426 83456 26202 83908
44584 93869 58641 93900
94069 93446 94250 93972
61744 52840 62030 53458
69790 91906 73935 91909
94365 71715 94374 77714
16681 29291 17877 35274
65834 94458 69796 94460
19882 82767 21738 84418
68542 88183 71229 88924
94351 78395 94361 80083
1033 90080 7456 90528
47294 56699 47398 59842
80456 86388 84682 86747
83726 93277 93344 93302
83683 65396 85781 65945
48266 24085 50573 24359
13872 16594 36748 16749
87935 82643 88149 84257
70931 81764 71684 82307
75380 79542 82723 79886
80110 93384 87567 93429
17158 2359 17817 4658
42429 58215 43188 70841
79691 76905 82932 77155
90525 93971 90812 94127
26782 90275 27906 91823
85417 67362 88707 68572
31435 81462 33359 81731
64499 79777 68309 80162
84060 68757 84588 71134
89270 79742 90227 81201
3150 89723 7358 89796
2643 251 8736 395
93963 94380 94238 94432
62371 72565 62670 73034
16709 19939 30443 21515
93922 83417 93947 89242
93731 4152 93982 14293
54712 93520 57496 93588
61855 93948 69745 93953
78748 47376 80485 47499
81942 32493 82282 45594
82505 5710 83920 6576
77126 91318 81726 91455
94067 270 94090 4940
2091 94419 27691 94421
80176 88613 84022 89103
90689 94454 90984 94459
85994 92289 86384 92354
92427 87317 93055 88642
69046 14335 69306 18413
62191 92224 63799 92356
44692 71044 45995 72277
91723 84490 91842 85601
82002 92585 82546 93002
80698 92150 83675 92217
84395 91038 84436 91226
3470 94276 4816 94279
24232 72254 26440 73734
94283 94276 94383 94400
22383 59045 25040 59727
81895 86748 82564 86751
86938 10932 88097 12182
23913 79906 24227 79921
81480 8873 81842 10394
32099 78288 38919 79177
79783 68608 80628 69397
92956 77931 93470 80783
6702 52938 7354 53690
61002 93432 62562 93849
87527 82532 87674 82612
16201 12121 16499 14944
22916 52578 26647 55051
33821 84942 39919 85126
57036 66137 57652 66321
11932 13988 12304 23073
82803 94160 87353 94187
37947 57996 40261 58081
92859 82554 92952 84153
49000 52515 49816 53325
61677 915 78791 1540
61427 77500 68772 77747
93503 81285 94332 81357
61751 72659 61876 73807
66707 87045 69780 87086
24607 78215 24952 78354
91291 93996 92547 94007
93154 91611 93585 92350
43295 94443 48459 94444
43921 59112 44341 63479
93603 65199 93909 65387
83656 65999 85029 66910
81525 83416 85147 83494
78172 14469 79188 23327
87655 74427 88316 74625
26434 92602 35279 92698
67950 93936 69917 93937
72955 64797 74151 65761
17852 58222 19130 65585
91742 90903 91848 92416
1681 94387 37011 94411
67573 91584 68816 91716
89184 89098 91536 89188
65555 11121 65576 11245
54311 73430 54332 74050
15755 87182 15776 90048
34071 92911 34859 93216
60009 19478 61971 21640
93734 1276 93973 3021
93648 83347 93793 83856
1503 9632 8574 10950
27076 47646 65427 47755
85938 93578 86878 93732
94321 58798 94331 77670
2820 49313 6648 49631
89694 91354 90779 91478
75778 78456 83270 78485
5334 20928 6965 46141
36908 16641 39700 17395
77069 8919 77519 12398
16252 86751 16330 90293
82885 83889 86285 84160
88998 86654 89419 88118
87521 91609 87566 92739
89760 76001 90083 76326
25770 77584 25973 79428
70023 32027 70255 61201
3886 90906 4519 91589
94461 68113 94463 81941
94091 80133 94425 80512
74592 84294 74632 88800
14280 26091 14813 28325
88418 93430 90951 93540
89473 86615 89930 87042
74369 32820 77491 32972
54549 71235 54826 81104
76174 94454 89375 94454
5698 94248 55128 94257
90558 92927 91511 93108
92467 81387 93694 81450
83186 10018 83289 15100
83656 6732 84519 9655
73192 85690 73435 86594
74393 9637 75209 11895
6615 91706 12751 91804
91590 76250 91669 76638
14020 61004 14259 76594
41633 2370 48349 2411
62220 89221 62436 89938
1832 49509 2617 52761
61364 93044 63581 93207
93490 77439 93566 80504
52885 7009 53704 7681
3932 87425 6122 89454
72383 94443 86912 94445
86593 81154 86637 83383
33820 77758 38124 77847
77195 12532 77217 15456
5581 91189 7506 91502
90197 78433 91228 79689
88387 94444 90826 94445
4866 31945 5300 35941
93041 83543 93198 84514
93526 90748 93559 91473
67016 73958 70152 75415
94457 18122 94458 60100
93629 94285 93750 94451
90566 87833 92398 88016
50878 48327 59110 48959
20181 22310 30674 22420
59965 93560 60276 93835
89924 77284 89971 78988
90801 94343 91755 94413
45119 59809 45135 70281
91505 82600 92539 83275
32187 49585 36681 49609
25273 76739 35660 77283
44584 94273 47656 94275
45429 5220 46098 11259
83540 2921 90542 2924
89141 65701 89346 66232
8272 93947 32027 93977
94418 44775 94419 48050
89910 94022 90220 94065
61418 9905 62036 11788
31904 3792 35969 4078
52393 93902 68271 93924
83432 91459 84506 91741
29789 79674 38068 80298
41294 48858 42369 55189
84394 93608 84687 93659
6913 47062 7033 48020
25303 2831 43441 3008
94075 73761 94167 74234
24952 62362 26236 62566
64912 24713 65851 25412
85662 1009 87169 1369
65037 74044 66248 75593
22349 67883 26857 68438
2377 87529 3411 87579
64516 93224 69289 93293
63316 93965 71576 93979
35507 62895 36184 63247
93380 85495 93451 85914
73447 75916 76506 76258
80524 4312 82590 4409
87151 94216 89188 94216
78417 93177 78765 93436
48074 50899 52339 51366
64136 94461 66641 94461
89740 64980 92139 65116
78765 80269 79089 80671
29925 56839 30029 56949
20106 60138 21547 60800
60141 69651 61932 69840
85006 78800 85534 78924
50981 93752 55232 93798
64771 48104 67256 50783
93941 73333 94003 73860
94420 67894 94431 77637
20095 11194 21412 13067
18809 66279 20290 66925
41017 70719 42020 74039
76872 12936 77077 14951
34617 94424 58122 94433
78110 83002 79236 83138
90983 94287 91515 94288
21689 81344 22569 81715
78112 76876 78852 76909
90350 80549 90772 81663
27689 75351 28354 75929
842 5663 1337 8645
80536 94223 82264 94223
89041 90810 91014 91291
40307 23958 45921 24054
54352 86529 54828 87974
17854 1662 18309 8992
76689 89462 76951 90345
86754 92677 87406 92808
89880 93889 89962 93908
66204 7070 68292 7099
94339 75518 94341 76569
75214 67325 76378 67421
93190 84753 93332 85869
76923 76094 78441 76180
4201 17866 5350 19767
82091 9197 82356 10191
73102 92064 79846 92259
27971 48691 30819 53398
83618 10962 85627 14098
78411 32316 79901 33334
84634 69686 84654 70646
58298 93861 71633 93861
52718 84878 53635 87326
22493 21554 32413 21828
92373 15254 94174 15263
90890 3536 91240 4873
23815 62983 28578 64269
72046 64130 73098 64467
57394 89281 57557 91998
33285 63151 35125 63481
69295 6714 70380 11609
75066 90591 75293 90700
20020 92887 30638 92922
86129 86144 87324 87781
56698 66631 57889 66641
93975 94303 94051 94304
94256 42682 94259 45660
62981 7860 65150 8321
18519 94325 31685 94325
6214 94455 12909 94459
12973 20913 14947 24295
88420 94296 90463 94322
3928 92230 4889 92922
50832 93969 56026 93983
21664 42488 23804 46630
91950 81215 92094 81768
62295 50757 62910 56318
94282 55080 94304 56897
45196 93585 45803 93639
93269 64986 93581 65992
71738 93861 77922 93969
44033 87851 49338 87859
73372 90710 73992 90801
86736 84235 87478 84250
31991 56553 37322 57071
69703 67023 70017 71310
27413 82865 31069 83376
77080 17904 77161 18775
92136 81151 92228 81395
70173 77449 74066 78697
89161 93215 89747 93264
93529 85846 93549 86363
27045 67970 27567 74745
29092 22948 30809 26337
20474 64775 21150 66688
14234 89111 15437 90058
94373 94408 94451 94420
94449 65141 94452 67115
92638 3184 92707 8233
93366 82888 93559 82981
63766 88035 73376 88153
26756 57382 33343 58037
16305 93176 16533 93870
17596 62615 17634 63288
91454 82988 91465 85536
80700 83117 82687 83364
67635 50864 68341 53443
94425 89905 94444 90189
91882 66102 92811 66130
72602 66999 72737 67423
88800 93082 90347 93107
25156 28171 34504 28234
1701 46955 6751 47743
569 93466 3340 93996
79215 33582 81498 36782
80591 93977 80948 94023
3985 50508 4436 50999
93312 87415 93539 88061
42194 93308 43152 93323
94177 80958 94335 81135
20854 56505 21172 58780
7314 13374 7453 16134
94006 67033 94047 69562
51278 6732 69199 6930
86919 89732 88505 90049
94245 47035 94387 48381
91012 87045 92981 87233
48109 88222 49202 88550
91499 70842 91671 71007
93856 68866 93859 70970
89113 64885 91487 64955
47651 93680 49806 93682
94292 92700 94323 93642
61867 79360 62743 80216
61337 26034 63077 27409
75593 14239 75888 19652
76216 11992 76824 12104
94173 386 94238 1663
70812 59475 71814 61867
44960 84798 46378 84818
71670 83333 76970 83346
90030 85337 90038 86034
60749 92591 61527 92856
1080 94233 1145 94309
82426 82567 83777 83019
66053 8788 66823 10666
84519 79138 85779 80735
60923 8627 65619 9281
77072 1577 85408 1956
14455 83514 14516 87425
56555 10162 57997 16350
64162 79395 74011 79635
88189 76466 89814 76611
10226 20544 11509 21995
19263 68960 20379 68982
35502 62328 37330 62450
24136 81540 24963 81622
90213 90162 90235 90569
79150 80866 79378 81577
26196 51073 26708 51599
94444 60176 94444 68097
7193 37968 7372 43382
91405 2655 91686 3520
74180 94231 74289 94252
20895 49327 21615 49632
57591 93369 58966 93661
23854 72558 23946 78466
93934 65549 94028 66771
59888 64254 61942 66872
42697 73886 46892 73978
65947 79165 74838 79235
10389 658 10769 14250
39831 79364 40411 80748
33521 93655 40096 93842
16278 2905 16605 3722
71554 9860 71826 12341
94092 92801 94135 93158
94425 78120 94447 79202
93250 88922 93273 89598
74728 94243 77919 94243
1726 88942 2669 89727
21993 84100 24886 84477
89889 90391 90055 90469
74853 8048 83559 8691
87259 94403 88809 94419
33343 53024 37939 53249
379 86681 462 88929
18903 94362 27401 94368
87555 87006 87798 87376
2701 94423 9634 94427
42107 60365 42209 68628
94384 73444 94390 78369
14005 90970 18350 91012
94396 73222 94419 74568
71641 62911 76977 63177
79602 9449 80748 10478
12810 15879 26661 16065
70944 6921 71442 7068
69043 68835 69623 71260
39347 79330 39537 83039
52873 93362 54673 93500
20540 4321 21820 4795
69876 17618 71152 19326
78577 86617 78963 86798
221 2375 925 5284
17636 94235 32474 94236
90471 89793 91124 90333
81669 55119 81834 59406
94443 33056 94452 46119
70287 69158 72117 69488
21391 61692 22014 62099
32346 79270 35968 79440
76956 89112 82310 89336
35083 53382 39201 53744
94047 80895 94333 80919
44646 84080 45473 84426
78722 88420 79901 88840
835 92801 1070 93115
58215 88361 63274 88467
511 38557 526 72966
80174 61809 80841 62697
22103 59925 27782 60038
89563 89936 90129 90098
63155 23411 64349 26464
15425 83795 17304 84589
37347 92672 37747 92805
93266 93590 93464 93793
25807 92090 32713 92166
68960 65725 69138 68335
79116 68233 79474 68629
87739 94458 89903 94461
52529 52453 54205 54206
94158 82927 94433 83039
35039 92294 36606 92411
71205 67686 72255 67691
15893 80556 22804 80803
58641 85202 59384 85295
63944 20079 68442 20321
45290 93937 58891 93964
92296 71434 93575 71766
58358 86690 59170 87028
84974 78291 85328 78390
31045 94291 32150 94304
86752 90307 88432 90457
48940 94455 78166 94455
55682 94278 67147 94278
77258 323 77451 420
44904 62162 45043 67010
94462 41218 94463 49846
83321 89118 83990 89222
46065 64477 46555 67978
14373 90642 14824 90823
38875 80041 39129 82348
39293 51818 40328 54310
82572 84258 86303 84279
73105 40385 73212 47120
94340 65870 94342 68785
15967 22741 16042 23381
87580 87685 88665 88172
90031 73690 90990 74675
77962 24158 78943 26804
48008 51841 53323 51981
81555 49384 81742 51167
56065 62066 71376 62105
15780 64355 17738 64415
30869 83503 32235 84284
82350 59841 82602 63611
57988 88838 59329 89710
26370 80249 26590 80591
20966 56130 31665 56466
26503 74128 26848 76269
74397 67424 74471 67450
42188 55499 42578 56538
46497 6299 50294 7738
76064 85137 76105 85678
36375 58000 37223 61976
65433 4038 86932 4216
81823 93982 85255 94035
5579 94225 5883 94235
87763 93478 88149 93690
94455 61797 94455 81728
68017 26201 68047 31799
59129 49260 60133 49808
72386 46725 72400 48452
44072 88516 47216 88557
91034 13533 91226 14301
90297 65146 90782 65324
94445 61627 94445 62618
81799 91818 83549 92041
78260 8950 78795 12711
89830 94424 90860 94438
67044 32912 67177 46349
81605 40449 81737 41610
150 91503 818 93303
94453 93824 94461 94288
49171 1275 53647 1422
21143 41946 22248 42061
45975 72460 46953 73138
70056 70283 70243 71687
39837 48066 41175 48968
74493 37975 75242 40831
86390 76348 87159 76395
954 94232 1068 94458
52209 54447 52549 55250
72969 84101 73057 87502
25908 56610 31722 56708
49766 5118 51284 5922
94459 19120 94460 54341
51598 4170 57233 4300
94447 58073 94448 76030
10776 14993 10910 17148
22973 51604 27495 51741
58193 87532 59337 88089
47536 48654 50576 48928
34571 16013 41532 16175
87188 89530 92248 89578
63589 72934 63794 74907
68256 91720 72374 91800
41964 48411 45806 48468
68903 11299 68948 15476
1430 94258 13780 94273
93869 89840 93939 89905
91768 92688 91805 92744
94070 66779 94104 72844
12422 91408 14916 91490
91493 91059 91705 92341
31228 47959 31434 48447
91140 90430 91820 90829
92063 2067 92781 2230
86200 93765 87053 93770
27483 88277 45918 88449
15328 80881 16554 83115
80618 92470 81337 92713
68690 89005 69197 89830
93952 81396 94315 81515
73333 93202 78061 93213
1486 94350 6469 94378
74418 93840 77137 93840
94445 63717 94446 67838
82295 43840 82344 44039
85658 93799 89654 93861
94261 19165 94261 34695
53171 55642 53681 56130
74736 88231 78864 88268
59289 87260 72441 87325
35228 1584 35702 1880
66290 63777 69804 64105
90275 93634 90612 93685
14088 50847 14203 59905
8896 900 9163 1998
75079 46538 77293 46828
88991 93680 89376 93714
10885 22701 11350 26616
1970 88492 2714 88525
94442 31901 94442 51002
87968 71 88568 540
74829 93083 75398 93132
44087 24148 44402 24536
77223 66918 78792 67016
94452 85940 94452 92397
71452 16956 71919 24889
31882 93510 32917 93544
15871 18906 17308 19088
90253 93995 90432 94028
90383 10344 90650 15387
46561 64280 47229 67055
27206 77294 31340 77833
15632 90016 15644 90793
65772 6481 67311 6626
60818 88810 62175 89313
83753 72148 84462 74878
62834 77383 71499 77399
57394 93761 57961 93802
75367 10783 76880 10948
93404 86473 93454 86499
1069 34659 1250 45895
56416 87257 56814 87582
32578 92344 33298 92410
86773 89072 90578 89074
47603 66300 47958 67364
93221 93193 94141 93194
94434 65090 94435 71333
94424 91171 94435 91754
73381 64178 75724 64481
