53069 986
17573 51213 17907 52561
35542 27953 39336 43960
17119 45018 52069 45797
10145 29227 10741 49719
34190 51640 41989 51908
16694 50544 50790 51016
43546 39890 44025 40594
17926 32722 34784 44734
22438 9180 38035 27342
35351 5414 51718 5448
50810 15975 52879 38303
21397 49256 41943 50402
28992 51925 45725 52787
2884 17716 4389 26600
39936 6351 42403 6530
12671 25447 16705 35459
40424 21838 40627 35960
47533 23038 48222 27898
19034 52917 51263 53010
53009 30309 53048 31539
48149 7421 48414 22755
46360 40768 48181 41877
31232 46988 52988 48572
17736 29710 30340 30527
51636 49067 51767 51597
49086 5969 52154 10351
44747 28953 48870 40356
46500 46412 51298 46888
8146 5923 9159 47956
14509 5486 14997 18242
9393 24662 9645 31904
24152 48239 29030 48672
2377 44497 4829 52371
42419 11729 43674 33592
45717 48814 47210 49305
1410 23404 2850 42784
11220 36249 11769 41972
30983 3414 31705 3448
43740 8618 47244 25929
10073 4228 11305 15704
47985 42409 50254 44598
19326 45854 31447 45888
52297 51462 52687 52919
17054 2775 20386 28361
49828 11850 50162 30524
6535 37362 7498 39308
49152 18778 49260 39390
21327 2772 37955 3247
46445 51412 49008 52134
26461 47030 27221 48084
13202 52340 15702 53038
11803 32027 11811 32839
21694 51869 23494 52145
51222 38463 51825 39191
52367 39746 52890 42851
15256 18950 15671 22999
4899 50230 10953 50246
6802 1001 7298 17997
32515 27366 33318 29321
36715 3497 37070 4227
49407 26532 49504 31121
17761 49504 19510 49630
49502 36347 49559 40383
740 48360 2220 50785
50796 1599 50957 4895
47322 48811 50989 49370
41113 35933 41683 42977
45738 42111 46366 42191
28379 47848 29356 48116
4812 52727 8122 53067
12910 44865 13293 46148
50552 51105 51255 51835
25422 52062 28329 52111
38464 44102 46094 44892
52229 48907 52314 51253
48949 14831 49066 29849
52224 40962 52316 45145
50961 39436 51051 41447
41253 11315 42028 16343
49298 51403 49460 52130
7613 39266 7786 45026
10730 51566 14416 51778
41488 15 42761 5072
4417 11010 5251 41025
48916 52228 51006 52487
52981 19486 52993 20438
6613 44263 7191 45505
47886 52709 48240 52785
18368 1035 30748 2704
39669 34618 40280 35310
50578 24869 50767 39040
15433 38927 16414 51027
45821 52199 48749 52669
51856 48903 51996 49058
5451 27927 5546 30318
13509 37143 14126 37535
25194 48688 40959 49019
52876 51009 52992 52502
38843 18838 39510 25251
48322 52730 50563 52827
13208 39763 13758 44836
52947 11089 53053 15799
39858 36966 40344 38854
39819 22736 40280 24173
24228 51182 32109 51678
52225 3516 52875 12943
51608 41339 51736 44190
42009 48740 46152 48785
39397 8426 40161 13626
5475 21068 6274 26974
47263 49978 47574 50398
29852 45993 32920 46344
53057 15962 53059 23195
50425 28176 50561 37733
45518 6434 48333 6713
52924 10368 52934 16757
42704 34772 44566 38836
5569 42794 7114 43958
41103 29677 42299 33076
10203 17449 10700 19529
47374 10613 47762 15344
1561 50926 2153 53008
20619 31520 27439 32125
20656 27996 23347 28075
11420 11257 13623 24965
42099 51712 44318 51905
42784 42294 43414 43904
46113 42694 47444 43144
27015 3828 27541 7107
53057 43141 53058 48674
10051 52089 12969 52351
25969 46413 45310 46829
40750 13536 40956 30862
29869 5502 34468 7413
20661 28215 20969 29469
53007 27287 53026 28862
21563 7922 21653 8848
51058 53060 52690 53064
52896 39848 53009 43458
49707 32307 50312 40868
21662 5061 24570 7892
35135 902 37753 1952
5673 50817 6920 50920
41504 8205 43299 9953
48457 14240 48748 24158
49318 664 50767 5272
49382 11379 49533 12847
43998 27067 44478 28084
53006 48344 53006 48427
39407 52809 47156 52885
20424 25737 20877 27619
8016 26474 8123 30367
48616 49999 49861 50231
13964 38818 14954 44122
52399 48659 52895 49043
6238 29407 7569 33476
50310 45876 51155 46305
5210 52349 10016 52591
52565 50597 52733 51145
20021 45899 20852 49453
52376 43421 52551 46211
43531 49676 45202 49887
789 51529 1377 52173
51445 45888 51789 46030
52179 13306 52670 15722
42709 48843 44742 49378
11632 2240 12838 10279
52799 49739 53050 50264
25227 49232 29642 49241
17321 31597 17773 31898
3096 39892 3280 43731
11094 44993 12834 46775
9566 52670 10330 52751
974 27201 1056 29663
35211 6886 37445 7932
27723 52510 27740 52778
51253 47 51720 1142
49338 41616 50685 42076
49527 23686 49659 31210
35942 53032 45891 53055
52007 52195 52164 52732
53000 45198 53017 45943
20173 53057 46052 53058
52041 48894 52070 52040
51929 53033 52647 53038
50566 49485 51065 50539
51302 51748 51495 51864
16675 40637 17380 44437
16933 47482 18383 47841
285 14942 779 29784
535 6182 583 8857
5283 3336 6440 21006
53022 45124 53046 47928
41546 26682 41636 27158
12087 51095 14500 51534
47402 44012 47907 44496
1279 3659 2801 17178
221 52265 768 52864
52838 52837 53028 52889
49697 41027 50780 41244
11948 52623 12623 52940
39782 43055 41084 43786
19013 46987 19369 49024
43231 535 44319 1643
18009 52159 27415 52626
23431 27729 28493 28209
53038 38151 53040 41659
38143 16089 38802 25558
52048 11029 52113 13993
32995 45804 36841 46138
44204 1862 45651 4341
34485 51309 35160 51381
29845 31273 33572 32426
46349 1995 46589 4104
15491 36798 17515 38860
929 44945 1111 45868
48759 19024 48808 26845
39738 16319 40010 17749
10847 51477 11507 51527
12222 40653 12707 43805
16061 47 19719 925
11063 47435 15211 47755
52000 46231 52363 46330
41163 21396 41338 21686
37204 46869 39828 46910
32186 52889 47255 52899
21314 46259 21786 47784
3465 43992 4073 44071
53010 26137 53060 27114
45411 51047 45602 51243
53019 31686 53028 42263
22695 53015 37074 53028
51357 39870 52263 40937
47226 52848 49968 52851
11989 26626 12034 43482
52888 20310 52941 38061
22970 51770 26160 51816
44369 43377 45980 43767
23400 50450 42978 50498
48923 34735 48977 38128
9201 31191 9225 42708
38417 25675 39864 26031
47463 979 49291 3511
50622 42283 51305 42959
52337 46721 52488 46854
52892 1918 52959 6962
52434 38894 52690 39327
7248 50834 12939 51012
9694 39431 9988 42183
51861 44298 51934 44299
13083 3806 14182 8503
40047 7121 41033 8311
10978 22717 10997 34163
53031 16075 53031 19989
6565 46916 7150 49170
50167 10592 50288 21155
37567 51458 44839 51485
51401 52441 51704 52512
42553 51517 44773 51631
40490 2103 41220 4434
42048 39782 42571 43917
28886 4981 34288 5390
45078 50121 47096 50477
39608 26934 40101 31634
20494 30913 24921 31381
51498 3022 51957 3582
45125 40398 45551 42964
44374 49507 47892 49615
53065 33130 53066 34686
52827 49211 52943 49364
52086 51312 52281 52105
4871 43689 5062 43826
53041 18683 53049 23270
30516 793 36435 819
53065 44894 53065 46122
774 43831 2518 43944
22723 52798 36949 52799
28512 47168 30527 47557
17498 47845 18298 48368
69 38318 117 43358
51123 49947 51410 50164
52647 43715 52752 45194
50793 52705 51232 52798
20449 4827 20864 18468
44953 48605 48580 48607
51127 10797 51650 15163
16984 34396 17056 35872
21274 207 21366 581
30418 8291 34037 8413
48774 52611 50758 52694
11276 42553 11283 43361
42070 45841 46469 46112
46301 43381 46911 44899
34044 28183 35003 29391
52267 38370 52608 38375
51419 42229 51495 42422
16304 12096 16779 16284
35789 44358 37756 44788
3067 52744 3378 52906
53066 37366 53068 49570
48481 10042 48643 10864
48875 10354 49588 10924
52803 52907 53050 52972
40965 8511 41144 26505
34990 5908 46328 6179
52330 40032 52335 45502
50330 33538 50404 36978
9884 22029 10873 24640
3826 36788 4190 42698
47405 16221 47762 16925
16693 53036 33614 53054
49449 15390 49630 17408
53063 14642 53068 19003
52253 52759 52281 52784
53017 6079 53019 9130
66 51475 612 51789
52881 7059 52972 8682
22341 51040 22744 51242
6921 247 7699 804
14678 51816 15217 52010
22238 46439 23820 48873
50462 53031 50877 53040
8179 52938 9852 53009
26832 44742 33181 44958
46122 53047 51879 53053
44662 26651 46191 27799
47280 17199 47367 25719
38940 11720 39205 17191
50551 42255 50556 43871
15012 38451 15122 40136
52992 24690 53001 28853
43978 50144 44543 50530
46850 26768 47146 27988
6657 51055 12040 51338
53003 21330 53003 36854
21745 52690 27578 52791
6359 41007 6682 42538
32092 1229 34207 1948
53063 51243 53067 52756
53056 6028 53067 7223
12492 48915 14962 50378
49749 25978 49766 31484
15674 53059 45756 53067
34292 52823 36997 52864
18040 50184 18904 50218
33403 30678 33587 31040
12759 50480 14132 50551
38986 51204 45268 51273
16159 3549 16735 10566
39598 39406 40442 42790
44823 43778 44854 43915
38248 10276 38683 13942
18353 49273 19826 49287
6578 11278 6631 20556
38899 7596 39383 10995
3833 52560 4944 52640
52802 52766 52835 52875
43697 7173 44083 8102
13298 48039 13750 48438
31441 4765 37331 4831
52893 18339 52939 19615
50542 39745 50561 40760
7615 4686 7641 15932
9498 16534 9530 24169
29803 588 38562 632
5912 45319 6467 45963
51858 52988 53010 52993
52507 1662 52912 1836
3282 39521 3546 42879
27919 28679 31939 29438
3860 4367 4232 15158
50380 12124 50427 27857
15938 17413 16294 22701
52736 52204 52771 52427
51060 52380 51315 52406
51790 49218 51940 51722
52407 50209 52650 50555
46913 1306 47203 1829
49141 25178 49142 28696
7638 24790 7682 28838
50483 43927 50974 44744
29355 8839 34097 9086
5783 50538 6038 50605
47024 45859 47809 46367
51552 51201 51570 52373
50554 12359 51005 12403
17037 48097 17046 49751
172 46130 2078 47509
49962 51454 50198 51689
50683 16960 50778 23927
39127 52791 44064 52808
51323 46296 51767 46710
25227 52813 35687 52817
38577 2514 38778 5028
47821 49747 48028 50291
49504 53065 51563 53066
15297 51761 15487 51899
7153 25538 7253 27510
8853 52080 9977 52266
52975 23338 52975 26859
14640 44741 15260 45449
51818 12654 51856 15320
21659 17376 22045 18637
47330 53015 52319 53027
46783 3706 49138 4479
53063 32165 53065 33048
51957 46481 52233 46843
38066 15763 38076 25708
35301 28246 35361 39624
15254 8883 15478 18354
52905 10121 52907 14513
53052 31820 53056 41659
42352 26082 42405 33636
51415 49527 51540 51440
5369 45564 5911 49725
42495 49633 42806 50398
7720 48290 9428 50127
49019 31264 49035 36256
10776 46460 10917 49638
44078 39679 44431 39824
49100 39734 49434 40199
48622 45881 49143 46237
45336 51331 45499 51889
7139 18772 7468 19923
44842 46842 45914 46882
9990 43263 10078 49210
53018 51129 53021 52055
34079 29630 34131 32140
15861 52826 19366 52853
51600 49058 51610 51849
13927 44875 14267 44879
21056 24626 22007 27172
29367 27352 31278 28454
40270 13049 40567 15132
43524 1917 43553 2172
44155 42627 44786 42850
53056 11530 53058 14899
18978 44976 50804 44984
5679 51551 9055 51730
48814 17168 48947 26441
49313 17329 49316 34169
778 60 992 4453
21366 20276 21592 23589
36651 44914 43912 44929
40557 36559 40847 40809
22125 45952 28060 46398
51787 41850 51850 43009
7870 6688 7945 32084
52961 30340 52983 33192
51909 52349 51956 52709
52756 51688 52779 51724
21221 4665 21272 23328
52991 48988 52999 49690
47177 52733 47761 52805
9290 13861 9870 14070
52372 50637 52460 51290
12760 42064 12977 44038
52750 46430 52968 46533
49548 51667 49796 52072
41645 51027 42980 51115
22157 11979 22336 15880
44405 30967 44542 34644
15571 5436 16104 10734
5335 51904 5860 51953
17298 32180 18832 32193
46977 51326 47536 51361
40844 53023 41080 53028
52880 13391 52885 39667
41154 35069 41784 35604
5890 28108 7269 28248
51344 52234 51357 52564
6608 46062 7253 46210
9747 30852 10061 39424
4602 3083 4925 9209
39533 40590 39597 43843
52100 44548 52112 45096
21710 52834 33416 52862
51697 52513 51890 52542
50763 12733 51031 15026
9902 1373 9946 18904
49501 17572 49538 18510
41740 16402 42357 23208
51827 52746 52156 52936
53052 42801 53055 47660
11267 48488 15182 48898
28184 30815 29574 31683
25751 49174 27685 49185
47378 16983 47675 19867
52948 35063 52977 38644
18423 51233 19683 51633
43934 28638 47621 28685
10784 50675 12181 50787
48805 6445 48946 9338
24860 51723 33897 51749
48662 46315 49810 46355
42904 48711 45927 48714
44047 29430 44205 30194
53029 49338 53046 49603
52964 53040 53039 53059
51192 39862 51296 41007
2910 2936 3848 5394
53051 50632 53058 51910
31786 166 34055 449
10373 52768 10939 52886
33145 2245 33316 2506
7558 18296 7773 20436
27973 6802 28339 7952
47548 51080 49397 51197
26835 7980 27702 8386
14320 4614 15305 4739
50354 15674 50367 16847
28024 4700 28617 5374
53053 48978 53064 50261
1274 44351 4651 44460
52489 49192 52694 49822
47273 10082 47295 14359
26727 51758 28309 51897
42307 32155 42337 38831
1091 27840 1397 39300
21625 29155 23740 29698
28326 52257 28977 52708
42854 46199 43638 46309
18986 29287 20548 29493
52944 19387 52966 21442
47409 22751 47510 28242
13813 10677 14109 11496
51606 52010 51892 52088
52341 3117 52368 3184
13742 315 13948 3127
50385 10531 52002 10740
17064 48484 18207 48566
11077 25603 11123 29780
6933 35541 7308 36121
17604 35097 17873 39804
51336 49764 51355 49909
11406 26897 11538 36119
52818 38889 52823 39164
45879 7238 47044 8615
50899 39103 51068 39181
50646 18726 50663 19671
52765 44261 52937 44386
53059 32407 53062 36661
21592 48449 21987 49033
49400 31143 49449 31728
35142 39723 35517 41697
28596 7019 29252 8338
53014 16589 53030 20308
21601 20788 22014 23828
52863 44996 52978 45364
12140 33109 12603 33912
7827 15246 7856 44241
51714 15697 52034 15728
10132 52942 12561 53016
40299 46220 42380 46412
53064 38117 53064 46740
49349 27750 49392 27813
52584 46370 52603 46978
43816 29491 44041 29996
13686 15453 13913 24522
52832 50911 52865 52558
3139 52918 3967 52980
18232 52683 20800 52697
23500 51891 24926 52144
16499 51498 17490 52483
48311 23146 48408 23998
49198 51254 50381 51396
49134 49428 49483 49606
7441 46675 7813 47131
53059 39947 53059 43318
49103 22767 49134 30536
49341 22914 49374 23839
21672 53030 33689 53033
49834 31135 50011 31228
37908 52813 39300 52846
50178 21629 50363 30876
21301 7172 21447 20214
41261 28101 42171 28324
3567 34193 3788 37350
17820 53017 20688 53019
48809 12285 49034 14024
24837 6073 24864 7090
34831 32539 34980 38861
1764 18435 1924 18958
31908 51135 44535 51180
49320 33136 49366 37265
19777 51442 23337 51564
27662 49123 28155 49149
11808 49114 12198 50526
49299 21907 49302 25533
16700 49770 17770 50409
46092 42028 48339 42102
35079 51614 36427 51621
38931 51372 40053 51452
36203 51506 38416 51602
937 52219 1239 53062
53010 9560 53014 9833
47976 52863 48754 52882
53049 878 53063 5364
48953 44617 49243 44717
37044 45923 40168 46206
45823 42538 45893 42820
1952 224 5274 276
51069 1841 52163 2632
51952 49960 51990 52261
29757 7619 33926 8054
51824 43224 52159 44239
1310 20127 2310 21596
52049 53059 52854 53059
9830 20815 10272 21754
3565 31753 4144 32849
43890 51102 44846 51118
19508 52669 20988 52680
197 7615 233 29823
327 36022 386 43418
20461 19326 20888 23540
30626 3600 33303 3889
44454 40059 44550 40698
52651 45511 52691 46776
51188 52818 51440 52905
34985 42613 35487 43597
50769 52601 50872 52659
39229 3198 40371 4204
51535 40981 52131 41123
53059 7383 53068 8132
15220 52094 15924 52137
50595 16311 50611 22620
51530 52807 51561 52889
39603 16023 39735 18909
40927 35200 41009 41522
26228 32372 26382 32424
52088 46014 52236 46141
34357 53033 34486 53042
38977 48596 42971 48621
39642 35334 39891 35591
52793 53015 52820 53036
5746 41262 5798 41841
45239 48945 45551 49432
16550 52783 18092 52807
41391 18016 41393 24709
36966 51273 38781 51401
43801 26049 47197 26139
9602 33703 9631 49662
36627 5194 44126 5250
48836 44764 51190 44868
51885 52954 52629 52983
16517 44613 16695 45173
14618 53056 15480 53063
22303 22483 22409 26187
40345 9606 40919 10503
49076 29936 49101 30967
29862 48036 30241 48100
46054 42196 49301 42228
48348 49828 48537 50521
53012 51454 53013 51593
53065 27144 53067 27913
44367 38855 44670 39171
13698 52213 13844 52258
21105 44800 23463 44842
40696 42318 40980 42777
47810 10198 48008 17570
41194 48700 41416 49028
52137 50559 52137 51099
6182 35844 6606 36080
13463 37 13717 580
50445 21873 50493 23911
43040 46920 45161 46928
42723 39325 42873 42046
3002 6666 3215 17665
7492 51350 10037 51483
9998 52228 10021 52338
49646 53045 49646 53045
45757 4467 46725 4992
49511 52865 50451 52870
53057 51928 53062 52700
18282 51941 19139 52144
17790 49671 18083 50095
48640 53055 51868 53059
23870 52875 28468 52915
53004 37961 53013 38245
52982 1223 53005 3823
50002 49663 50553 50179
52988 52555 53026 52710
10316 362 11832 1945
53039 51343 53041 52557
52900 53022 52940 53025
48763 10186 48848 10632
22452 242 27919 494
41059 6986 46441 7123
53025 1613 53037 2235
16456 52952 16838 53035
787 40028 1008 40817
2521 52397 2606 52943
26302 533 28897 557
43488 43637 43968 43772
16978 52887 18667 52996
3019 32957 3727 33377
5826 33801 6459 34897
52558 51331 52828 51347
19770 49659 21122 50355
15473 51296 17535 51484
12932 39717 13158 39925
24325 30559 33442 30600
51628 3673 52187 4273
50279 52160 50496 52201
52775 13401 52783 13539
5011 52006 6660 52226
26175 51917 26304 51968
52322 638 52391 1093
44724 44928 47211 44935
13382 35723 13817 36314
52440 39356 52776 39412
45980 28281 48856 28398
39401 16040 39523 17364
52936 17692 52974 18208
43540 50160 43828 50306
45211 49769 45799 49828
43976 2432 44177 2623
53059 45527 53062 46799
43683 9448 43736 22698
34516 5263 45856 5343
26218 28353 28030 28606
52965 27818 52978 30032
7244 34878 7809 34928
51990 42053 52152 42542
44179 39878 44346 40426
52709 52464 52728 52623
52337 39251 52348 42085
50437 51137 50517 51767
44165 53025 44274 53028
49269 15972 49282 26719
12825 39477 13381 39607
5390 33398 5555 33784
40804 32342 40842 36450
4293 1261 4483 3750
50016 50369 50401 50454
51438 41283 51582 41925
7800 1521 9688 4791
13210 46973 14676 47011
27300 47949 27374 48140
2092 43282 2355 43737
2163 52675 2279 52728
41556 48636 41858 49008
45101 50484 46047 50516
44612 52800 45482 52807
4943 51836 13384 51867
35818 52909 36600 52909
15817 521 15995 4893
48970 52499 50102 52562
24023 51076 28481 51159
45958 51921 46260 52017
48062 52695 50084 52695
21045 9396 21049 25609
46900 48677 47513 48777
49276 41076 49462 41474
18163 32195 21693 32258
19689 47696 19936 47999
4946 44942 5090 45017
41825 36429 41833 38858
21560 18073 21628 19110
53041 32306 53048 34186
37129 5813 42777 5865
1516 47553 2342 47799
41500 51322 42988 51448
5329 50648 11602 50663
27111 51020 29846 51046
53035 3995 53038 8564
39 52876 454 52886
51348 39456 51831 39632
40176 30352 40347 32609
7794 51899 11486 51948
16693 19276 16976 21549
53035 37448 53037 40425
52308 38566 52328 39613
43374 40 48579 518
16944 46104 19877 46378
45966 49891 46096 50008
47593 5580 49748 5662
50553 52890 51061 52912
43892 26532 43917 29312
52692 14254 52851 14654
116 14798 164 32921
21358 51110 22143 51134
47224 41893 47368 41955
50686 42995 50739 43311
11465 43845 11889 44605
40652 6780 47414 6984
19030 31276 19631 31795
11128 18468 11277 24984
22076 25392 22159 26546
50582 46307 50681 46344
47887 20290 47947 20506
13064 42762 13167 43026
42426 7289 43084 8006
18201 50477 18814 50477
53017 2669 53017 5697
33421 27794 33731 29869
16701 45250 16849 46264
9751 53043 11913 53045
47541 42298 48755 42405
28531 46940 30830 47021
52775 45864 52857 45875
5797 52690 8891 52692
52858 52898 52864 52906
37417 53022 39961 53027
16044 23037 16473 24273
17097 48891 17353 49098
34914 44443 35033 44470
29795 51786 30705 51893
50083 11003 50147 11199
42459 34486 42757 34597
23316 28592 25866 28728
18221 48496 18275 49000
48477 11367 49140 11871
24581 5672 25291 5843
52869 52518 52904 52665
51508 52600 51561 52711
21421 50407 36711 50427
50457 14146 50639 15813
49678 16956 49805 24993
43847 41481 44019 43000
5531 51277 5871 51395
15881 52898 16380 52988
40385 1280 40443 1294
51825 82 52644 264
50715 15340 51139 15917
44083 40758 44191 42255
34712 30585 35107 30832
17934 46465 19323 46516
11129 28880 11161 33496
39522 33925 39546 38259
38570 46937 45762 46967
52992 16511 53013 17583
34251 31436 35099 32186
18084 28812 20180 29021
41680 33609 41983 34377
52008 53065 52038 53066
50587 39282 51638 39424
1350 22968 2750 23361
25264 8340 25629 8887
19149 51824 20758 52003
50852 50727 50890 51037
30502 49095 40854 49181
31022 29759 31804 29899
25873 46532 25951 47771
46695 49732 47017 50007
52677 43052 52778 43507
16753 26531 16872 30758
52674 52935 52792 52960
30014 32563 32884 32577
53047 45735 53051 49195
16951 46901 17056 46907
39590 22569 39648 22844
27049 53011 46971 53011
53025 50278 53025 51414
52798 52723 53020 52745
24811 3623 26530 5002
32937 46912 38332 46932
50602 51984 50713 52048
43064 33966 44234 34507
21664 11465 21847 12879
45606 51636 46120 51771
45910 52135 48870 52167
52781 44486 52967 44875
52872 52767 52929 52806
36631 46377 39144 46392
2608 18999 2733 19916
42572 35600 42578 38320
52267 52133 52267 52248
20038 51034 20421 51392
42994 2792 43340 5019
51008 41953 51351 41972
36093 3373 36455 4345
46312 1058 46510 1089
53016 31687 53018 38293
332 47700 442 48630
49750 10501 51039 10519
50477 11284 51109 12194
1953 53047 2850 53054
53034 34212 53045 36998
19445 31988 20587 32018
24232 29042 24985 29341
45990 51272 46153 51589
34829 40053 35091 41415
34148 132 34267 169
15236 5680 15305 7477
9650 30270 9669 43252
51367 52044 51508 52165
13699 15145 14073 15314
13631 37891 14655 38396
48880 35113 48897 36760
24131 32454 24929 32618
51175 46070 51758 46150
49339 37396 49379 39211
52173 44999 52191 45429
38708 7074 38749 12087
53029 36172 53029 44697
49291 48677 51088 48718
43107 34519 43433 34575
42978 41011 43653 41238
34911 9091 36888 9126
3364 6236 3571 17024
48395 41219 49246 41323
53001 51982 53012 52363
31422 52883 35683 52888
48948 105 48953 791
52594 42919 52599 43276
2485 18850 2553 20012
13941 45881 14076 46767
22529 51860 25523 51861
543 30956 992 32634
42589 43191 42635 43392
4905 51615 5537 51806
943 14805 1228 17715
41437 19768 41469 20243
51669 52740 51801 52928
8240 51960 11597 52049
44088 40124 44120 40314
17528 52583 17809 52676
51473 44479 51520 44606
52352 39615 52352 42624
51922 41387 51934 42252
52989 22283 52991 39505
52974 6364 52981 10875
25912 5342 26712 8867
51086 49450 51138 49454
46111 49406 47956 49505
10674 52459 12388 52551
35409 34411 35484 34683
52690 38392 52789 38754
34958 3674 35071 4008
41988 37039 42254 37707
6962 22292 7532 23282
41823 41473 41856 42297
49714 11844 49745 12835
46661 53064 47011 53068
9258 32380 9555 41734
5419 38903 6221 40509
37332 27560 39102 27912
44626 30823 44698 31101
49754 12032 49796 13296
43350 50398 43390 50441
40948 53015 43663 53020
16848 31234 17608 31465
40094 17528 40287 20091
52099 50497 52178 50517
39351 27731 39444 38432
43057 41425 43117 41512
6582 46245 6808 46311
48860 41646 49002 42105
34220 8356 36865 8806
52717 46272 52870 46397
53030 33644 53030 41031
46977 28414 47048 28526
47495 6736 47495 7693
41868 36027 41977 37050
40631 13920 40747 36118
45107 7241 45220 8431
15051 43895 15431 44093
39579 33353 40275 34082
51556 52994 52647 53002
50640 52817 50908 52865
52346 49566 52371 50031
47379 9491 47519 10482
37643 53015 39529 53015
29343 29477 30988 29556
41839 10786 43202 11258
10875 19507 10906 37482
44251 41708 45118 41980
52517 50970 52529 51328
7061 52712 7988 52716
6181 51870 7696 51894
17132 34755 17290 35780
34488 51024 36751 51032
4578 42086 4708 42895
14215 81 14293 12591
52969 27039 52983 27691
33486 3297 35254 3515
51325 44677 51524 44894
39306 13838 39487 15167
42179 52906 45597 52909
52760 52557 52771 52719
44507 51664 44819 51895
25644 52655 26739 52673
51133 42014 51304 42100
33386 51490 40862 51496
9952 52908 11811 52927
