82074 1215
24700 17509 36761 24283
45927 81880 73109 81937
58717 78412 59427 80486
41855 40080 71618 62398
72820 24085 79627 34685
81229 76718 81946 81535
20685 53109 31973 73995
56014 25522 58190 27452
41629 1804 65994 7824
39387 10907 51419 18569
74826 78552 80080 79139
74714 39418 79520 56987
66589 75277 81206 76971
9825 25112 40398 38602
80351 25413 80608 28058
59780 79445 65227 81042
7218 39536 33943 52639
36905 71734 54955 81706
80283 54570 80492 67325
64180 69613 68235 72921
51861 67572 61212 69795
65749 62564 71522 66835
73709 6964 74575 8164
70002 77904 72070 78880
72453 69810 79553 73868
81946 2625 82054 24699
81355 69432 81968 74640
82066 2128 82067 65857
1127 73758 18728 76033
61089 26769 62574 30342
75992 955 81335 18029
8991 59562 13561 72664
68894 68995 70871 70600
70378 11563 73157 21242
81524 62500 81852 68380
81728 52183 81762 55624
41715 8222 73295 9614
59281 34309 70270 36460
76111 69550 76914 69575
70539 67411 75415 68571
80833 42554 81086 47296
72432 65867 79813 65893
57153 20215 70307 25124
72223 77372 72976 78686
79259 79142 80443 80263
41347 21977 50321 39803
81979 69304 82054 75731
877 1725 14565 13545
70660 79284 76112 79962
81863 49359 82035 65825
18069 77610 25273 77706
3988 81798 14945 81835
64779 11400 65264 17960
80919 48769 80927 70998
65973 26963 67394 29478
15294 11863 29088 11990
78914 77534 79024 78097
109 26166 7136 62960
37302 49421 40031 67990
73984 58177 80175 65149
66123 11456 69279 16358
10990 78633 26118 80912
5137 80922 28061 81460
81593 6916 81828 18238
80345 32045 81372 34721
18893 53591 19903 68592
1010 79715 6828 80283
80314 36373 81474 39884
32691 57211 35357 72027
55992 74094 59637 76931
81035 48992 81246 54974
21793 81809 42289 81842
81339 41332 81431 56543
67403 80814 74344 81301
48464 63917 64334 65746
32627 75432 33337 80986
75336 21965 78235 22989
16567 59057 17416 63057
81954 24794 82015 33158
61373 169 74800 386
81188 20171 81928 28191
80429 77909 81220 78756
34701 6684 38217 8861
64529 38147 77937 39150
54936 71066 62345 71087
16837 70970 20314 71284
52188 29140 57193 36044
48217 81722 75675 81858
76440 67556 77406 69031
66569 81945 79037 82023
60223 78577 66290 78795
53457 39848 60249 39863
3597 15243 17447 18027
25077 4765 37247 6116
67865 29064 67979 29382
23120 19423 24274 21243
68428 77838 69349 78924
79847 81882 81205 81898
13664 76046 19324 77439
81249 52813 81317 64856
14326 19208 16909 24091
78259 20211 80723 22140
70579 25099 70810 28822
49741 82000 50492 82019
35508 76186 36857 79429
81503 38213 81671 60153
75169 80182 76898 80381
35892 68369 49101 69392
62088 73056 65209 74446
63183 770 71628 1575
81234 82020 81704 82035
79727 30833 80059 37401
65941 80192 66254 81674
2774 78201 9872 79431
29508 1651 41219 2344
73474 55704 73776 56710
22077 81621 33473 81652
35054 80967 36192 81096
18285 8699 26594 10468
58855 67087 61876 67319
54367 65926 61664 65935
76924 81818 80803 81862
50904 27659 57792 28452
63625 11510 64495 12374
34555 81938 40036 81987
12815 52865 17584 54568
919 65027 5803 68652
57741 36739 61574 37425
57006 77144 57265 81550
51612 21278 54086 22273
25715 81887 43277 81890
80062 48484 80115 56407
61382 75870 62456 76130
32051 81035 32901 81496
79567 54106 79914 55337
29235 82023 35244 82063
45944 66573 58357 66721
51680 14902 51805 19222
29280 9919 30594 10220
49739 19560 52905 21141
169 70397 5718 71904
33902 78291 34109 81608
14942 54981 15990 71523
80587 47622 80621 72119
62959 8073 73631 8121
68846 28412 70418 28789
73201 45647 73479 47723
59578 15097 63332 19308
77501 68796 78112 69246
72322 49554 72702 49706
4594 77687 9758 77775
81990 80278 82040 81302
8036 58691 8945 70592
67347 30115 70722 30392
80018 80791 81005 81637
61264 77537 68173 78088
29485 77802 31675 78589
62249 81272 65001 81691
77550 80952 78665 81288
79913 71616 80542 72776
24850 74548 25995 77019
69641 73877 72547 74631
57562 81091 59733 81686
74648 80145 74941 81564
75284 80717 78050 80940
81192 71524 81218 73735
22458 2797 25862 4459
81346 73433 81352 76334
77654 79783 78683 80192
20365 74083 34536 74462
1546 81864 21745 82026
81913 28392 81945 35046
77906 82072 78056 82073
55942 78818 55944 81050
49696 67518 51481 71050
72287 44677 74276 44954
40334 66039 40857 66108
72975 50834 73931 51628
71762 22603 72495 23285
8648 29744 9574 38005
80686 66626 80806 71558
81382 59660 81440 68760
78916 66580 79959 66684
41108 82065 62516 82068
56434 81292 56875 81436
75157 1597 75195 16925
57000 71147 60176 72180
40873 63965 46038 64190
458 72980 637 74426
19201 20274 19949 22411
81749 37032 81847 51752
82039 37075 82051 56667
20921 75108 22339 76360
81700 75681 81893 76286
80962 63989 81057 74115
37962 69639 48336 71384
54827 12472 62143 14976
18715 71336 19386 72965
71919 59144 72489 62501
34825 39846 41308 42395
80089 46580 80363 47217
78560 80416 78587 80944
70774 1669 70918 6796
74592 6711 74701 22655
68000 2521 70681 7569
24878 82020 27132 82030
12170 1233 18843 1647
41006 43288 41119 48318
64876 30635 65526 32098
75461 80956 76720 81597
62770 69462 63860 71040
62689 28279 64017 33670
27890 13228 32973 14701
79408 68434 80172 69263
52167 12374 53317 14142
67057 79361 67729 79885
26835 78431 29109 79694
67062 80335 67896 80468
81896 39030 82036 41070
52595 37671 75949 37760
80631 79261 80881 80183
73598 35805 73951 36608
78401 66674 78478 67259
74214 74133 79292 74261
74218 65986 74957 66856
60237 77251 66384 77526
73102 61178 73171 62521
81293 65860 81323 66583
80094 41021 80409 41619
49286 82031 60920 82047
32867 54013 33738 56696
15431 6552 19254 8486
3784 80427 8335 80542
62148 68187 66996 68796
61113 77089 72478 77120
56614 78847 56731 80779
34236 54446 34330 57024
79658 81079 79904 81714
68127 39259 70529 40005
844 20502 3077 20773
81256 71205 81280 75014
39826 44071 40942 49340
493 82065 35269 82072
39466 20567 41329 21033
23213 13907 24309 17972
76723 81306 77605 81783
58593 73023 61636 73169
7623 81688 33250 81776
71605 23493 76612 23510
81136 57618 81197 65268
69969 29310 70780 29762
10552 57285 11273 58549
52090 18288 59571 19526
33835 9554 37805 15002
71569 1695 74454 4698
68092 30676 71128 33480
74325 78264 77233 78374
24994 82037 28897 82062
34509 79365 35184 80296
38190 82054 59734 82062
7279 57292 7768 58620
27027 132 40404 748
66370 79362 66892 80803
71668 74977 76319 75091
81356 81795 81640 81888
516 82052 16765 82056
7077 19516 7726 24830
62684 82068 79716 82069
5252 76901 9711 77404
72767 81698 74817 81717
64921 37112 74518 37265
36300 43047 36864 65727
74660 79166 78063 79245
68395 81565 70206 81618
31344 81307 31891 81610
34320 57096 34468 57152
79162 80564 79281 81677
51042 23305 56856 24941
80718 49660 80888 49980
76657 79351 78938 79642
12832 55938 13186 58945
14768 288 20806 907
76249 18347 78733 19090
10122 76421 10544 77276
45533 64325 48369 64898
41017 62407 58940 63911
72865 22669 73389 22790
69207 80044 70716 80157
79978 29568 80305 29952
71385 5706 72360 6849
81845 10425 81912 14878
61252 65976 62341 66502
63779 79295 65151 79358
55341 14 60720 1321
40897 21647 47081 21764
74563 57674 79996 58043
73278 20243 74117 21332
59780 81952 60626 81956
54969 72123 56738 72608
69512 71909 69743 73536
6184 66487 7384 70215
77582 19277 78936 19452
26565 75056 28797 77178
55066 67339 64201 67533
80350 51979 80392 53425
77485 36854 77622 37469
72605 69308 78930 69483
52541 10415 67138 11097
64582 62701 65378 67010
80692 73063 80874 73239
22010 6740 23511 8143
41980 64326 44679 65295
23326 81954 23877 81964
72654 77184 77717 77225
66463 72946 66965 74389
33352 82000 43101 82014
34455 42490 34978 48127
74758 10009 75084 13045
80778 23272 81083 27590
62315 69377 64900 69454
81186 69875 81186 74585
69778 74829 73088 74915
68083 79065 69468 79280
52562 70964 61468 71030
82072 78053 82072 81452
44016 65889 45455 68043
67798 79051 71115 79056
82066 70535 82071 77832
80690 53920 80708 66400
30275 1454 51035 1587
37892 12882 38505 24114
61310 73901 61629 74638
53280 25412 54895 25788
81884 43851 81951 45557
79819 73257 79856 75201
76648 77300 77594 77872
81291 72422 81339 74613
57961 33839 58754 36663
79567 71846 79647 72562
58714 37495 79170 37501
64181 82024 77488 82033
78597 65159 79189 65696
79834 69344 79858 71790
82056 37344 82057 81314
79542 78118 79864 78521
79461 80586 80378 80589
71411 71598 72328 71838
34477 53167 36148 55498
82069 8327 82071 55811
73291 56825 73576 60185
40789 43022 41240 43159
69845 80290 69962 80325
78251 77556 78711 77841
15511 77794 21466 77902
2992 81606 4238 81740
73271 74403 79037 74671
81962 78971 81981 79033
27088 80268 27270 80394
19779 7331 21963 7554
81622 82046 81757 82061
56049 38150 64513 38654
66440 82047 71489 82067
71229 71122 71643 71292
81846 6158 81853 7729
50426 36768 56039 37433
8628 14602 11894 14733
58952 72334 63991 72716
79100 77480 79875 77786
81133 30019 81659 30964
75845 82070 75937 82071
67123 67420 68550 67973
2461 72745 12702 72923
35310 52119 35841 52605
81488 10032 81536 13451
74776 73980 79125 74067
681 81361 2957 81379
59497 25591 60626 27004
9886 22620 10236 23461
76071 36527 76649 37436
81941 81651 81957 81683
67418 81319 73228 81443
79788 41986 79845 43610
72680 43674 73799 43880
77415 66424 77896 66643
74014 49911 74340 56928
21834 78000 26082 78194
79137 77196 79428 77250
27118 808 49494 1169
69289 10055 69634 16322
35724 58053 35851 64076
2777 24990 28539 25047
59638 78167 63761 78419
64695 67100 76581 67252
52690 69798 60343 70206
79868 73677 80941 74102
21670 39039 31112 39490
80108 31114 81176 31933
61026 75142 78692 75212
74469 44060 74537 54573
75524 3176 75644 12342
55122 74918 55504 76289
80482 43305 80515 48916
6839 345 7937 1293
17719 38908 17782 39372
63393 75236 66440 76460
80640 44520 80689 52723
73922 77640 76475 77935
71419 32890 72754 36774
81687 48028 81696 55109
45982 66829 50690 67002
72129 81521 73372 81635
56265 80124 56281 80727
73150 63959 73685 64721
77315 78104 77520 78205
49327 67898 49540 70026
36884 47421 37237 54622
80262 19355 80315 20058
82045 26458 82047 32368
75586 82052 76426 82065
24860 81948 29116 81989
81544 31278 81803 32646
191 78423 671 80998
51862 70623 62461 70816
1913 76748 4205 78163
32077 73620 34142 73742
80141 82006 81738 82019
18117 63842 18420 65656
55272 79779 55474 81238
68848 71251 69396 73583
78379 39017 78409 39389
80475 82070 81934 82071
37460 81719 42630 81801
81451 43583 81491 50229
6676 18939 8130 19037
66887 7682 72114 7844
61413 81993 62907 82038
55021 77267 55777 78063
78769 68380 78782 68614
64227 27330 64612 28570
79162 67081 80277 67957
54116 81960 57782 82030
81464 61595 81491 65072
81878 6374 81904 9897
3637 22495 5788 23617
81706 81774 81751 81791
11507 73153 15791 73284
53254 11493 53372 11575
29344 76904 29383 77736
82060 6712 82063 27831
31319 79686 32261 80577
79786 24086 79963 27114
71138 80734 73019 80745
75724 15346 75847 16854
19925 81519 21196 81630
82004 41310 82012 41952
81711 38337 81745 48924
38418 71486 55073 71701
63135 10393 65683 10408
10198 77605 10372 79456
56117 78876 56226 79486
40119 58729 40720 60638
77594 78007 78137 78323
8143 77778 9909 77998
16920 2050 17613 3386
48615 81991 49595 82021
76457 35752 76710 36121
79556 70187 79637 71360
22762 24565 39172 24895
77883 81623 78435 81794
81477 32833 81771 36559
39050 21972 39192 22539
82072 43470 82072 71570
26222 6472 36407 6601
29337 80879 31387 80921
50833 32926 51084 34219
81185 79712 81223 81849
56779 78755 56971 81122
54580 14998 58790 15775
29879 81134 30198 81211
27477 14756 32513 15092
60655 29087 61057 31624
82015 81622 82063 81793
43037 67551 43772 68125
29366 79662 29776 79851
79695 39241 79886 40599
79769 57066 79954 57096
76548 81822 76700 81935
81854 29872 81891 42425
81441 59264 81484 59522
60432 75216 61077 76169
2353 80588 2938 81259
81403 74950 81481 76535
81510 4810 81568 9555
47683 9918 53832 10267
32296 64128 32390 65454
57488 31726 59497 32542
46631 66180 48829 66304
82072 72048 82073 75112
81069 81719 81126 81759
33866 81849 45295 81860
41312 67081 42925 67457
35584 56248 35698 57657
73130 54455 73548 55539
17450 68905 17762 70289
72385 68778 72407 71873
72781 48942 73404 49103
63141 36756 66980 36806
74481 65697 77292 65807
81293 81576 81366 81780
81957 36263 82034 36309
70315 70614 71132 72421
20980 18710 21802 22992
6113 81550 19007 81645
67623 27316 69452 28051
80863 52232 80877 70565
82029 76933 82047 80131
40160 53637 40694 57581
36811 82069 47313 82070
80509 81940 80544 81993
80027 82057 80571 82060
44649 69463 44868 69584
71707 43196 72047 46524
10528 77854 10635 78659
69508 16851 70375 18117
12275 38867 34742 38882
82061 53502 82063 60069
81955 81385 82009 81416
71156 69119 71642 71041
7590 76073 7679 76302
81945 74840 81978 75658
59456 33288 60658 33649
55370 81629 55946 81640
81861 45957 81872 48629
17997 54236 18327 63363
71345 26202 72343 32073
55795 73923 55842 77076
53280 81942 54717 81959
52530 17134 59262 17546
18459 14613 22779 15005
66889 25423 69906 26720
81066 56102 81085 68970
74802 82053 75205 82057
82061 60519 82062 81015
69116 16459 69464 17035
18947 13385 22272 14159
79371 80840 79655 81370
73334 42159 73768 43294
4289 14398 7989 14398
82033 44190 82038 48993
78558 82055 79816 82058
14948 72234 18507 72634
81916 81690 81997 82036
2604 76518 2942 76658
237 63696 2533 64800
80325 77579 80425 78262
72256 72401 72292 72481
80259 81767 81140 81780
34727 75064 34789 75293
22120 18498 22541 23168
81199 18606 81805 19789
43685 71401 53932 71443
24427 81562 25216 81574
73416 77462 74941 77630
20156 53334 20396 66902
82069 81149 82071 81247
26926 80736 27717 80851
19989 76458 20006 76959
67258 78979 69972 79006
79820 72763 79825 72892
78371 36151 79009 36554
57744 19766 60369 20097
61943 76235 62170 76971
20426 3097 21199 3690
82053 64761 82054 68696
60996 81085 61232 81593
81744 81943 81772 81993
74017 39840 74686 43139
33431 75759 34799 77147
45348 81946 47124 82041
5041 73593 5871 73727
81348 28195 81526 29574
1221 17518 2860 19177
57700 77334 59611 78358
74361 80249 74487 81481
63895 19095 70077 19865
69025 10057 69090 10858
34956 72625 35124 75464
73205 35358 76072 35581
43019 18813 49094 19469
41375 52504 41849 52580
7741 54988 11122 55227
72416 52792 72629 57193
9915 19334 13678 20864
79030 79784 79052 79957
80047 70418 80196 70418
79565 37035 79616 39929
78463 22639 80106 23598
26302 2635 26545 3044
82064 36321 82064 62084
31952 3678 38716 4443
35216 44856 36291 48631
81101 70573 81110 73079
81054 19163 81115 19907
79116 80016 79149 81204
18362 20431 18689 22872
82025 82047 82063 82063
39416 6767 39423 9979
79238 82027 80128 82051
81922 1845 82061 1856
22991 75298 24206 75915
14485 73490 19594 73666
69706 10246 69834 16260
81799 168 81881 2477
20343 14401 20630 14487
39346 19658 49497 20102
8552 72113 8855 72710
38460 82072 47752 82073
70101 37800 72297 38061
367 75778 556 77311
80493 34837 80869 35648
16494 63402 17894 64362
74071 36035 76363 36148
55433 65996 56794 66410
14440 77760 14953 78208
80719 82066 80847 82068
82072 22970 82072 32575
78611 68410 78679 68810
65008 33603 69119 33875
37284 5931 38798 6370
82041 34125 82059 35061
54186 20175 56033 22266
82058 59224 82058 59697
68756 77723 69365 77728
79541 80636 80374 80719
79890 39070 79977 40264
37791 44847 39614 47424
69570 67566 70354 68869
14006 63308 14907 69825
66547 17890 68318 18238
71170 26491 71207 28939
79530 46629 79604 52466
74403 10880 74418 19025
60406 29409 60521 32046
71360 4709 71696 5464
79656 27399 79716 36453
81656 60774 81662 61833
80989 52282 81012 60934
77538 20520 78121 21949
72169 45444 72905 48469
78674 80825 78779 80957
80730 80227 80805 80362
58040 80773 58306 80778
82016 44819 82030 48173
73964 47203 74212 49037
70526 21485 70571 21916
74882 17613 75495 19066
62863 26186 65330 27079
26979 11250 32992 11330
79630 72778 79656 74483
67684 74640 69163 74739
67168 80636 68493 80751
73624 34697 77257 35008
68560 72592 68694 74280
80583 82047 81479 82063
56551 10035 62931 10154
81748 60883 81840 62204
36192 73553 36461 73718
76201 66210 76474 66366
82000 76035 82014 79149
69066 67340 69092 68528
20238 77315 23757 77539
19907 55054 20133 70679
81828 3232 81890 4279
79940 78159 80285 78509
62902 74660 63877 74940
57318 29441 58829 29924
81146 73622 81166 73952
58189 11532 63392 12353
43096 81768 46284 81815
38871 5971 39076 7545
13107 77981 14364 78331
79373 18553 79605 18973
66788 77058 72968 77088
65832 79258 66350 79536
7759 19466 9340 23424
80336 41776 81199 42109
80896 21585 81057 22600
81148 43382 81332 44499
51176 38118 52654 39786
72746 59573 72783 63334
62061 37109 64202 37234
73609 81915 75002 81921
82051 25255 82051 33066
57102 10273 68537 10390
73306 78474 74807 79011
23013 78315 23282 78466
18174 19182 19039 20413
80724 58349 80733 60446
79277 74773 79569 74785
3301 63208 3406 63294
33404 15746 34142 16702
71864 65173 72263 65299
81291 67795 81344 71996
68251 81484 69509 81532
76407 507 80344 809
7354 59846 8022 66063
66262 80717 66287 80854
31979 72364 36527 72455
65261 79366 65555 80438
4164 80764 4791 81028
62829 65869 63833 66135
65995 78181 68273 78309
27180 12341 31406 12921
80154 25150 80331 27230
63372 82014 63794 82043
75262 19537 76596 20993
80562 71406 80578 72987
57352 79244 57814 79835
23303 77204 28083 77211
67794 81612 68032 81673
40163 49663 41468 50759
57760 77179 62082 77218
3900 73331 12389 73472
55521 80446 55651 80713
80556 77189 80598 77460
40330 52145 41263 53252
71606 80059 74165 80189
76927 65376 78537 65658
33379 56900 33541 57025
35627 81616 35683 81686
76511 82036 77444 82056
77563 35116 78204 36027
81861 15216 81936 16643
15007 78164 16884 78366
69863 73252 71420 73587
24342 15216 30747 16558
45518 21142 45828 21171
73613 8468 74303 15577
75903 6378 75948 6763
52471 16312 54585 17101
81851 48775 81853 53174
65820 74233 66313 74861
63709 12870 64144 18259
70643 21997 73664 22505
89 81500 97 81906
69187 77302 72101 77636
81521 70 81733 1305
80191 55678 80241 63944
77607 81410 78911 81498
35394 59828 35396 63401
13727 59056 14570 59240
25216 81918 41698 81935
68472 69141 68718 69201
23961 394 24725 1324
19756 3757 21331 7096
73625 77942 73812 78218
33455 80061 33883 81391
34274 80545 35169 80866
74516 81158 74602 81231
43865 81911 44666 81980
64413 67627 66639 68012
48677 67016 49274 67793
32097 62948 32549 63225
80216 23131 80347 25051
19320 75406 20479 75940
80218 48044 80472 50854
27548 79898 30480 80168
81871 66999 81951 68164
53672 39356 65488 39375
17798 12305 22828 12520
60482 7862 61609 8079
78571 36746 78941 36868
30083 81955 32007 81980
62034 71249 64100 71654
79662 71800 79855 72645
56164 81527 56205 81637
58722 81871 74142 81877
72264 77154 76379 77175
72935 46917 73081 47172
76251 80516 78284 80657
22724 81552 28470 81553
18554 53317 18622 61714
80690 74217 80748 74518
40462 31116 40804 36233
36327 70729 37354 70730
37891 42509 39686 44054
5576 77851 6933 77957
76948 19647 78055 20051
74590 82066 78441 82066
30874 15766 32459 16455
78576 65973 79707 66036
70521 24473 70549 27332
22369 77015 22582 77068
25874 77361 26715 77531
80216 68734 80376 68955
78107 67815 78453 68575
80122 27966 80315 28146
55811 72846 61835 72873
31100 82001 32885 82005
74405 68586 74482 69247
64750 68826 65605 69324
18030 68112 18843 70645
80064 70455 80285 71313
16119 59738 16357 63666
70296 33602 70927 33871
61188 37997 65472 38075
11999 77215 13559 77768
73298 65530 73341 65698
81087 20015 81911 20031
82030 67652 82042 68801
73152 4983 74583 6723
71777 47331 71815 59591
79639 50577 79871 51152
62987 67590 63935 68000
21170 82061 23056 82061
78163 74886 79800 74910
33501 81762 34581 81778
81869 5248 81908 6224
75148 81114 75301 81417
34752 81399 35350 81762
82069 57428 82071 68074
8623 76420 8828 76828
75200 66538 76222 66753
31868 78868 31963 78974
82059 8360 82059 29295
15495 38949 16479 39516
77493 81920 80672 81932
69399 80555 70969 80599
61369 67545 62147 68258
81516 74678 81687 76260
16136 66749 16241 70718
76295 812 77422 855
75254 66895 77659 67084
59553 27629 60130 27863
54296 26251 54853 26443
81760 2866 81902 3226
62174 13763 63388 13989
36577 70791 36755 72580
188 4445 353 18196
2853 81464 9816 81501
39054 17984 39139 19672
73699 62794 73957 62857
79314 66901 79651 66917
61074 81970 66468 81990
81949 48304 81997 49186
80071 80288 80688 80534
81705 55810 81729 61018
80812 50549 80897 52228
75889 23970 77286 24076
66190 4517 66498 4665
69796 36661 70644 36999
17737 15556 19902 18295
1030 77873 1125 78355
78367 77849 78390 78063
17198 18898 17988 21864
217 21657 4092 21892
26961 79840 27071 79890
79959 66253 80268 66523
80017 27422 80144 27443
82060 62948 82060 64655
79818 44166 79987 45707
70508 73139 71863 73251
78674 81173 78779 81229
5558 64476 6671 64515
70120 80219 71137 80348
73779 18806 74073 19400
77129 81798 80970 81807
52769 14156 54345 14622
74725 740 74785 3463
69147 67335 69334 68282
78949 66928 79049 69122
73391 39236 73703 39834
28385 8391 33092 9639
81447 81669 81725 81768
34240 39602 34308 50216
82068 22813 82068 52555
75402 80501 76151 80602
81151 79953 81167 81009
81642 81842 81864 81870
19112 74451 19575 74958
74577 48039 74711 52030
75336 2363 75390 7647
28716 10652 29519 11027
19404 72026 20286 73397
70340 74647 72247 74661
81202 41166 81218 42623
16418 65325 17258 66996
81215 67760 81226 68133
16098 2500 16865 4984
80317 42154 80384 45134
51803 13287 51915 14300
71692 59743 71856 65109
74725 9645 74733 21265
58971 28586 60129 30324
13836 56790 14127 57109
71938 53294 72172 55174
80597 72598 80641 73024
21346 82036 23710 82037
74410 67370 75850 67374
61067 30609 61366 32400
52337 82004 53494 82007
80337 69514 80376 70707
55 62968 2521 63677
26211 79454 26753 80563
61236 578 62475 935
80888 18486 80937 21573
67135 81419 67138 81429
29891 76818 30225 77765
82024 81509 82057 81594
47353 64916 47997 65229
17172 81833 18603 81862
75545 66140 77245 66206
35603 74831 36765 75430
80941 57511 80945 65016
15546 2969 15962 3248
78391 81504 79016 81575
26107 81936 29351 81945
55153 73194 55331 73329
62624 25484 63239 25618
69933 11146 70028 11900
8658 80057 8836 80185
7737 55725 12254 55764
6070 71506 8034 72318
65615 81710 68210 81715
72575 39404 73037 40719
67370 3273 67440 4446
79411 76999 79654 77111
38626 15238 38854 17026
45216 7908 47662 8081
60129 74578 60229 74980
75693 67733 76334 68477
75294 81487 75309 81700
59634 79023 67230 79036
74555 46199 74565 46564
80425 40269 81178 40849
10596 76289 10674 77723
72600 80438 72654 80617
79176 35248 79562 36303
26416 7690 31955 7979
81472 68995 81729 69237
21276 78404 22679 78573
81007 79506 81140 79973
62238 62521 62836 63238
69994 81481 72794 81493
28017 3440 35423 3588
41558 20895 44633 21576
72940 54905 73060 58821
58987 19732 62675 19743
27526 81534 30742 81540
81119 62271 81128 74686
75240 4397 75310 9724
16717 71391 18580 72017
80822 65400 80841 70509
55418 73297 58844 73904
81766 57022 81859 58061
40569 63457 40989 63824
9672 58625 12137 59259
37512 82055 37596 82056
9617 34302 9818 36030
4273 82062 7180 82063
13967 71826 14382 72500
73180 69495 74268 69723
81168 80913 81168 81768
71982 66341 72065 66779
79220 77948 79223 78304
80523 55880 80537 71137
20203 23776 22993 24523
30347 75717 30855 77108
68695 397 71224 728
55946 77411 56721 77762
11089 20925 11382 24009
60082 38678 64406 39219
865 78359 1645 79131
72675 50824 72773 52219
71080 24126 72456 24564
20294 77164 22016 77171
81965 44838 81979 47135
61017 74107 61290 74922
74858 74884 77137 74911
55522 82069 59985 82069
40588 3139 40901 5048
74270 43955 74389 44093
3999 73032 5980 73116
50958 34394 52167 36036
81950 75766 81965 78578
80231 77473 81189 77507
53593 70212 62018 70510
68731 80173 69498 80188
64890 82071 68479 82073
79637 50002 79888 50513
82027 81930 82032 81975
35827 2367 39590 3594
161 22730 917 23784
80771 55276 80774 57990
78085 23636 78838 23874
26902 78003 28380 78076
80053 74598 80126 75242
80567 24312 80665 25372
58853 26158 59144 27571
68340 80298 69765 80483
68345 69973 68557 72432
40099 54930 40117 58177
29454 74874 33761 75086
15539 5564 17290 5592
60360 71770 62988 72059
56450 72989 58433 73193
19205 69140 19819 69803
73195 80349 73385 80672
6734 82057 19184 82059
80901 48143 81040 48742
12181 81509 28595 81517
81116 81933 81490 81980
997 16165 2359 16906
80300 82036 81814 82039
39895 5560 40616 7527
55224 78081 55644 79464
12199 81468 30211 81481
79063 79415 79223 79436
64666 74990 69177 75081
64853 67027 71665 67063
4133 24525 4579 24731
26038 59 26746 1334
49403 71313 56612 71355
82070 79525 82071 79623
81319 55777 81324 59587
498 411 3391 963
81398 17008 81499 17402
82048 76834 82055 80618
78408 57016 78911 57495
81381 7049 81430 7954
20872 38681 36272 38720
71700 7020 73636 7049
41061 6036 41578 6403
54357 37865 66253 37909
67104 29602 68826 29703
76710 81907 77859 81919
28531 81865 47919 81868
59525 79403 59636 80767
80732 81697 80942 81709
75257 14511 75629 17581
79837 45811 80046 47934
76612 77889 77417 77936
66655 2132 67047 7639
81130 44898 81303 46871
80139 49197 80158 50556
71363 9777 72931 11444
37337 48314 39519 49110
50359 26684 50412 39331
69600 27502 69847 28388
80703 25087 80716 30961
32262 63705 32619 63840
37059 71135 37435 71246
67195 81473 67728 81645
72065 82072 72458 82073
27051 77396 27372 77619
78438 79717 78830 79724
34826 39053 40615 39333
75612 391 75622 1132
55245 22364 56898 22787
34479 15341 34544 15521
80643 63393 80684 65869
72862 82072 76832 82072
71328 80280 72782 80333
68236 78708 68355 78891
17591 55793 17730 63018
74489 65297 78453 65341
74854 36393 74891 36977
58129 67320 71866 67330
65463 82055 66338 82064
35086 49983 35092 50615
73146 53080 73644 53777
63169 81043 64982 81115
80783 71645 80906 71738
54034 66172 55339 66255
7949 56675 11302 57051
61328 82048 61730 82057
80790 54070 80859 62606
28790 7053 32416 7635
67501 82070 74252 82070
72770 415 72843 721
70239 72628 71252 72728
78092 66922 78108 67190
72252 52251 72350 57809
41854 9906 42270 10021
80084 40112 80941 40223
74518 81892 75030 81895
77032 21308 77471 21699
23798 4515 40482 4736
80691 48044 80712 52857
29380 8160 32380 8293
27228 2877 29207 3060
26331 1674 27252 2140
80065 33953 80281 36860
46275 21597 51414 21607
80752 60458 80776 60696
16058 77508 19235 77520
72495 26329 72649 32441
73123 64804 73713 65366
51369 36270 55355 36307
52091 82012 52451 82027
41383 380 44235 575
22362 76087 24476 76898
71090 80417 72010 80516
62175 69640 62577 70594
53409 24943 54874 25357
31418 80608 32099 80718
80920 80599 81076 80704
57879 28169 60644 28197
61077 9779 62568 9826
45609 118 50671 524
10126 20872 10931 22107
78077 62 79069 221
81960 79874 81964 80141
80501 79168 80698 79191
32189 75297 32271 77136
55979 80700 56196 81445
16461 69525 17440 69614
39564 8290 40954 10772
935 72327 8237 72392
34970 81169 35798 81296
37471 5789 38472 5918
80648 55117 80654 57762
71971 68707 73372 68712
66321 81517 67191 81607
74339 23624 74851 23988
77344 20539 77534 20811
82058 46063 82061 47429
33292 72534 33904 72849
79871 72996 80198 73488
79460 82071 80094 82071
23290 12897 24294 12934
78536 19905 79522 19962
71305 34276 71383 34314
34380 8988 36093 9546
33074 10639 33584 13047
76908 82065 78845 82065
64729 79074 67172 79098
77568 69636 79757 69660
66411 69251 68208 69407
75119 77358 76358 77548
46418 66141 52310 66156
8134 13584 15411 14061
41242 54588 41760 60664
58437 39433 63992 39503
81094 69946 81094 73789
76010 69505 78948 69536
25034 38966 30021 39010
16051 66342 16298 66712
56886 66090 60360 66511
71834 69487 72107 71469
78111 82053 78597 82053
81673 28277 81708 29709
4202 19517 5800 21200
82054 43374 82054 64072
32256 17346 36106 17500
13761 70986 14363 71761
80797 28602 81091 29476
62390 25639 66239 25677
66647 80853 66696 81095
7858 28807 8062 36832
71290 75235 79588 75269
73632 45343 74074 46729
79860 65309 79944 66228
80566 47242 80577 60930
24256 77107 24617 77140
9221 80534 10266 80906
5370 25052 7878 26141
81585 76553 81772 76661
71789 41150 72633 41735
81451 66157 81486 67235
80972 79259 80989 79259
70861 80394 71369 80413
36980 9103 38046 9147
58579 79318 58641 80557
71372 77890 71788 77902
13718 61010 14067 62200
73693 62315 73806 62653
74720 4161 75009 6743
82059 65148 82060 71335
80736 74191 81011 74197
72212 62509 72651 63144
79901 28740 80563 29466
81891 47332 81986 48229
80295 79107 80804 79116
66771 81206 67353 81215
10594 1007 20256 1184
80503 51831 80512 69180
73073 82042 73323 82064
76431 79773 77592 79900
52609 67271 55701 67317
37801 82015 41077 82017
74581 74703 75697 74719
36299 81114 36778 81619
50789 29264 50830 36215
16230 55076 17176 55995
51531 28553 56001 28563
64229 39428 65629 39502
31790 10222 33640 10498
81960 41907 81998 44325
68450 26943 68813 27263
72026 78995 73091 79047
11126 76050 11921 77100
56580 71613 56623 72025
20769 82058 20781 82059
32 78629 104 81452
44432 81715 63920 81720
78561 81785 79073 81787
81771 54153 81779 55645
30593 79625 31017 80454
12430 53623 12786 58497
59872 73759 60135 73990
16344 78446 19724 78608
76673 37870 78093 37878
70117 10378 70287 12310
62326 76695 65076 76913
