57087 1336
18372 31109 25493 56336
47743 34114 56401 39130
13651 12770 46718 15343
31944 53057 53615 55921
4591 1128 9150 24224
44535 21761 47108 47551
56195 2579 56860 5119
15133 37357 15775 51417
26737 43289 29848 54649
33533 29489 41891 46242
49384 9075 53858 21520
17261 19734 23213 25500
15062 887 36722 5239
55487 40194 56440 44893
4895 34104 11063 45031
27249 34044 30253 36292
48584 24979 55603 27490
56877 4233 56913 45539
15793 39153 17045 45119
814 26806 3246 45399
43812 56858 56538 57004
11182 1211 12500 5102
34764 56077 36660 56702
53942 39342 54777 50302
42282 15696 44055 39052
56653 23838 56693 37514
10904 10030 11716 17358
36997 55945 43063 56835
297 52586 14936 53675
49598 52082 50355 52649
23031 19325 24396 19578
30724 48002 48460 48220
55468 20718 56098 23435
56514 8965 56535 21962
47880 11158 49271 22853
3494 51269 5631 51897
55056 8711 55469 12364
53770 1700 54831 7906
29707 20362 30732 26482
35266 50451 41822 52475
1171 46680 1886 52344
48190 51209 49093 51979
56995 37040 57059 56508
57066 24102 57069 33977
6581 55229 9888 56543
37291 48407 40767 48917
12777 27201 13792 44363
42378 52221 45615 52709
31053 41976 32114 44536
17644 8119 38169 8194
31744 15707 39999 24259
50949 28933 51656 29288
37824 9730 43432 10019
49291 43335 49647 51208
19820 29487 29707 29777
6914 47452 13628 52335
54433 56391 56914 56756
54450 54632 56834 56293
54916 600 55249 946
57057 9909 57063 33056
3432 19406 4238 29275
51829 40187 53542 44746
55265 46498 55437 53985
54075 29364 56087 31685
16202 45505 17253 53587
29988 53325 30427 54553
56527 39636 56564 47077
53047 49456 53208 52082
42594 50146 46308 51377
29984 39485 32533 39837
17310 57081 56022 57086
47651 56785 55858 56839
31589 51314 34805 53039
6118 49568 6227 51385
39220 57061 55985 57070
57073 11539 57082 19422
3880 56684 28526 57033
3037 55076 4083 55771
39030 25367 40425 28714
45667 6650 47810 9818
35207 7313 38326 7924
30705 33108 32615 35123
51083 56167 52681 56510
54584 13440 55834 14132
42174 3484 45811 6435
43343 39960 43463 45795
57019 2221 57019 20591
416 48672 810 49438
16464 16650 23293 17541
50620 56688 52771 56726
26601 36449 28810 38052
41702 46421 41775 47073
16970 56368 31735 56559
50233 44895 50234 49857
46086 56081 48041 56756
50028 41997 50410 43643
51039 29865 53050 33974
51196 47884 52177 50734
56637 47754 56986 51143
56951 56732 57019 56888
55787 45169 56435 54528
32286 49067 46826 49123
50301 1474 51861 5235
56919 5588 56985 23847
48085 41427 49199 44379
15819 46569 15940 53140
9338 19841 13811 19943
166 55911 1730 56476
46479 50002 48051 52626
37265 1186 43739 3360
47148 38620 47254 47853
27198 56120 30033 56280
54982 33472 55551 34018
37725 56921 38237 57066
56030 5418 56423 6935
47236 26937 47667 30358
54858 46701 55007 50345
56584 8123 56697 15721
57084 41493 57086 54740
56728 20186 56768 33521
56971 41545 56988 44219
16598 22913 17243 38767
56789 22788 56790 35236
53275 27614 53673 29634
7580 53772 14944 54088
3964 48275 5241 50453
26403 33820 26443 46013
48724 49163 48863 50882
21672 29805 31192 30117
49622 23383 50928 23634
19719 27845 31442 29199
53975 11650 54144 24267
31221 10599 37942 11551
54011 52206 54086 55724
56299 7633 56310 23781
1796 1748 2815 24336
31682 47588 45848 47820
51620 24741 56459 24956
55181 6795 55470 7703
29113 56619 33810 57069
50345 45413 50804 51955
157 33927 487 46598
36156 27315 38118 28769
56577 50429 56609 52775
1739 18857 1771 19258
30294 7945 32552 8053
31237 50197 33063 51133
32316 49869 42911 49980
16589 8257 27349 8409
47918 31025 50384 34072
13976 26670 15294 35346
56164 12514 56171 19048
13922 55678 16506 56303
23245 26295 25366 27735
50011 49554 50167 52046
53110 56333 56354 56383
40160 46468 41661 47003
25729 23479 28829 26183
11322 41938 12267 43846
56537 26028 56539 30765
13222 57062 26127 57078
52791 49811 52831 51840
56688 52432 56941 54254
41917 23935 42086 40934
41884 17406 42196 21560
56939 38884 56959 44554
53642 50529 53768 55585
48589 52613 48992 52864
14191 5276 21459 5983
16321 8499 38417 8625
55505 48773 55708 54476
52785 56483 53092 56488
36443 5785 39700 7216
47930 4188 47990 8527
16305 56577 16851 56596
53015 45566 53394 45812
2707 56977 3167 57063
21546 8794 29353 10993
853 52017 954 52253
10005 45273 15106 45731
29273 42396 29285 43126
29456 16062 31275 17016
56599 30343 56636 41240
54738 51277 55022 53173
33020 25858 33484 45983
31590 25239 31678 31194
36796 2287 37056 4879
23326 11125 29602 12148
56741 5928 56829 16834
75 13294 1647 26503
30397 48505 30943 50086
49771 1786 50044 7475
26288 22385 27751 22388
49174 52862 50498 52914
54982 14694 55203 24013
40300 23542 42264 23543
50667 57017 50967 57023
3678 8360 4003 17888
10157 20847 16054 25709
4070 29394 9389 31063
48446 55997 49306 56026
31464 36437 32123 38255
37630 49232 39182 49648
56488 8116 56490 46081
42053 41562 42468 42639
4163 44528 4646 46446
53552 41397 53791 46543
43183 56563 45924 56589
54810 19068 54880 23838
2585 56674 3145 56718
52088 4816 52654 6165
39750 49329 48227 49487
10876 56172 12503 56364
17297 51451 17605 55052
15580 57040 26928 57042
34213 56895 40852 56912
54292 19253 54667 24162
32043 56054 32962 56147
12958 16651 12979 18682
55796 25700 56239 26038
42365 10586 44918 12684
52221 51938 52534 52733
14430 56338 22702 56353
57019 27372 57043 33790
55881 12369 55962 13903
51803 22619 51967 24172
49485 42272 49727 43157
30965 51035 31000 52009
1764 54483 15747 54698
28110 32375 29211 32519
56833 18314 56869 25659
54049 174 54140 221
48116 56189 49900 56624
30977 12374 41253 12470
57082 37163 57083 49345
50842 56534 51609 56668
14466 6698 35629 6787
42607 42487 43318 42769
5501 48216 6306 49076
45933 48880 47029 48923
15922 27377 15924 30468
10861 54982 13864 55671
5129 46060 8050 46869
54186 11152 55049 12830
38272 10866 42269 11889
6772 57083 7533 57084
17814 44952 18013 46179
29879 57075 34046 57077
17920 53669 18295 54438
54316 53038 54612 53676
50825 7372 53217 7755
52270 48462 52276 51739
53477 48426 53883 50232
47164 13291 47701 19822
13974 18125 23696 18758
520 260 657 7589
56961 34635 56992 40976
56405 368 56467 703
48460 40040 50298 40387
57072 33430 57077 39529
25659 34251 26214 45644
46344 2421 46524 3589
17256 29317 17368 49789
23790 21303 25002 25480
49903 41602 49905 51935
10239 46217 14627 47344
48206 29016 49500 30054
56093 32563 56350 34056
55567 15510 55714 20579
32337 26755 32420 30436
53930 27630 55850 27649
30411 51253 30584 52209
4058 56018 4889 56152
57082 21163 57083 30195
12990 13674 13483 18449
57050 32058 57055 36838
26833 54818 29199 55363
48288 52309 49133 52447
18326 16108 22595 16273
55027 40326 55115 40679
53337 4631 53421 8127
53155 22431 53966 22567
56880 57065 57059 57075
47494 45162 48031 47911
27700 38591 28195 38971
30121 44848 31932 47485
56962 45690 56987 45725
42899 8187 43059 8744
11312 57041 13757 57048
30649 9281 34944 10488
18037 30921 18191 44891
23517 16098 25249 16472
56458 10981 56460 23248
52289 28202 52493 29117
1447 54716 14418 54827
43822 43916 43973 43926
56166 26281 56240 28873
7995 25767 12632 28625
25716 55754 26942 55828
54883 3095 56143 4022
4697 24453 7381 27575
54143 32133 56314 32203
55994 27079 56008 28764
40969 16579 41862 22314
56792 29511 56827 44050
11743 14169 12070 18296
55121 39244 55265 42284
44260 25012 44378 41292
57065 39861 57076 50714
54627 27749 55595 29361
32044 46047 32226 46147
47284 33427 47451 44724
56607 5779 56719 7292
14610 26520 15614 26559
18598 12325 35190 12350
51779 732 53807 1124
55709 73 55963 1436
50643 32370 51014 33423
54279 51034 54481 52805
28374 56587 33387 56594
53485 56002 53737 56218
42357 45938 42516 46058
48232 399 48536 11049
17622 36017 17726 42598
55148 49557 55229 52658
17735 50518 18363 53178
26739 16966 27587 21010
56568 54139 56654 54226
50839 46724 51173 50419
38170 4364 41391 4549
49861 28862 50611 29575
30186 40173 30627 40189
35305 56961 35342 57008
56342 26180 56347 28428
55100 53787 55170 54291
53398 49316 53433 50806
43860 1866 46399 2414
48143 26672 48522 28663
39799 5006 41025 7232
52354 45093 52471 45650
28455 40194 31600 41909
56466 48094 56487 48583
45620 18790 46333 21530
44137 33810 44237 37497
51396 41536 51443 46983
52804 52155 53051 52597
56982 51344 56983 56295
54850 39412 55021 44115
26879 41870 26989 43230
57029 8510 57030 18726
53838 28070 53922 31531
54781 49668 54794 50129
11559 5604 12544 7395
39467 56940 43752 57025
56919 24710 56921 30079
56466 14047 56482 45935
9920 2524 10213 12591
52348 24140 53638 24209
55717 16731 55904 18606
12541 8226 14215 12501
27131 39114 27376 40114
32377 30759 32856 32608
28378 266 32819 274
46147 17184 46377 18335
28568 31190 29873 31550
55115 43288 55389 46334
55086 53169 55109 53715
225 47194 256 48203
20067 6835 28827 6951
43112 48407 46768 48573
51149 21606 51409 24506
56863 56087 56894 56151
2219 48509 2910 48581
36784 46673 38259 46791
20895 26263 23052 26725
41820 3377 42083 6825
55452 47053 55688 47546
35910 24637 40466 25254
27265 40156 28318 42679
2461 54139 6534 54302
56981 30861 57012 34063
54537 13093 54863 13261
52285 39245 52948 39860
35510 5550 38680 5656
34099 749 34553 771
37150 48289 45034 48315
2973 1731 3630 6156
36938 10138 43095 10319
11468 57070 11664 57085
5398 49445 6104 50786
48882 47934 48930 48770
31758 48537 36129 49052
1181 56582 5027 56647
48572 45693 49136 46283
52602 57074 56505 57074
14230 9706 16977 12003
57045 56743 57081 56826
57075 28147 57076 29557
39767 57043 55493 57051
38040 52797 42676 53009
30313 30191 30376 38826
56631 51416 56648 51465
11599 34011 12463 39486
3284 53725 14878 53752
50185 5935 50302 8496
30516 11957 36179 12110
50840 40125 51294 41791
56835 28899 56859 35860
56588 7311 56663 8108
2066 48468 2199 52270
10317 1647 10692 1668
2052 45467 3493 47043
47506 24462 47623 26781
56095 56805 56128 56820
54148 53947 54213 54839
28163 20114 28313 22426
3471 39228 4730 42223
49011 46700 49043 51091
19872 56584 23379 56674
52530 48064 52707 48080
23824 19782 24732 20414
56846 7728 56858 13004
57077 45408 57081 47377
15527 17228 15611 17372
15066 39379 15105 44586
57064 56449 57064 56667
56493 16410 56513 40959
48585 23978 48922 24598
56689 40005 56739 44210
48582 52086 48712 52282
56267 8652 56294 23782
15360 55201 16721 55332
55979 6667 56023 6756
38922 7611 40569 9461
57083 55370 57084 56259
53859 14315 53966 16202
11321 40817 12660 41189
57045 2988 57050 16195
4555 32317 5361 34066
57081 52926 57081 55679
29202 5740 31386 6629
25205 5946 28941 6599
19391 25835 19476 30595
56546 50297 56556 53627
53911 485 53972 517
56831 41016 56831 45274
5278 52430 9712 52490
4350 6716 4432 20452
51477 29435 52859 29506
56963 54811 56965 55311
38778 50100 38784 50418
45642 2960 46245 3376
46848 57077 53183 57078
2675 56001 3556 56245
56458 52580 56527 53821
56022 10565 56115 20199
41932 44492 42541 44497
45295 11062 47467 11564
17223 55540 17684 56020
47893 25662 48110 28794
55053 47162 55127 47860
35632 9516 45305 9580
2824 19955 3098 20456
56521 1125 57060 1953
1729 349 12895 435
34518 24291 34894 29176
7209 55148 7430 55212
55404 40259 55451 43138
17766 11622 23219 11688
44058 36517 44087 45996
16087 27876 16118 36059
26935 30499 27247 30909
6680 31851 8363 32882
53657 29853 53785 32175
48121 52522 48481 52922
56776 22977 56785 40793
32645 34197 32797 39171
56615 42724 56622 53773
47315 21946 47546 22410
55695 8679 55759 9511
44421 16737 45990 17934
34324 49154 41876 49231
57071 56249 57079 56694
5450 33416 11749 33672
14674 42884 14882 44504
56648 46044 56811 46478
1522 54962 1667 55532
47538 33025 47692 41138
57060 51247 57065 51568
53093 33549 54008 33785
49161 39337 50206 39412
46732 14741 47005 16827
53817 43337 53884 48296
32272 56208 32710 56566
55685 39419 56025 39891
56948 54001 56959 55980
30195 55254 31807 55889
41428 23670 41560 28577
47953 24225 48315 25107
31252 17077 31521 21377
17758 46384 17795 48497
48726 5463 49081 6962
4549 47170 7275 47345
14310 39153 14424 39292
55990 57058 56932 57059
31470 15347 32172 15393
56647 56984 56881 57040
3185 48712 3827 51039
13524 56015 13557 56659
56583 56335 56901 56344
56701 8114 56713 29778
35557 396 43631 470
15668 399 31501 761
56799 24499 56809 25165
53211 45928 53541 47818
44232 48375 45655 48390
32669 15510 43072 15684
13583 1819 13747 5893
56824 51182 56910 51987
31773 41369 32914 41552
25187 21933 25761 22222
51192 52431 51991 52992
55349 54551 56835 54617
30793 19300 31075 25388
34385 57072 54316 57072
57052 13237 57053 17111
55541 6562 55675 12551
47373 48540 47886 49131
47841 25697 47872 31185
4369 55078 4890 55656
53854 54642 53884 55181
49050 52925 49727 52991
4033 53897 5798 54014
47099 4011 47783 5442
26289 36518 26393 40491
57064 4906 57084 8068
47537 57028 53313 57033
26255 49860 26388 53785
20625 30221 25488 30671
4451 54699 14355 54700
37792 11732 38192 11885
52752 45091 53340 45439
31223 31740 32327 31817
55503 14892 55542 15055
444 28246 727 31724
56549 6734 56561 18487
45233 56763 54220 56766
48767 39142 52016 39322
50077 39490 51288 39593
26416 7052 32581 7601
14351 55038 15349 55113
48702 8732 48937 10477
44236 56088 45991 56205
26567 31819 28000 33284
54238 52907 54268 55934
54148 22687 54209 23137
50272 22003 50781 22671
43747 52931 46484 52972
44349 19675 45142 21176
52887 27877 53155 28981
9654 13746 9921 17406
56966 56617 57062 56664
18785 10699 20643 11236
57001 12610 57017 14594
26594 52733 26688 55478
28147 39110 28233 39256
53420 39573 53814 40066
54927 4728 54955 8388
29289 56336 31907 56344
2160 56891 2934 56934
55471 51033 55484 52456
1450 2006 1468 12016
9807 29454 10059 31043
46858 49593 48051 49756
24968 56626 27545 56666
36339 46300 36528 46951
56966 2032 56988 3357
2513 51861 3099 51996
51763 41516 51773 43509
38309 47248 39853 47413
16225 21333 16732 22104
54468 54002 54550 54039
49682 47943 49892 49576
54969 57027 56522 57036
56909 56974 57021 56975
10621 55780 13296 55965
16750 8435 21243 8494
35370 25504 35686 28866
54496 13947 54513 17053
57076 20025 57076 26330
33034 48340 33234 48490
46965 51 48164 134
49138 55968 49984 55992
14857 16309 19103 16618
40211 56858 41862 56866
6603 50949 6618 51280
35342 52482 37529 52999
56356 10906 56382 21124
44148 1633 47612 1840
56563 27090 56569 35383
32214 43334 32452 44114
13748 49191 15002 51032
54728 53345 54999 54489
14520 40966 14906 41102
49308 2152 49431 7713
44511 56675 45338 56699
50353 56351 50570 56526
34727 57074 40121 57080
57077 25547 57079 30385
54813 41963 54818 47634
16429 140 33005 231
51206 55923 51343 56014
57037 6400 57040 19260
44451 7721 44986 9055
26713 15465 28910 16330
50137 43859 50580 44026
42851 57075 51659 57076
30099 54586 31246 54626
52950 45840 52974 52133
55323 4425 55532 6286
56098 29662 56198 31682
31182 51413 31508 53226
14310 43976 14659 44575
55726 57013 56357 57019
8271 45859 12119 46155
9236 10569 9260 14462
45753 56212 45770 56536
29996 56612 30147 56616
31086 21750 31313 22929
51363 46285 51385 46628
53691 33056 54557 33282
54541 17828 54621 18252
52827 22901 53396 23001
16056 24068 16127 27179
47706 29328 47736 34081
395 11005 692 12436
27814 5325 33402 5441
18586 28434 18787 29988
48200 49978 48228 50946
51040 44614 51041 44971
50374 5811 50660 6711
3104 47510 4911 48123
55716 45797 55747 53732
46144 56817 46872 56845
31225 54839 31597 55035
56502 48488 56575 50074
17238 7158 22910 7895
32497 49481 35036 49823
56714 12290 56739 18838
42077 48243 44583 48263
44933 1378 47337 1486
40591 8028 40655 9265
50872 45289 50939 46677
29898 47276 29926 53308
42227 51712 44366 51804
56635 47376 56930 47388
56699 35131 56744 38252
56839 54850 56856 55135
52280 8511 52575 8585
53285 49133 53295 50803
39503 48944 41266 49016
53861 8004 54206 10299
27880 18948 28059 20751
29137 19539 29146 21472
3430 38273 4747 38792
57080 22055 57081 22753
57064 1674 57078 1926
5742 56620 7705 56668
43015 46572 43906 46657
57013 22735 57054 24199
29406 55095 31733 55096
53146 30343 53195 32571
57085 56124 57085 56771
11067 54418 11580 54482
40630 20897 40709 21778
57078 47493 57081 51116
36169 50231 38039 50412
44444 19151 44531 19217
43145 56240 43807 56319
42927 48837 46875 48841
38949 805 45658 852
31247 56016 31514 56173
56605 20218 56609 30306
56396 14689 56433 16337
51498 57017 53650 57027
25437 15354 26632 20276
45333 51688 45599 51796
3679 43270 4145 45598
43126 8713 43880 9195
55625 26408 55906 27524
42108 40393 42261 40502
3518 35719 4229 36413
43013 52036 43907 52219
16374 54769 16734 55132
39734 52486 41564 52494
52213 6304 53207 6957
30428 36095 30877 37372
7115 52387 11615 52411
52619 52644 52772 53028
57023 5011 57031 7512
17750 35908 17811 42233
48550 833 48694 9226
39732 4074 39808 4270
38684 46600 40025 46732
4118 37366 4461 38223
31473 49026 31712 49849
10451 31098 11591 31185
56589 23669 56593 50114
25036 17606 25358 20209
51860 45858 51943 46805
56449 51060 56456 53125
45338 52838 45843 52908
52349 21874 52587 22364
56449 8768 56457 15327
57052 27187 57056 28270
53243 1846 53245 4293
53118 46032 53161 48048
49910 45359 50050 47858
14975 56621 16509 56665
25765 50664 26028 52752
28844 37204 29362 39159
49171 2750 49228 3089
56572 21114 56572 40480
54468 19147 54571 19169
51709 41064 51721 47478
56810 2012 56821 2473
56640 51572 56801 51930
53358 51784 53397 52452
56434 31373 56436 32532
47484 36661 47508 44090
37242 50414 38328 50432
51119 51961 51162 52492
56812 47356 56972 47370
19788 11883 20218 12304
30733 55170 31243 55191
19506 28690 19676 29715
50847 8226 51038 8775
41912 50088 42240 50714
55587 32417 55981 33198
42492 15 43065 380
47322 23497 49249 23762
56134 11957 56134 17765
42552 6789 42568 7473
43871 41763 44037 42243
34552 56750 36849 56755
24031 29307 28902 29426
3739 5369 4269 5417
9456 9888 9509 10876
9942 18821 19280 19192
9015 54171 9098 54210
51412 6064 51617 6892
27834 55414 29517 55791
33194 47437 42342 47570
56371 39249 56393 39542
43400 57071 49178 57071
51349 50888 52112 51435
55320 17246 55488 20479
35813 56963 36183 57046
23123 17675 23607 17820
9193 31491 9964 33176
53175 22025 53905 22231
16023 53074 16162 53845
14631 7177 15948 7653
26063 46310 26226 49829
54958 9451 54963 11081
57079 36807 57081 41984
21931 57049 25917 57052
50628 42272 51011 43756
56740 54320 56835 54434
53944 51635 53965 52429
55333 1981 56805 2416
54649 50350 54694 54582
35082 46295 35468 46400
53802 55627 53834 56107
1520 4025 1651 8787
49424 56015 50926 56057
23444 19914 23702 23557
42141 36786 42148 39625
43790 57010 44198 57027
43467 56419 44919 56523
25565 40726 25590 56001
10703 30446 10982 30871
25921 26448 28335 26473
4718 57084 6727 57085
56935 34172 56943 37536
55972 8937 56193 9837
42341 7591 42513 8199
42458 49148 44822 49220
40753 24487 41246 25294
26456 52360 26502 54178
55126 4543 55294 6316
37142 56868 43600 56875
52169 47758 52476 47779
6140 45327 9932 45650
56722 47114 56917 47251
53770 56629 54431 56686
51815 51735 52264 51911
10947 19263 15113 19556
56916 33287 56918 42033
50958 57037 53955 57038
1225 6857 1379 10526
34477 5279 39412 5458
16301 17558 22538 17973
48119 49652 48159 49790
57071 51713 57078 52912
57081 31274 57084 32096
30882 53480 31547 54438
56967 57034 57077 57060
9527 56597 12613 56621
2442 55821 5694 55950
42600 51415 43567 51591
56975 23863 57007 24846
42845 45644 43055 45741
10427 55529 10555 55678
52848 56153 52949 56238
30753 52470 30790 53423
56323 57068 56692 57072
14361 51532 14656 52016
50473 57010 53314 57016
49555 39614 50228 40003
6409 56014 6474 56584
53148 56415 53626 56439
42651 39496 43023 41564
15327 56563 21346 56566
17311 10837 17554 11085
56914 57027 57054 57029
25898 53757 26076 54335
52105 34027 54700 34071
30559 38109 30810 38818
56922 28809 56922 36873
57066 38239 57069 38527
47873 24615 47886 25610
49913 44075 50462 44799
56905 55955 56934 56025
16284 27672 16555 29021
49868 41208 49874 45167
56952 57082 56976 57086
49952 41261 50018 42872
12253 29317 12339 30593
54818 32644 54955 33746
27072 55895 29512 56031
28860 24439 29355 26227
3153 6623 3287 10011
8748 57057 19866 57059
54104 53045 54116 53591
52337 50107 52386 51414
51021 39375 51705 39482
45068 8190 45549 8906
17499 48931 17965 49956
46024 52514 46026 52733
44999 9730 45211 12220
56883 45882 56908 45917
56633 16762 56643 29106
56775 45630 56824 45939
52435 3993 52885 4633
56807 56790 56882 56962
9032 57053 18068 57055
55788 54629 56113 54630
51723 45960 51833 47801
45520 51834 46345 52022
1691 56731 2609 56787
34334 55969 34516 56514
27997 55843 29301 55882
11883 0 16250 60
17925 28490 18172 30880
5307 56535 5712 56662
51233 43895 51259 46524
3845 32274 4457 35330
51932 3161 53137 3598
4484 27633 7749 29284
25884 54798 26288 55396
41408 4764 41502 9506
45584 49647 45691 49719
53080 46462 53082 46783
53294 56491 54422 56584
23272 15505 24963 15738
20378 16424 21291 16480
51786 152 51844 360
57080 2928 57080 4541
1831 55729 1996 55768
5198 55094 7171 55227
46653 19605 46846 20449
56829 32969 56830 41747
36447 56854 41617 56855
18368 28654 18398 29771
42694 44522 42696 45603
56619 56357 56977 56362
48647 28280 48726 28603
26661 48459 26733 50632
10295 2116 11133 5995
3244 54852 8344 54876
32003 26006 32016 26765
56343 8186 56359 8501
56847 38191 56861 40902
55745 5511 55906 7985
31926 25065 33111 25338
52558 1292 52932 1381
50064 439 53655 472
55609 27738 55823 28950
50404 51982 51117 52699
25638 56281 27516 56333
54859 17260 54875 18404
13099 1494 13468 3288
31820 53192 31824 55050
10432 8100 10718 13484
55042 41955 55051 46299
56181 10533 56210 15036
12718 54238 13109 54340
55940 2627 56049 2851
7483 26940 7877 27483
18210 34094 18282 37629
55203 956 55368 1404
29892 42281 29999 46017
44126 57053 46300 57054
52625 56782 56372 56782
23461 25507 23588 25651
56988 48067 56991 52448
56763 42983 56787 45426
774 52534 10361 52549
56918 56459 56943 56775
53852 40232 53878 43120
3315 52353 8126 52354
50519 28562 51469 28712
53225 29762 53361 30340
543 53724 1197 54059
28262 17852 29512 18914
6374 45196 13828 45265
4012 50736 4801 50771
55375 24040 55691 24515
21235 8253 36806 8256
56948 51668 56949 53997
40145 18152 40513 18824
12733 13915 12953 14314
54499 8509 54619 10587
51536 44087 51690 44107
39474 56918 41087 56932
56869 14529 56870 16471
57085 14593 57086 22504
42711 49235 44975 49260
39013 57049 39305 57052
16555 6261 22459 6458
26539 30216 26540 44141
57063 52368 57065 53615
31576 527 34322 530
56951 53491 56960 53511
13877 56306 14933 56337
48721 7758 49550 8484
49146 52166 49327 52646
44201 57032 45198 57041
49404 51826 49592 52520
28114 32627 28200 33431
33529 28503 34299 29141
31826 54339 31829 54923
34932 50001 41765 50088
56841 55300 56860 55618
52838 48568 52917 50542
52531 23576 53205 23664
24625 16565 24682 18639
16360 32342 16382 35063
49152 50145 49232 52140
26024 31628 26525 33655
56873 55283 56902 55769
20924 57056 28549 57061
56600 48791 56603 48965
56914 19063 56914 24744
51996 22724 52386 23112
50661 56070 50988 56406
16971 56097 17318 56102
56931 34713 56931 40286
40669 15410 44131 15459
31099 38480 32530 39163
1684 53676 6660 53722
43666 6668 45565 7654
35417 57052 36389 57061
25715 56124 26240 56218
56926 41540 56926 43897
48500 56686 50003 56690
3 49940 279 51864
51537 40068 52477 40145
32875 56376 33753 56426
39764 50169 39909 50385
50423 29633 51190 29748
21826 5542 23049 6127
57053 2586 57053 5197
38238 10370 43006 10568
50324 40312 50380 40592
47393 2858 47459 3000
55596 28843 55604 28884
55079 8280 55295 8371
54221 28121 54282 28189
52794 4938 53054 5331
56716 8049 56728 8433
46206 49656 46768 49782
46277 48258 46430 48365
18285 34571 18295 42238
43852 56852 49060 56857
31650 39951 32082 41300
57041 11619 57044 17940
54331 50375 54353 50777
44400 25460 44496 41178
32613 42228 32901 46717
34906 51985 35021 52020
33493 56215 33832 56257
50797 22925 51105 23241
463 55256 914 55705
13995 2090 14158 2408
45265 51406 46125 51625
14444 39814 14471 41231
12941 7206 13721 7714
55108 54469 55337 54535
55543 939 55701 1260
56765 34549 56766 35865
10044 55623 10219 56025
23519 56615 24792 56640
768 49470 1116 50763
51338 39812 51693 39889
56831 14479 56831 26643
15390 15623 18185 16005
8445 32889 9037 33159
15320 28784 15750 36276
34636 55974 35174 56009
44100 42512 44265 42552
56524 27252 56532 39026
56235 15740 56253 16982
51546 44774 51628 46867
57064 54921 57072 54946
6362 57081 8465 57081
14454 1413 14971 4493
51900 44795 51935 45641
56961 55625 56967 55883
30653 52986 30700 53162
44154 18988 44174 30747
10127 31191 11237 31549
56286 7233 56418 7316
56363 26802 56418 28819
48062 30287 50219 30541
16970 55194 17541 55531
13940 41183 14020 44855
57065 2432 57068 3223
56510 7289 56535 7777
49258 42858 49279 47862
16424 12341 17117 12552
36135 24362 38277 24397
7517 46977 7524 47235
27412 30125 29291 30927
24140 12681 36774 12700
52176 39890 52230 40004
34096 56881 35596 56882
53413 47908 53460 48695
56900 56079 56938 56204
55713 33408 56081 33977
56573 56757 56690 56924
55354 52 55528 860
43102 56720 43690 56753
26505 26965 27811 27653
48558 49843 48560 50419
35045 52871 35092 52996
44323 18568 44546 18851
48620 45017 49232 45349
54738 18362 54770 22737
49931 354 49938 1457
56615 16364 56622 27005
55156 2507 55477 2551
37679 25971 37922 26115
41039 48629 42521 48781
57058 33279 57065 36167
7071 159 14865 328
50912 42104 51087 42175
38077 46942 38867 47209
2620 56463 3800 56551
36736 26133 38116 26909
57085 30063 57086 37363
34923 48331 43039 48394
56980 34200 57033 34359
56814 22543 56830 26963
40367 49539 44377 49608
48242 49361 48381 50553
51697 56008 52385 56107
49101 49010 49282 49615
55977 11085 55992 12362
37315 53016 38535 53027
56256 18193 56264 20717
52065 23287 52410 23483
45643 57074 47398 57074
32362 44141 32561 47005
51131 27984 52304 28092
1978 56829 1983 56992
541 39849 774 43747
6315 48239 6414 48329
10469 56493 11534 56578
13046 56034 13441 56379
29454 31792 30066 33434
52773 56701 53305 56727
56873 4974 56875 11055
50411 57055 54352 57055
53631 54251 53634 55719
56973 26667 56976 28575
51710 24245 53317 24548
40714 16046 40717 19337
40985 47071 41017 47116
54149 15250 54386 19199
55098 53051 55251 53151
6339 55002 10013 55005
56416 57077 56527 57081
8086 54317 8510 54480
48483 57053 52693 57054
53808 31783 56060 32038
53494 1601 53574 7127
55828 10341 55857 12772
47967 48470 48607 48722
40801 18250 40941 21420
14847 55362 15755 55560
53966 52607 53980 55993
56440 19943 56442 22391
40657 16426 40661 19091
42206 33349 42273 35969
38844 57056 52042 57059
50589 28496 51281 28519
48119 40442 48242 40936
30637 26554 30774 26732
14691 41246 14812 42179
27381 21790 27982 22062
54432 54537 54457 54619
42035 50836 42591 51657
26301 55921 26765 56061
50686 5370 51617 5611
55016 48672 55115 49287
54132 51542 54271 52144
51217 51833 51413 52074
29683 55222 30249 55249
54347 56841 55198 56841
36507 56935 36780 56962
39543 28758 41535 29213
12695 25839 12702 39868
51459 42117 51464 47262
52067 45167 52206 47427
16168 32459 16335 37814
52593 7962 53208 8448
56249 31369 56313 31486
53264 31354 53448 33050
52555 49139 52570 51767
55014 48308 55132 48404
10548 14935 10637 16356
35406 56858 37225 56861
55576 47779 55643 48388
53243 51391 53284 52266
52502 47164 52887 47345
56916 55066 56921 55112
11184 33787 11307 36433
44913 18904 45493 19030
31060 32549 31566 32946
141 6965 143 9424
57084 33660 57084 39468
17967 50059 18237 50282
5133 78 5327 163
55836 28734 55901 29118
5516 55429 5571 55749
54800 8418 54957 8684
51699 8609 52739 8800
56717 675 57074 998
45113 49609 45480 49890
56956 27198 56957 28375
52430 48620 52437 51705
45817 49207 46800 49313
28359 17217 30976 17597
42399 56892 42556 56929
55456 39532 55507 39979
48611 56173 50114 56186
45632 973 48210 1081
11799 54123 12008 54390
51696 6101 51728 6742
4838 45806 7886 45822
41627 48963 44002 49066
25480 26450 25510 26927
31489 6541 35224 6601
9461 33750 11078 33835
13895 6151 24225 6156
66 28330 386 33171
5880 31521 9075 31796
56971 51974 56971 53368
38022 52625 42084 52668
28826 42180 28883 42361
56961 52905 56968 54413
54036 57024 54440 57041
30078 55948 30664 56249
53982 56010 54376 56038
20010 25942 25220 26145
18249 44991 18367 45870
5853 57059 8075 57080
55442 45192 55449 47759
36817 56968 37500 57038
50490 56737 54430 56761
57084 23675 57086 26367
45307 11724 45981 11801
47923 41231 49036 41299
22263 30729 25636 31058
56328 9870 56336 12850
3589 56651 3803 56985
51724 56626 53466 56651
56508 46398 56514 47018
35512 47822 38517 47892
56920 271 57013 442
50860 50913 51037 51465
34214 5711 35917 5943
53815 41106 53833 41342
28986 15548 29133 17147
14236 36968 14266 42068
2153 54928 16259 54970
30449 8862 35822 9164
56577 5209 56582 36758
51493 43294 51592 43747
49972 48696 50009 51248
55251 20988 55320 21353
47263 23834 47874 23943
47149 10207 47579 10891
26910 26338 28765 26353
33950 50864 34808 51098
47171 31871 47618 32243
52931 55956 53446 56000
44271 56797 44690 56827
56980 57085 56998 57086
20713 26982 21329 27096
45577 12336 46644 12356
51517 55966 52383 55989
40577 23700 41114 24357
53245 23250 53677 23412
25799 46274 25849 47745
50482 24347 50532 24732
30422 31404 30642 33214
9198 23363 10057 24211
56971 28900 56975 29595
50759 30017 50763 31113
56977 25772 56980 33624
50815 21696 50970 22005
31345 21446 31348 27779
54215 33324 54546 34003
6081 51847 6230 51982
56778 46692 56915 47045
3563 56061 3781 56305
15231 52073 15378 53696
15209 7050 17621 7075
53935 49675 53935 55548
53567 32725 54615 32940
19569 57045 20430 57045
45854 56336 45972 56487
40573 25605 40675 26257
56989 8898 57000 12751
56570 47038 56582 47571
55386 57052 56723 57054
52943 52864 53485 52906
50175 50618 50230 51686
32413 12516 36117 12628
57075 30912 57080 31459
11333 20208 11973 20531
57025 25517 57040 26002
17750 25638 19033 26901
29793 17665 29898 18320
25727 53396 25937 53707
24716 17538 24734 18016
51177 21550 52425 21593
12279 15421 12483 17230
56872 39864 56876 43321
34167 46998 37816 47342
327 49699 413 51281
57015 36238 57020 36600
1954 55244 2920 55676
51470 22786 51535 24570
9176 5126 9248 8421
56990 28120 57005 28541
81 53986 271 54043
31602 16432 31708 20744
56650 43475 56667 43863
57069 57028 57074 57032
49288 27642 50201 28450
18783 310 34966 324
11260 31450 11741 32665
52214 1972 52220 2019
30442 52277 31118 52384
51971 56142 52647 56160
44089 49878 45061 49889
55749 45703 55776 51899
56923 44162 56926 46078
41939 43101 43247 43475
16987 10223 20289 10653
33402 48325 41562 48329
23407 15749 23597 15806
53364 56248 53535 56280
56352 21931 56364 23607
13688 15775 13846 15893
37799 46832 38955 46857
45973 47713 46594 47763
56869 43456 56871 43646
50967 45875 51014 46485
53949 52676 53956 54918
46700 47713 46724 47870
55025 6413 55026 10328
54640 782 54690 1193
3015 14014 3620 18783
6473 33258 11425 33305
57041 34526 57043 36814
16014 34416 16035 36196
22360 57034 27655 57037
17698 19453 22999 19649
56921 46159 56957 47141
41282 24106 41316 25118
41962 42682 42373 43068
11720 28869 12212 29450
42078 8353 42352 9228
56054 27195 56109 27722
54697 32909 54720 33020
10044 14795 10403 15565
57066 9249 57070 12718
53776 52100 53817 54164
42254 46197 43359 46503
14112 16340 14636 17187
19087 27814 19191 30019
4170 15150 4251 18339
46910 48317 46927 48429
42188 44648 42562 45669
55491 16986 55512 20559
50626 7824 53024 7877
56740 41634 56750 41771
25083 20388 26031 20997
41054 22923 42028 22959
1291 53944 3702 53977
22407 808 25393 825
37359 12342 38428 12343
33165 50362 33743 51129
47307 49792 48155 49882
57011 56917 57078 56935
56774 17555 56801 19222
13339 54089 15635 54132
27178 57071 28097 57071
27336 33877 29224 33930
44178 45752 44521 46037
56426 32777 56448 38262
