88615 962
22595 88439 75805 88498
88394 22956 88456 75301
44587 38435 69803 60830
88518 37720 88605 63894
32630 68482 55346 74183
33795 65385 64187 65828
46968 86551 82899 86662
14813 68566 23920 73968
76546 11014 84311 49086
46746 77361 53492 84975
86498 23249 86966 39433
2297 2099 11402 86679
15475 27103 23731 42422
28147 87260 84556 87486
82364 71439 83378 82863
62423 76513 70340 77924
15885 84085 36335 85248
54470 3795 60403 19204
85716 49104 86709 63518
59364 80113 70626 85781
74564 60740 80129 61888
77747 613 81119 10437
77798 83528 82006 84181
29863 7231 50380 33056
85852 41539 86197 42636
86691 64610 87168 65587
54297 82038 54343 85979
12533 78167 37904 78372
70729 55483 71612 73153
26433 33803 48606 36031
17284 65936 50781 66366
84070 78273 85242 82897
73361 68443 75132 85175
44979 76142 73030 76156
87144 35862 87182 41886
18964 87835 44550 87963
73613 58135 77744 59046
67451 13898 76021 20963
71644 64914 84474 65896
15323 563 26799 638
72273 41830 74153 52397
18863 43850 38026 62115
88011 31069 88047 35810
14534 43425 16847 52244
38581 60638 41011 63314
80803 69807 81973 79782
38878 43785 44148 57322
71603 40507 75603 40791
84537 17142 84589 29587
88074 6829 88098 59819
3382 86782 8317 87683
82329 60339 84349 60904
45303 87135 48591 87212
85406 8294 86132 40728
55562 29663 56784 37993
16916 10182 25884 14545
43215 87510 57283 87668
66293 64278 69382 67602
56720 223 65593 588
88394 1126 88485 10779
88543 6817 88590 8396
41888 61766 54823 62274
41180 88047 60192 88271
58671 21750 64068 26930
86297 82868 87602 84969
88512 67149 88593 87583
75462 50228 84865 53061
14916 88431 16273 88603
52304 12743 53248 14668
84596 44097 86332 45459
73818 86854 76947 87166
1584 4633 2000 79259
87120 8612 87856 34807
16229 80521 46349 82264
88612 52805 88614 76419
84792 1567 88027 4935
88479 54425 88496 71505
3076 88261 33957 88269
43296 88563 59077 88607
86141 71177 86519 80597
87005 74707 87393 75842
30715 87564 37291 87759
84046 72726 84871 73795
61939 6963 62167 11972
14471 67114 28841 68557
23469 4942 25323 5887
88008 82896 88503 83098
75224 77680 77533 78837
77916 69043 78521 80329
87734 88358 88595 88402
32628 74430 37597 75199
79075 53779 80648 59502
68256 28589 68463 34553
87435 74109 87881 75880
88394 79089 88488 80091
55765 80248 57888 84783
54666 66888 55860 66995
59003 78402 64023 79349
70013 21900 70151 36764
86251 86815 86400 87476
55799 71358 57613 74235
64157 68411 69370 71410
13581 4420 14016 57045
71983 22351 76355 30482
87717 83863 88188 85341
37664 75851 43729 76297
28881 88520 60496 88550
33307 3787 38510 6464
57173 19722 64939 20236
79203 41 85841 224
88166 54079 88377 58022
56240 78699 58686 79176
38687 37999 39033 42413
73035 31594 74482 38371
87956 65124 88302 65133
71406 43493 71596 49036
79256 86917 80056 87174
86415 86691 88067 87702
88167 68279 88277 71928
27820 85435 45203 86897
68252 2573 76573 5034
84689 57173 85186 62650
14751 85508 20618 86685
14612 74242 15713 76001
71165 87942 76723 88016
84144 71050 85657 71454
70976 86439 88291 86484
56033 62309 61776 63237
76633 82483 77691 83122
56285 66615 57964 69127
12427 82519 33830 83604
86756 43725 87560 45457
78856 70806 80312 74522
88570 19305 88575 28207
65267 7322 67219 19320
61479 32641 62479 34535
88301 85624 88495 88149
50585 22213 52525 23330
44221 88415 65080 88419
76686 56398 77581 56586
37061 84111 46481 85110
87193 75938 87858 78071
78869 66886 86675 68543
642 88362 2895 88580
86967 68408 87201 74094
78016 84287 83092 85399
27152 87026 41601 87103
66922 25309 67511 25572
72329 80523 72668 82754
87090 45712 87724 55838
85436 88579 85790 88589
33845 80283 45326 80445
76464 88485 87639 88514
18430 75711 19269 77465
85455 83196 85527 83403
76824 81426 79277 81940
37423 88607 41785 88611
25121 64424 36560 65335
24629 83610 35603 83654
77962 53571 78528 59616
64860 86144 80339 86345
88521 12585 88531 18473
65238 61543 65884 63820
88318 33278 88368 44979
78419 65898 78451 68306
87897 88423 88331 88515
47839 85103 53169 85318
24869 18893 25674 21181
84455 55922 84459 62256
65142 87841 67717 87865
74222 5361 75999 11499
82598 88256 87687 88268
84878 46027 85652 53182
15719 78659 39022 78680
51348 24380 52842 25808
14526 2682 16687 13546
86605 15586 86922 21356
83435 76504 84854 76538
84508 83351 85349 85944
11732 10186 12819 57757
85040 65885 88303 66145
26878 4515 29323 32323
71289 79357 71915 80466
72246 59915 83261 60154
12447 88357 74751 88368
82889 55237 84509 55384
87312 78125 87371 79359
56538 86837 68387 87245
47146 74837 51838 75641
79119 79856 82226 80539
24251 15098 24856 21921
88259 8783 88270 10276
88603 65602 88605 79961
17312 2005 40129 2599
63206 5101 63463 7778
75669 88158 76938 88405
56128 27915 60868 28528
73274 61544 74138 63177
15942 61238 16726 66449
71638 53078 74965 54883
88502 2949 88519 33011
59201 73282 60423 75754
75879 40889 75955 45230
86769 5330 86944 13187
31026 66912 43368 67101
54496 76675 54559 82272
29950 70026 32213 77554
72305 74748 72355 75320
14674 79302 29661 79506
72803 7383 73276 9936
45177 37004 47099 37309
53918 21490 72022 21615
39041 76577 40850 79617
58133 64013 59262 64607
29096 38462 30052 40051
75508 88584 84232 88586
106 53088 781 57344
88463 34146 88509 49149
87992 63177 88033 63928
18242 18057 23565 21221
87754 49634 87992 55577
75411 67571 75456 73698
57999 82949 58699 84685
62894 87550 84631 87774
87407 56568 87897 64992
16807 87442 25329 87649
42920 82841 45821 83621
74963 35051 75456 38283
56954 76540 57285 77028
60212 88565 67114 88608
80417 87853 85291 88187
37977 74975 44298 75752
57146 60920 67569 60975
14911 42470 43662 42523
51384 2511 54304 2665
80674 57089 82446 57891
56232 86347 76020 86389
71705 88548 79628 88573
84375 4998 84464 49771
68853 910 69703 2443
64080 9822 64806 11607
76460 69664 77867 74776
60966 66271 62415 74557
82407 83700 82948 83812
82214 72131 82289 79463
23027 87973 29266 88134
88146 10403 88226 25198
22787 62662 33997 63976
62581 73521 67184 75220
69865 53371 70590 76133
43204 77855 46534 79532
70497 76451 71415 76785
45292 62298 45739 64239
34792 63499 42977 64347
83795 83103 84409 85572
81045 66573 82212 66626
67237 32720 67800 35355
72906 82531 72979 84972
45441 85802 46060 86649
12843 49264 12971 62869
86596 46781 86701 46940
36880 66368 53557 66755
71689 5538 73190 6141
88352 13267 88355 29170
66873 5952 69929 7203
46104 842 47106 2492
75149 80414 78149 81356
1684 87756 12313 88134
54253 33967 54333 35156
11683 85579 12692 86435
3712 88488 14585 88518
88596 84381 88614 87948
51951 63579 52466 65033
13878 84945 14619 85513
86954 81864 87530 82063
70920 81510 71849 82507
87386 71560 87451 71784
68765 72731 69186 73718
50189 86078 50523 86447
81203 88353 82160 88404
83439 2895 84100 4372
62469 87936 68472 88154
23134 8003 25236 8238
87483 78461 87835 78915
31108 42175 31772 42413
58836 29253 64415 30071
80545 62531 84370 63039
28254 75504 29375 78038
80750 68935 84378 69089
85763 88092 88121 88148
88610 16543 88611 61403
63626 30490 64129 32754
12924 71305 14590 76892
87721 86137 88241 86300
83096 83288 83263 85709
49402 86773 55386 87183
70621 69059 70656 73534
87729 79368 88333 80535
54398 65224 56404 65295
60039 20908 60944 21425
60575 15444 62349 17932
84620 3390 84679 34191
59971 34063 60713 35429
44979 82548 45662 82632
86531 63862 86978 64288
83691 86634 85559 86668
75783 79746 76913 79835
85571 82209 86221 82619
22375 83687 34850 84030
88592 26068 88603 32066
77436 85655 82871 85854
21973 76441 23247 77071
12747 87765 17937 88244
84244 71745 85624 72042
60983 88301 69577 88353
33720 36778 37332 38698
62535 70633 63306 71956
88227 21744 88262 36304
84919 17855 85175 35106
25283 74378 28049 75826
53244 87697 62456 87731
74129 87848 76569 87884
44968 87789 57910 88022
11439 12896 11674 26285
83277 4715 83806 10195
54576 82019 55633 86331
84540 86917 85850 87230
20028 88591 21524 88614
21997 79651 24000 79687
74395 55776 75048 56283
87128 81640 87323 81679
50731 4812 51136 9408
25808 71271 28931 73322
26257 6967 26321 10011
17583 86939 26911 86968
62391 2191 62954 7418
55095 32328 55229 38222
43901 87013 47937 87079
75998 63705 86276 64239
87749 37527 87978 43421
76576 84730 77117 85402
61859 88423 68530 88433
80823 86669 84425 86970
85698 85762 87954 86080
67074 26269 69411 26510
76531 54474 77133 54530
57755 32382 58752 34731
50623 61594 50745 61674
50389 29516 52656 32102
71163 82989 72695 85942
75537 84432 75626 85693
86329 81694 86457 82717
87967 73590 88002 78725
35130 86946 49042 86953
86643 80735 86902 81063
85577 83814 85853 84792
73006 78919 73294 84309
50420 2956 52128 4736
77896 87543 83514 87546
54257 75423 56767 75618
82131 4440 82261 9064
1357 21402 1396 69208
72479 68432 72781 72709
44480 52708 44480 54936
73183 63325 74939 64428
85467 55376 85622 57168
4652 88441 9597 88450
88307 71311 88345 74891
86438 39812 87077 43718
72716 75497 73055 75709
962 84906 1425 86972
24186 85975 24300 86491
25480 78738 32543 79262
14786 22433 26678 23929
26179 37234 27359 37477
64610 28795 65832 35701
77847 87973 78817 88158
62507 88164 73010 88217
86346 86520 87066 86536
85334 4973 85506 7165
53651 22774 54121 29291
88062 88531 88269 88538
64301 2107 68195 4069
24608 25043 26751 32844
64261 15394 64496 17515
88402 80507 88447 82337
86714 51164 86968 57194
87935 80798 87981 81924
78917 80684 80364 81041
83723 76570 85880 77974
11824 83568 11960 84882
82069 88558 86822 88578
83447 70109 83493 70496
88110 31136 88165 52764
82461 4271 82700 5043
23723 42907 43997 43033
24 26235 56 87150
759 22706 866 48112
87644 79637 87681 82434
12997 79143 13606 79989
75918 197 78127 476
36367 41447 36969 42020
83815 88332 85443 88480
88161 76831 88248 78861
55061 78271 69903 78359
84328 36092 84350 39279
59573 69686 59843 70908
79989 66230 85378 66238
72301 55465 72527 55820
88525 21224 88552 36649
60461 71074 60611 75648
12188 88404 65772 88408
87255 66775 87506 71040
56519 77937 70743 78203
70319 34141 70761 38400
80083 85556 80171 85641
54535 27514 55484 29560
32655 88025 37095 88080
81864 53179 84051 54553
59373 31832 60278 32822
78713 76828 79152 77278
34605 67713 45925 67998
62612 36097 67104 37304
85762 71673 86045 71765
48734 67249 53044 68472
17875 54882 18035 58724
87054 13597 87080 22257
74781 88609 84252 88610
80138 49172 81295 49878
47593 76674 48267 76887
88173 1017 88335 6974
74097 88045 75033 88116
85265 78646 85655 79954
75778 67770 76218 73539
73050 20987 73408 21331
61116 88520 69945 88536
87992 17299 87996 39035
59809 88380 66818 88380
47834 62847 49067 64360
37405 87501 40127 87606
87570 39323 87714 45481
71445 23720 71636 24785
84450 88300 87306 88326
60639 1952 60647 7300
51721 61341 63737 61574
26444 41575 28695 42398
35722 79110 38989 80018
87981 66735 88367 67990
28659 37570 32692 38282
34521 76817 38589 77756
81637 88272 82592 88307
71686 71240 72101 75246
78959 82487 80501 82844
57380 86415 68782 86547
70307 87088 73097 87093
29149 41765 32054 42099
29986 88033 31329 88160
57237 88613 86332 88614
75528 82186 75747 84338
77662 62828 80162 63502
80991 58626 82336 59523
48860 88376 52144 88397
70855 51463 72191 52684
75507 70257 75635 77424
15780 15367 19669 17305
63029 20450 63855 21369
29718 4500 32942 6432
27322 88283 60275 88349
85781 48345 85860 48997
42649 77071 53316 77281
86208 19716 86255 41567
18330 88556 37788 88558
3125 88207 6265 88249
58146 66948 59090 69093
41800 82700 41984 83470
13210 58014 15199 64818
17422 55550 17701 63089
59152 88612 66346 88612
48694 85978 52321 85999
74416 44523 75143 50322
88124 63246 88248 63643
75032 64345 75983 64652
23858 76131 25581 77409
53803 83025 54007 86512
86683 71641 86954 74477
71640 62170 73233 63012
59980 87871 73690 87899
87492 88552 88491 88600
31824 88591 37756 88604
42862 5688 50563 6788
87676 87930 88084 88078
77295 85411 78003 85416
88474 54473 88474 57948
87401 45472 87454 45634
73138 59475 74847 59657
19694 64995 23796 65712
85905 88449 86955 88474
88304 52313 88349 52450
87769 82751 87889 83635
85852 69984 85960 70049
22799 85369 25342 85653
36090 83590 37841 83841
86965 74212 86975 77496
63068 79600 68196 79841
73472 10636 73556 11527
65770 78879 72928 79099
76108 54784 77398 56205
14228 37121 14427 42357
68667 28186 68721 33201
88277 81458 88305 82871
86067 76500 86069 80037
88429 78046 88457 78774
79800 88428 83109 88482
65585 75278 67212 75809
29687 30558 29702 33355
83526 82335 83690 85609
33297 75309 37294 75869
87476 87876 88152 87912
79939 69170 82714 69529
78645 78731 78710 79123
42693 65842 65763 65935
65522 28367 67017 28372
87308 40367 87414 42322
87934 26007 87945 34164
83503 78825 83844 81912
85559 88534 85562 88548
76738 87207 78947 87249
85716 72846 85929 73412
66078 71849 68697 72487
80651 61518 81047 62255
87086 79776 87124 79944
356 73437 1111 77480
70068 48109 70149 50646
88504 55950 88506 86652
88462 68908 88472 77237
87090 85069 87144 85082
26238 1290 38450 1541
75769 81866 75800 84729
12448 80540 16186 82296
58545 76335 59305 77510
80477 81443 80797 82331
72320 55160 72733 55189
53591 76578 54100 80803
16298 1046 16799 1145
52136 8599 53029 10215
63894 85844 63961 86130
76853 9513 77156 10127
85098 7140 85225 16515
85832 87560 86320 87835
73471 88224 75109 88310
33525 39095 37586 39732
31682 1691 45624 1893
85591 43011 85706 43637
13178 65929 13800 70043
63234 13498 64552 13599
11497 75357 12821 77993
28789 79904 30054 80044
48836 36465 49792 37664
17221 45778 18323 51800
76102 54564 76998 54576
47118 75833 57370 76106
932 20612 1243 49418
75190 69096 75318 76388
58812 37626 61369 37864
75022 42415 75648 43457
87161 81164 87373 81472
38405 53000 38697 60587
88536 2758 88551 3476
72224 71848 72438 74072
73447 10030 73919 10543
14551 30245 14577 35365
84289 75693 86024 76206
6389 88310 17046 88350
21700 77640 22556 77814
87571 80227 87596 81668
88202 59768 88318 61157
88380 36626 88393 75268
28212 88613 51381 88613
27588 65 49503 279
62924 31072 63189 34748
83317 87074 84350 87235
85275 66240 87728 66393
43529 67046 44345 67132
59490 27277 62562 27836
75055 33000 75854 35046
84440 88555 85828 88556
24075 82493 38888 82514
71770 9749 72464 13152
81670 82771 82046 83391
88295 17418 88307 35958
87194 5303 87841 6116
2283 68 12326 1625
85073 74843 85796 75295
78566 69619 80546 70500
12378 87438 13777 87709
17597 80128 37913 80150
87410 36111 87748 36559
12212 62859 12533 68144
42525 77775 42786 78827
68781 22152 69334 23858
86774 85398 87747 85702
83830 75302 85097 75519
48352 87688 48610 87756
79934 64470 84680 64641
8756 87561 10470 87746
1234 69025 1355 77966
86274 35164 86395 44039
3041 88413 39073 88417
77407 88597 79550 88604
87249 71392 87368 73134
23897 29711 24400 31462
43268 36809 44291 38648
72398 38093 72580 38110
85019 35391 85101 42279
52729 28675 52998 37276
88005 37202 88050 47520
55990 86247 62078 86312
50099 35981 50244 37463
18459 78591 25395 78610
67136 88609 67628 88610
27805 87311 27888 87651
82251 83449 82693 83683
62450 69541 62737 69919
88609 23625 88609 79913
85323 72308 85353 74430
25032 68755 25550 72791
88113 72450 88201 76593
71176 74844 71220 74914
63858 3700 63917 5357
454 13528 502 18780
65363 942 66893 1913
86669 88367 87696 88446
25939 88182 26966 88211
88309 13206 88318 20186
16369 87169 43130 87232
83211 86012 84170 86325
59043 3561 60538 3595
87729 38454 87748 55992
79152 88193 79426 88440
87513 67383 87821 72816
76248 85276 76396 85433
80409 63126 82020 63660
86166 83545 86245 84212
19298 83897 21653 83970
87817 144 88398 258
25520 40811 32971 41310
56271 1060 57250 2363
26807 11207 26846 22374
87741 88205 87763 88347
42938 79673 43994 80143
85202 55930 85434 56239
85458 72634 85605 74295
56886 79603 61189 79941
79217 75124 80185 79244
88228 75620 88310 76581
70931 32274 71747 33412
53227 15217 53256 23245
39955 39007 44097 41598
20548 66386 26485 66745
101 80640 351 81770
88511 84012 88511 84823
19493 75684 21038 77922
66075 62093 69244 62610
13117 9070 13408 9860
88304 68014 88306 75344
49635 76189 51396 76801
58029 66298 59249 66863
68292 7464 70541 11764
87870 5327 87908 35473
83348 88272 83835 88286
88598 77057 88601 77466
77175 83797 77724 84026
86385 13098 86531 22435
78847 77299 79169 78618
88120 86487 88283 87247
87004 28928 87089 30460
48397 88510 54987 88514
81203 60979 84253 61465
87294 37090 87573 38872
52489 74303 53115 75566
82198 863 82666 4002
12941 35294 13201 48952
68779 87129 71023 87194
88170 85455 88380 85458
23593 88595 24547 88607
88219 87747 88293 87803
65026 71415 65543 72360
77049 49142 79039 50023
32401 70448 32535 72224
12971 86142 14557 87138
77997 88592 83512 88596
76966 88340 78691 88421
29767 3184 40701 3444
72288 77019 73357 77979
88058 50246 88062 62384
85560 82719 85787 82907
592 78117 686 82911
85466 88328 86038 88436
14229 25753 14933 28955
87299 65478 87858 65637
88166 46839 88364 51935
88155 80827 88193 82509
73417 85437 73626 86024
86827 78291 87068 78298
13963 79712 26045 80065
59101 70148 59138 72845
72497 86044 77986 86092
29246 72130 29645 73165
84824 42811 85354 42911
72532 76225 72676 76997
61457 88266 62293 88267
75966 83607 76711 83872
62048 62005 62794 64435
18013 87779 18465 87925
46513 82596 46707 83147
88594 79906 88599 80885
69500 88502 75051 88514
70769 33764 71468 38755
224 35539 331 45499
60326 68427 60911 69051
78927 85503 79178 85647
71755 66847 73145 67493
83528 71558 83928 73626
16337 88559 34545 88589
64201 37746 67653 38312
88525 64524 88550 64877
85421 85144 86171 85311
14141 54707 16238 56464
17710 80163 31718 80497
21955 74003 23403 74197
84748 6782 84897 12320
28535 86914 34447 86931
19517 65783 25129 65830
84645 35214 85011 39844
73792 1072 76504 1544
76164 76056 76938 76417
19240 9053 19414 9646
656 64036 1221 70331
81332 87151 82252 87225
85365 83353 85383 83631
25085 88507 39844 88519
38275 87497 83327 87497
61033 6443 61889 10565
87590 86312 88284 86417
17578 86754 27036 86882
57821 69251 57969 74635
77270 74852 77652 75475
57820 24939 57889 27209
77244 5315 77679 10447
86743 60487 87070 61335
11420 50867 11713 53687
49437 62495 51414 63401
88302 83387 88410 84448
83086 86334 86251 86417
20525 3169 26570 3428
63502 63920 66113 64478
18942 85333 35594 85367
88573 3714 88582 4055
11870 65917 12108 69355
34318 87783 85142 87786
65527 24609 68696 24745
63981 28034 68432 28321
85990 85553 86600 85759
84645 86224 86045 86293
84577 69222 86197 69451
80167 87908 80203 88065
85185 22006 85195 33606
88192 82527 88250 82807
71569 86777 73926 86799
85260 80941 85821 81941
46177 74206 54842 74293
12116 84560 14017 84705
87031 32048 87056 32475
88097 73470 88100 75359
75183 88116 75219 88132
71831 56823 72945 57415
85023 66718 86502 66793
16616 82420 31710 82444
61046 14134 63033 15312
88594 83816 88614 83891
81269 80933 81602 81335
83820 63141 84639 63217
85860 47011 86060 47302
85826 81526 85826 82018
82614 69885 83261 71164
85034 53910 85344 55395
44174 47674 44309 53249
30724 86963 40818 86992
86351 24688 86433 24809
64632 6378 65583 6897
14982 83654 23296 83681
87915 9021 87959 21245
66674 30734 68046 31560
88556 64974 88583 65547
80626 76650 80659 78094
25902 88607 35443 88609
23446 64025 23508 64529
69588 87972 70699 88147
50708 12759 50962 14130
84427 82960 84744 83299
86715 7156 86747 15003
13788 77470 16902 77625
70849 38773 72027 39948
63167 68525 63792 69716
88347 74531 88352 81860
8997 86739 12031 87539
82982 88517 84651 88553
63729 66215 66013 67136
71382 87792 77301 87842
45404 85602 46150 85679
62523 76235 70098 76447
2067 38970 2286 54554
58796 69321 59502 69891
25330 33924 25531 34312
78645 87810 83478 87838
88398 18313 88427 18596
88473 73354 88480 77256
61775 64564 62424 65131
69187 86677 80471 86688
68588 88538 71586 88554
50515 25627 50877 27915
12085 88396 36997 88401
86713 60174 87286 60272
63527 16675 64197 17122
52317 15323 53036 20008
88218 84590 88234 84944
67203 88403 72507 88412
45702 4170 49158 5558
53385 86490 53569 86514
29646 2879 36264 3101
49381 76883 51934 76969
86554 70125 86562 77832
66314 87507 77744 87511
87118 61173 87326 63682
25116 73550 28206 73972
71400 88060 72786 88064
85224 18241 85384 26569
53575 35610 54357 37241
80262 61154 80354 63412
84580 452 85895 1431
69011 79133 70553 79272
85067 65172 86058 65463
63512 67755 64287 67998
86976 13684 87014 17312
84261 69657 84762 70268
811 88255 2839 88339
80750 88599 83166 88608
77302 10682 82291 10934
87600 80807 87637 81467
57249 30028 57512 33036
39800 74341 48291 74716
46098 85779 47341 86478
12820 63911 12929 64150
41282 82827 41789 82869
60199 36005 60692 37259
69267 88577 74952 88601
87975 11673 88042 12129
14045 18363 16437 19481
86862 74482 86874 75036
84468 3852 84492 33155
24144 70583 24160 71652
82515 5591 82633 6351
54403 82667 54471 84964
29359 4020 29385 28261
68850 79314 69139 79705
18485 86893 22269 86893
87660 867 87772 1214
25313 39505 28120 39967
51241 36516 52611 37833
80865 88517 80949 88519
35610 83703 35781 83751
43563 36090 48290 36304
36278 82749 41249 82825
68948 36544 69640 36994
64503 20997 70932 21222
71758 64412 72451 64515
56516 22225 57593 24527
39425 58407 41628 59396
72706 66735 78116 66748
62218 86395 75894 86410
79207 87853 79895 87977
74910 56720 77659 57745
12885 77836 15206 78162
70064 86867 73103 86898
86791 86109 86795 86223
87035 85107 87100 85393
44745 61412 45041 61459
85575 64986 86627 65132
39225 65340 46691 65370
88269 24813 88294 31697
34674 88562 49668 88562
86415 86568 86510 86606
39108 36924 41637 37337
88554 88572 88566 88574
70890 46780 71327 49233
88591 4072 88600 11743
31356 88381 38610 88392
14771 33195 14820 36945
60809 66107 62992 66119
88612 27486 88614 45212
42536 61114 62452 61306
52990 875 57358 876
18596 88532 26574 88536
25368 77656 27593 77817
68184 34804 68543 37175
74160 86501 83164 86548
43392 82653 45874 82777
58165 85282 58423 85993
73257 11629 75311 12480
55092 66251 59058 66253
88287 45469 88351 45819
85539 60200 85661 62311
54002 13840 54118 18734
52810 10860 54272 12056
29465 10328 29726 29277
83544 58710 83906 60032
81070 61508 84144 61539
21249 77520 21850 77576
28024 87603 28083 87608
84608 42523 84758 43171
52991 76344 55615 76543
84511 66608 86023 66677
67613 327 71881 438
48538 86989 48827 87078
64809 10117 64839 10649
72537 60390 74508 61466
53409 85643 53410 86296
77240 86748 77490 86775
53636 20189 56133 21052
88606 3949 88608 18367
77079 88232 78009 88326
85374 10194 85385 13650
32397 67128 36857 67666
86920 81578 86924 82844
2242 88594 3305 88607
29340 88167 34676 88228
54838 63280 59281 63782
8825 88602 14021 88613
88043 814 88098 5202
88552 12030 88601 14662
145 4617 186 26695
87050 58153 87186 59357
30828 80032 41592 80092
52397 88559 57763 88562
63791 72651 67023 73339
88579 65971 88592 66104
17277 43128 19929 43451
86697 75596 86712 78223
82748 56860 83356 58858
16119 53713 16832 54026
18 87578 946 88038
63684 61875 64986 62685
78311 87510 84236 87523
56508 25019 57063 25035
76269 75150 76853 76050
87830 37399 87913 37418
79461 68598 82016 68815
24403 86147 25831 86367
88513 47426 88514 47857
83419 74884 83616 75410
88538 87671 88584 88258
86528 73304 86540 82306
