13904 1631
5334 2850 11265 2968
13182 956 13452 10907
8349 6766 8878 7961
10531 12090 10566 13777
11061 3108 11136 7614
12203 7462 12855 8061
4988 488 7825 2376
12227 814 12788 1452
6802 13021 10134 13725
11658 13669 12663 13878
3766 13289 6200 13785
2072 3107 9735 3990
13659 10568 13746 12298
2309 10821 9442 12333
1571 6390 3221 6848
11390 11675 13006 11765
12597 5363 12715 7023
4599 4706 10244 6648
11833 12723 13503 12790
12760 12027 13579 12150
6335 9136 12260 10303
5380 13858 11579 13864
11298 8438 12107 8945
13645 5516 13885 6980
916 8878 3348 10711
4399 12883 4741 13171
12048 2262 12330 6487
1205 4393 2483 6316
13006 12847 13415 13027
13893 10457 13893 11650
12531 9291 12991 10433
13719 1804 13788 2959
255 2917 886 4828
2861 4112 8159 4202
5285 7714 6977 8575
2081 13611 2126 13668
11175 13219 13308 13308
13649 4305 13798 5275
12778 6300 13044 7368
11622 1837 11931 5483
12188 10330 12398 11064
12513 1583 12675 4939
3692 12677 5584 12806
10595 12787 10992 13243
3916 6141 4182 8267
13579 6127 13588 10579
1369 11794 1499 11796
10716 13552 13563 13644
11915 11948 12670 12525
13864 7327 13881 13563
13789 12347 13856 13320
10318 3135 10641 8097
1185 176 3662 2419
9788 1674 10477 2516
4182 13876 5390 13887
9452 13874 10261 13877
1642 10995 2287 11388
11385 5975 11699 6190
12487 10448 13122 10800
704 12617 2931 13056
8993 7702 9043 7933
4021 8705 9875 8944
7472 8549 10733 8674
7913 13783 8398 13795
2663 7159 2956 8224
11008 11969 11655 12825
13510 12736 13761 13428
436 9600 552 12515
959 13888 5392 13894
12563 13171 13280 13204
4117 10403 5791 10621
6319 12754 6939 12864
10413 10377 11864 11358
11746 13366 13448 13460
12834 1335 12842 4117
9182 12906 10229 12919
13358 13850 13612 13850
12915 2009 13147 5407
2760 13170 3355 13203
13863 698 13864 3409
749 8423 3255 8539
370 1824 385 1960
13613 8753 13683 9955
6226 13150 6338 13665
13898 9361 13901 9816
13871 1360 13891 1667
8825 12791 10009 12898
13900 13689 13903 13695
11067 13896 11133 13902
12053 11523 13332 11587
6324 6905 7983 7253
18 3280 175 4885
6417 12724 7196 12741
8958 13769 8997 13791
11507 6234 11690 6964
1238 13281 1831 13422
13482 3268 13556 11826
9286 6709 9680 8365
10787 2977 10834 7177
6390 13751 7083 13767
1977 7790 2558 7834
13116 13899 13194 13901
13589 7979 13842 8736
13245 11013 13301 11363
7735 12346 7819 12765
2512 13532 2875 13796
5076 7805 5150 7805
2173 48 11152 75
13753 10946 13792 11648
8631 681 8805 1604
13712 9605 13739 10437
12366 8506 12878 8651
205 725 221 9300
9626 10901 10353 12314
8903 123 13827 440
10580 12849 10587 13170
13457 1546 13467 4830
3247 12361 4829 12572
11225 11797 12240 11826
11813 12979 12131 13106
918 2714 2057 3799
7632 7899 7717 8437
7958 10389 8619 10466
8142 12531 9522 12758
11886 11101 13237 11207
10641 11490 11156 11520
13746 9865 13777 9956
6254 12937 6539 13025
5826 10377 7162 10745
5138 12379 6651 12506
6073 4363 7496 4548
11268 11607 11703 11641
5408 13884 11854 13891
13810 9722 13822 10949
13745 13588 13852 13789
10748 3377 10781 5849
6500 13797 9507 13845
3515 9254 4908 9727
299 9041 325 11432
11950 4063 11970 7796
13665 7184 13799 7434
13896 12516 13899 12749
12747 13699 13196 13700
11304 12918 11558 13008
3126 13207 3790 13227
12802 13766 12907 13809
12087 667 12180 1025
13900 13133 13901 13533
13795 8948 13809 11562
3811 1080 4515 2955
13899 4217 13899 8648
7654 2526 9566 2793
10534 1369 11006 2640
4661 7247 6178 7530
12355 2364 12417 5894
12901 13722 13164 13749
12822 5577 13015 5936
1521 11564 1614 12239
4729 12617 6289 12631
4395 8053 4792 8426
11463 4393 11606 5567
13897 10829 13903 12494
11107 13241 11164 13547
7914 12517 9946 12521
7172 7283 8197 7577
9996 478 10117 771
3840 773 4105 897
3328 13853 3750 13865
13353 13890 13368 13893
12694 3186 12757 4569
3383 10150 4888 10219
13053 13893 13191 13895
1655 13465 2949 13466
1908 13570 2493 13586
13269 13851 13582 13857
9531 12535 9663 12557
13847 1287 13847 3686
5699 8945 9903 8981
13844 7507 13857 10906
4847 12836 5642 13217
562 11177 701 12691
10871 4376 11052 5229
13884 12791 13890 13288
888 12085 1198 12342
4237 5944 4536 7764
6671 12926 7207 13007
11075 7766 11736 7930
8888 4506 9598 4620
11817 13492 12228 13499
8853 1748 9226 2019
11502 13146 11798 13178
13594 3323 13596 4192
9561 13754 9884 13829
10257 13493 10352 13680
673 13799 1873 13852
12997 9359 13124 9915
4087 13830 5685 13850
13766 13808 13779 13888
692 7857 1358 8133
8441 136 8609 1917
10926 6501 10957 9107
5095 9410 5761 9919
3613 4504 3750 4593
7249 7686 7567 8472
1796 4209 3572 4344
4303 13897 6921 13900
9214 4155 9241 4264
12873 13672 12966 13674
4208 8543 4871 8655
13636 13626 13671 13661
13200 13672 13585 13792
498 336 791 1314
11073 11868 12861 11895
12550 8814 12705 8854
10403 13025 10498 13551
12005 3611 12023 4466
10170 8915 10565 9097
7537 12800 8231 12892
11298 1859 11456 3075
3862 13868 4528 13872
11199 920 11655 1439
416 6856 696 7558
13678 2815 13713 3436
369 13895 7753 13896
4079 4826 4318 5853
12328 9899 12413 10275
11813 7251 11824 7487
8893 6659 9057 6994
3994 12919 4263 12936
13307 13877 13360 13889
8981 13853 9567 13857
10595 11656 10752 11790
1857 13696 1952 13795
6551 13846 8684 13853
10029 996 11137 1116
312 5713 327 8657
11233 13652 11697 13659
793 2282 1118 2351
5240 9926 5310 10104
3688 2981 4981 3065
13896 10064 13898 10669
13573 1746 13580 2778
9412 799 10951 845
12863 3188 12912 4928
10017 13794 10383 13839
3507 4593 3586 6208
13828 12101 13835 12336
1635 7128 1865 7786
12541 12542 13029 12685
12771 4109 12788 5057
4494 5411 4551 5541
2155 11469 2260 12245
13640 13439 13834 13555
13902 9103 13903 9347
12120 7309 12590 7386
8802 10422 9202 10806
12743 4878 12744 6177
13811 13794 13884 13889
13470 982 13475 3821
10661 13734 10806 13825
13680 3714 13770 4083
11345 11489 11629 11602
1257 11904 1509 12124
1892 13297 3300 13338
10851 13689 11025 13810
11710 12622 11744 12696
13707 1002 13830 1358
13618 12481 13737 12544
11261 5924 11294 7036
12348 13177 12444 13211
10000 13899 10210 13902
13130 10219 13155 10256
3245 12831 3600 13127
13738 13792 13753 13866
9923 10623 10345 10880
383 8625 422 11695
10770 12151 10896 12498
13212 12188 13590 12409
11203 3255 11275 5104
13068 12348 13199 12674
10328 12595 10370 12900
2753 8674 3542 8844
753 11618 1192 11833
12003 1250 12106 2190
12231 11262 12950 11371
12822 13891 12923 13892
11310 7160 11559 7593
28 13533 903 13707
9852 1066 9904 1247
12708 2265 12800 2748
9235 7081 9238 7318
13046 8433 13067 9061
13895 1583 13895 5429
13859 10398 13863 10491
13812 2971 13824 4450
12005 6533 12521 7214
11279 13870 11540 13874
12946 8638 13041 9007
922 13143 4170 13151
12355 13502 13289 13538
13622 4029 13668 4128
13612 11126 13637 12455
565 6386 807 6465
13158 3198 13164 3761
12922 12824 13282 12833
11296 5164 11370 6043
13569 11788 13608 11796
3509 13625 3640 13836
13565 13632 13623 13653
11604 8232 12383 8322
12767 10842 13080 10939
6403 13083 6732 13115
13609 1669 13668 3395
13887 13866 13899 13880
12167 13117 12271 13135
13895 13087 13898 13175
3133 13841 3210 13875
5648 9221 5834 9381
13624 13603 13624 13742
10394 12875 10469 12972
3461 8296 3841 8593
7731 4318 8075 4360
1034 10739 3462 10771
13887 4750 13894 5389
13532 12486 13572 12516
12865 7711 13159 8309
6600 13235 6632 13675
13880 2740 13880 3438
13900 6816 13901 8156
1960 13880 3479 13881
10523 11379 10526 11608
12469 494 12651 806
13033 11671 13324 11793
2288 11931 2297 12554
13890 6145 13891 9700
11980 8371 12229 8393
13895 9435 13896 9576
13328 12513 13403 12576
11730 10318 12158 10337
12106 11402 12187 11516
1231 13901 4256 13901
10180 8496 10555 8524
13487 1748 13563 2400
13882 11014 13889 11214
10634 8259 10861 8301
2487 5331 2863 6061
11972 10633 12101 10963
12659 8097 12775 8169
3238 7897 3589 8237
8236 13750 8589 13751
9242 4187 10198 4431
427 13152 1756 13190
11732 5722 11783 7393
12339 8953 12554 9193
6020 12703 6343 12717
2947 12798 3066 12991
1723 7868 1936 8146
697 5823 912 5835
328 13744 353 13798
12431 10989 13051 11014
13768 10135 13792 10408
10318 1228 10530 1245
10986 8996 11014 9034
10850 13248 11074 13397
8012 81 8333 402
3977 13181 4828 13274
6534 13892 8960 13893
4560 6930 4673 7005
6145 9261 6211 9657
11412 7977 11453 7987
11185 8103 11743 8224
9727 1130 9744 2475
6429 13768 7449 13788
4918 2580 4988 2778
4399 13901 5628 13903
13894 7547 13895 9276
6305 321 6779 321
11540 3621 11610 4120
13882 11768 13896 12389
6283 13682 6423 13700
13555 494 13833 949
13427 13890 13656 13892
10219 12987 10471 13012
1598 84 2527 142
13768 12518 13770 13247
9188 13880 12683 13883
11056 1850 11212 2064
13853 3124 13857 3643
7855 10310 11632 10334
2423 13823 2733 13838
6137 12549 6376 12574
13901 6220 13902 6611
1311 13521 1960 13525
3131 7482 3576 7693
3922 10079 4289 10085
6336 13873 8808 13873
4616 4292 4668 4648
3976 10653 5713 10764
9461 1137 9485 2428
10399 11787 10400 12382
13764 11707 13768 11995
12759 9132 13021 9132
9560 10726 9612 12156
1085 13528 1286 13766
13897 9066 13899 9197
6342 13319 6507 13673
8296 12785 9528 12788
13183 13311 13346 13326
12801 12249 13206 12283
1482 13782 1844 13784
13023 13829 13155 13851
12946 544 13135 1557
137 6866 201 12049
1233 12602 2535 12602
11441 13762 11450 13848
12748 13854 12799 13892
5926 9843 6217 9880
5117 6660 8456 6714
1787 13673 1807 13737
10644 4905 10709 7256
13886 3975 13886 4942
12197 12924 12392 12929
8015 956 8051 2435
11042 12845 12939 12846
12237 12958 12437 13038
8684 8126 9130 8359
11379 3641 11428 5073
3898 10799 5583 10800
2461 13861 2776 13879
1119 11343 1475 11395
11183 3581 11196 7026
11258 79 11568 102
2110 6985 2701 7050
7857 2972 8609 3034
11358 13322 11741 13500
13859 9457 13861 9487
12907 13821 12976 13861
4565 327 4681 2669
7371 12428 7608 12695
13425 12604 13603 12646
12017 1022 12022 1158
13336 11662 13459 11969
13830 9095 13841 10083
7780 8036 7989 8288
12884 806 12901 3026
6221 9444 6224 9685
956 13730 1013 13770
13900 6301 13900 6631
7323 13866 8515 13870
4010 13788 5736 13823
13837 10774 13840 11571
79 12326 226 13381
5443 2394 7580 2824
13210 13880 13225 13897
13364 11061 13411 11237
11246 13115 11282 13149
617 2192 654 2437
11112 13096 11242 13202
13884 7639 13888 9935
12589 8235 12684 8478
10868 8443 10882 8533
11427 5862 11492 5905
9894 13870 10549 13870
13460 12824 13488 13153
13315 13895 13552 13899
13420 11201 13446 11630
12424 1566 12481 5764
13897 1162 13898 2305
4684 556 4722 664
13766 9979 13778 10080
13839 7164 13889 7257
10980 9050 12191 9072
74 13795 175 13838
10373 11568 10393 12309
9255 10556 10308 10605
13893 13634 13897 13703
9813 8360 10091 8523
13294 13059 13395 13149
13598 5124 13617 6551
13399 13902 13804 13903
8068 13730 9964 13746
12932 7426 13073 7667
13795 11664 13811 12046
3318 2421 3546 2591
13872 1957 13878 4182
13624 4650 13636 5332
11796 11931 11899 12424
332 13459 3312 13462
13757 8925 13820 8933
13626 6115 13628 6682
12426 13896 12788 13901
9689 8161 9892 8343
13895 13347 13899 13379
13839 4082 13839 4240
9437 12351 9988 12403
10479 11499 10496 12243
12403 10338 12434 10667
13102 6271 13118 7154
13795 13359 13799 13372
2968 5720 3115 6241
12922 12903 12960 12973
8458 8243 8554 8446
12653 13044 12754 13084
3787 12609 6752 12614
13530 13882 13690 13888
10 594 94 1776
12504 6207 12594 6216
3570 9114 5583 9186
13851 11862 13862 12122
1707 11595 1823 12265
11004 8181 11182 8910
13727 4200 13787 4267
1635 12282 2126 12322
11904 7703 11942 7816
12794 4029 12817 4825
12173 8551 12192 9000
4611 9051 5458 9052
13727 4090 13735 4192
9797 6902 9837 7383
5872 4669 6384 4679
1116 3870 1170 4509
10524 11792 10622 11894
4531 141 6392 314
9901 7104 10143 8007
13807 5205 13886 5461
8064 1406 8111 2335
13862 13735 13882 13746
13844 3836 13851 4042
13149 11494 13215 11510
13627 13820 13684 13871
13881 13664 13888 13717
8763 12922 9791 12950
13200 12442 13235 12557
13894 10123 13894 10627
2163 13353 2449 13372
10691 13407 10962 13486
3403 6999 3838 7010
10772 549 11615 641
11031 13431 11060 13438
7966 7708 8311 7892
13832 10489 13836 11882
13543 13467 13548 13470
13785 12587 13786 12885
3665 8880 3753 9010
7973 13902 9924 13902
3423 6303 3542 6805
8386 12835 8528 12920
849 10298 857 11454
4673 7636 6898 7694
13893 12487 13895 12637
13599 1117 13693 1274
3383 4487 3473 5426
1420 12529 1936 12530
5707 12713 5794 12919
10725 7032 10743 7310
13576 4784 13577 8634
1186 6615 1223 7575
12513 13008 12544 13149
13518 1362 13635 1477
11944 12930 12068 12949
11468 2442 11512 3910
12442 12921 12780 12984
8666 2431 9388 2506
13368 13238 13375 13284
5922 13216 5931 13237
10013 1618 10531 1637
13730 13868 13755 13890
13571 8479 13573 11426
13020 13467 13187 13488
268 5126 982 5456
4461 7891 4557 7995
9566 1719 9573 2118
13902 2771 13903 4632
13004 13804 13039 13810
13738 9414 13748 9450
12102 13653 12371 13655
12222 12854 12468 12860
13579 13433 13631 13587
520 6063 524 6447
12678 13845 12738 13858
6973 3998 7352 4098
13702 13785 13709 13802
13169 2700 13178 2974
11218 8298 11266 8936
13641 13713 13679 13726
11154 13210 11307 13218
11667 13901 12133 13901
10581 13684 10598 13837
11155 13693 11350 13797
9784 2582 10234 2717
13566 4002 13586 4040
10803 11904 10823 12124
13896 2845 13899 4034
11179 13343 11197 13443
12571 6693 12581 7210
6107 12779 6217 12879
11037 11590 11189 11700
13224 13828 13550 13829
13237 10911 13261 10961
5768 10150 5907 10269
7430 4659 10243 4673
507 2548 2153 2638
13795 2745 13806 2990
11464 730 11617 794
8484 2816 10024 2838
12588 13000 12652 13008
9510 2175 9726 2474
3526 9728 4028 9976
10559 2644 10755 2782
13599 9641 13612 10408
25 8083 94 8987
12407 12703 13643 12706
10666 11420 11844 11453
13587 11281 13588 11398
3839 12873 3854 12906
4337 5251 4404 5637
1535 13565 1635 13650
9915 13765 9923 13765
9055 7481 9162 7528
11801 527 11868 1742
3066 8390 3446 8404
8120 12385 8490 12436
13802 7791 13833 7845
2414 13428 3626 13439
11191 13537 11445 13541
13472 9380 13480 9940
10096 12696 10302 12890
6796 10363 8526 10374
13163 13842 13171 13842
10927 12171 10999 12785
484 13757 520 13879
9803 3020 9930 3758
5999 4244 6387 4268
13281 13662 13437 13668
13584 2828 13590 3255
12701 12228 12719 12443
1503 11484 1522 11485
11474 1981 11566 2153
9667 12546 9837 12637
10 12285 68 13187
13461 9413 13464 9470
891 12404 1880 12483
13290 13801 13531 13802
3195 13612 3489 13725
7232 10494 7530 10609
13499 1496 13643 1574
11073 11722 11146 11772
1448 8602 2917 8652
12847 12412 13006 12451
13329 13490 13433 13549
380 8338 1744 8419
13817 9173 13825 9249
9481 10996 9502 12214
13640 10769 13653 12356
709 13488 2481 13490
13891 11745 13896 11760
12988 13864 13102 13886
7908 13900 8147 13900
2784 13412 3505 13414
10389 13839 10916 13840
12446 9831 12496 9901
244 5631 258 11478
10701 13591 10701 13618
8900 936 9196 975
776 13059 1373 13126
13898 4532 13898 7562
9863 13896 10216 13896
10981 5284 11024 7047
6998 13897 7153 13903
13253 11962 13295 12023
13781 13370 13786 13394
11489 13712 11550 13714
12589 9239 12794 9242
12543 53 13734 96
3689 13325 3736 13638
11890 6375 11933 7575
3398 13875 3680 13875
12254 1827 12344 2078
12867 5961 12930 6049
4092 4408 4243 4801
9173 8988 9286 9040
10683 12461 10753 12613
10643 11986 10651 12032
4618 7848 4777 8022
2764 13902 3055 13903
3017 13579 3103 13640
2107 7324 2400 7711
8110 7983 8225 8378
3066 4378 3288 4603
10858 11642 10972 11762
3302 5491 3459 5972
12551 11448 13287 11492
6394 12632 6817 12702
13679 7504 13689 7594
13053 11292 13166 11309
736 6662 1089 6710
1155 13196 1273 13260
5931 6779 8260 6871
363 13158 370 13298
11252 13893 11415 13893
13704 13858 13704 13868
13882 2326 13890 2576
13558 7504 13565 9191
13734 7659 13758 7861
13040 13803 13386 13817
11700 11642 13261 11663
9989 12374 10343 12523
9296 10435 9855 10526
13494 13863 13511 13869
3913 4603 3931 5200
13605 11040 13611 11230
12419 12532 12843 12535
13001 13648 13253 13664
5822 10342 6066 10342
13682 12393 13768 12463
13235 13856 13245 13892
11387 9090 12216 9126
13863 11335 13863 12863
2601 4001 4345 4034
10074 13843 10887 13846
601 13900 4188 13900
720 13720 808 13779
3809 13038 4080 13067
13056 13037 13180 13145
8688 13878 10870 13879
614 13748 634 13753
11455 11908 12422 11922
8276 1992 8822 2134
12191 2005 12238 2033
13890 2928 13890 4048
566 8421 742 8629
13900 2870 13901 2936
10913 12381 10922 12435
9212 13749 9532 13770
6334 7543 7166 7613
5207 4623 5550 4704
11766 13314 12815 13320
10608 13669 11401 13684
13841 12043 13849 12250
13427 11164 13429 11197
13671 1393 13772 1442
10225 8754 10281 8889
13902 12875 13902 13261
122 1137 170 1241
8683 8376 9742 8470
540 3 553 179
13835 13362 13844 13544
10246 13062 10311 13095
8530 12335 8905 12374
10734 13900 10989 13903
13641 10388 13652 10395
3660 10621 3700 10770
2033 13855 2042 13874
5349 9927 5391 10351
12901 11882 13008 12007
11025 12932 11025 13006
729 13406 954 13447
12790 12863 12857 12908
4830 7851 5044 7983
12403 6314 12591 6453
13167 6125 13178 10714
8573 2143 8813 2180
2710 2478 3095 2493
3475 10613 3550 10761
12345 13892 12374 13898
13884 13421 13890 13516
8846 13895 9818 13900
1760 8774 1806 8877
10683 3501 10744 4785
12817 8400 13162 8401
12266 8068 12268 8085
13093 11422 13298 11435
1414 13662 1786 13751
1063 5739 1198 6244
7580 7939 7624 8119
13499 13407 13501 13486
13592 9694 13592 10927
10755 12523 10760 12668
11884 11323 12168 11377
7442 12696 7523 12722
13584 11017 13584 11362
12185 1487 12704 1513
9255 1483 9372 1799
13838 213 13845 2295
8709 4097 9974 4149
12751 5187 12761 5416
11701 1073 11748 1272
12070 12965 12115 12969
3933 4356 4068 4931
9072 2131 9400 2186
7268 12943 8360 12981
1776 13228 3596 13236
13806 13894 13818 13899
13834 2899 13835 3079
13880 2089 13880 2495
12557 13902 13037 13903
7464 8999 8486 9026
10783 3159 10786 4429
13745 1557 13800 1699
79 13717 405 13734
10190 10394 10222 10523
5954 13789 6300 13800
895 4316 1074 4912
11901 13327 13201 13341
12321 12549 12386 12607
2892 4 12170 9
10297 7210 10316 8025
12879 13897 13093 13899
9600 1395 9655 2091
2220 8079 2234 8341
11337 4196 11354 5119
13640 5308 13702 5448
13900 13770 13901 13860
10141 13289 10224 13330
13768 10413 13783 10729
264 8061 269 11832
3637 10329 5224 10376
11871 6404 11889 8184
3423 9793 3444 9902
867 10887 1277 11061
13630 10347 13644 10382
13854 2741 13854 2784
6590 12962 6618 13011
5669 13279 5907 13282
11801 12642 12303 12679
12046 584 12076 832
10815 13898 11023 13898
13360 13335 13458 13350
11170 6418 11174 6534
11288 1884 11295 5022
232 12729 555 13143
9634 2642 9721 2687
4342 13828 5618 13829
13828 2059 13831 4949
3432 13738 3505 13840
736 12162 846 12397
1230 6722 1335 6832
3334 13160 3846 13160
1413 8662 2409 8719
9082 1006 9563 1117
4777 12580 7179 12597
11934 2582 11950 2674
13865 13565 13868 13682
13107 11871 13220 11912
1442 7031 1594 7844
12047 9006 12204 9023
12723 5291 12740 7324
13627 12602 13642 12632
13883 10694 13885 10937
9733 12674 10048 12780
12417 6156 12585 6189
13817 11398 13820 11514
11972 5651 12040 6524
3904 346 4394 629
11315 12871 12447 12877
979 13508 1899 13519
2489 13171 2534 13212
12758 569 12792 762
13896 5812 13896 6104
7720 4439 8811 4566
7146 8462 7177 8664
2262 13667 2435 13753
13409 13900 13802 13900
3362 13577 3426 13600
13000 1572 13158 1912
12444 13343 12985 13353
12015 7301 12112 7556
13889 13580 13892 13683
7905 12643 7906 12715
13765 13263 13770 13409
480 5839 898 6043
12276 11600 12919 11607
12487 1954 12493 4526
6634 13126 6667 13698
13134 6496 13159 6880
12580 13148 12790 13166
4793 330 4893 1658
13900 3130 13900 3577
2268 2608 2739 2777
11029 1275 11175 1442
6163 4063 6408 4105
6275 3045 9659 3103
328 9789 339 9900
11732 12302 11787 12553
10467 13892 12034 13892
13136 8464 13150 9799
1033 11500 1810 11534
13050 10156 13073 10243
7961 12456 8183 12487
12667 13765 12707 13803
218 13887 884 13889
13466 565 13544 916
3787 5580 3957 5921
5210 13866 6556 13870
10273 3544 10274 6984
2754 2836 3643 2883
4866 8325 4938 8525
6022 13876 8202 13881
642 13846 647 13848
11509 13687 11585 13689
12615 11030 12858 11074
11919 8108 12172 8167
7078 12874 7082 12875
4170 4051 4876 4056
11748 11578 11900 11641
2306 13081 2322 13095
13889 293 13894 970
10769 738 10987 787
4877 1970 4942 2023
13890 11136 13892 11349
13455 7942 13465 8670
13593 13678 13604 13742
6238 13727 7455 13737
2680 5131 2823 5316
13835 13890 13877 13890
13771 12666 13780 13377
12968 446 13836 450
13411 539 13427 756
13892 1259 13893 2990
10875 5880 10885 7588
3972 10477 4112 10588
13711 13567 13738 13756
737 9664 844 11067
11341 13808 11416 13853
12728 12151 13492 12168
1097 11120 1241 11206
2936 5254 3210 5649
434 8750 1483 8803
3979 13839 3984 13862
13893 13386 13894 13530
11906 13112 12024 13131
13352 13188 13357 13228
5243 13273 6075 13277
8645 668 9184 673
11657 11526 11743 11557
13727 9129 13730 9416
5367 12515 5658 12555
3496 10803 6821 10804
12262 8723 12267 9309
13814 2668 13823 2851
13729 8770 13784 8823
13842 4338 13848 4473
9101 7575 9154 7875
5974 13849 6124 13857
12749 13785 12786 13800
12789 916 12821 1264
6048 9883 6315 10109
11960 8335 12221 8337
4187 6485 4220 7400
5612 10797 8562 10797
5743 7164 6310 7179
5307 7010 5594 7108
13538 13804 13697 13811
12291 8158 12461 8189
7942 618 7955 1240
13611 13699 13621 13706
13854 3838 13854 4203
3671 13772 3763 13772
10871 2975 11024 3102
2923 13733 3126 13790
4039 12821 4619 12838
17 7066 113 7463
10059 13847 10527 13849
13880 804 13887 961
11472 11848 12803 11850
10159 13105 10371 13145
11510 4190 11553 4264
11199 6862 11226 7457
8422 13883 8541 13883
9089 1417 9113 1478
2955 12577 3309 12710
1769 10866 1977 10958
13851 1579 13851 3117
13026 13819 13486 13820
10805 8503 10838 8625
6890 9074 8274 9115
13572 13897 13617 13898
13886 1041 13898 1125
12292 12700 12305 12712
13892 8951 13892 9650
13811 13384 13833 13413
13668 3793 13673 3957
10287 13853 10778 13855
10500 12598 10514 13650
13530 11899 13607 11910
3215 7736 3297 7828
1156 13854 1767 13858
1601 3997 1687 4264
3360 9972 3371 10674
10 11016 19 11621
13870 1795 13870 2892
7673 10479 8536 10537
10238 13212 10259 13320
223 5170 235 10865
12338 8378 12355 8690
13754 9252 13768 9551
12813 8886 12904 9013
1392 6643 1407 8325
11404 8387 11468 8432
3732 5957 3850 6689
13024 11836 13320 11848
11766 1536 11779 1644
12361 536 12441 683
8134 468 8254 2477
11891 628 11910 978
13782 3019 13795 3488
12274 13499 12427 13499
7653 7724 7735 7886
13893 13767 13894 13815
13690 13755 13702 13769
11951 2523 11977 3857
5977 12344 7234 12377
11782 13510 12289 13543
2439 13511 3274 13522
10429 13807 10431 13838
7523 13882 8929 13882
10251 13590 10252 13747
13779 9524 13781 9866
12790 11979 12793 12010
4510 331 4523 461
13715 9382 13725 9441
2575 7210 2594 8107
5439 9936 5684 10233
3390 10395 3577 10403
9030 12396 9248 12473
12908 8409 12990 8432
225 549 337 1650
9558 12421 9765 12513
910 6878 1175 7614
2896 13827 2983 13861
4750 13875 6686 13875
13065 6756 13065 7066
13694 12614 13728 12693
12221 13071 12490 13088
13899 1993 13901 2324
855 9065 878 10267
12717 8719 12801 8796
3815 9244 4415 9248
3028 13483 3616 13495
1588 13243 3099 13248
11732 12916 11735 13110
11685 7121 11714 7603
9507 12212 9520 12269
7864 403 7960 521
3669 134 3769 1829
13423 12814 13428 13113
11816 6020 11847 7183
13129 13881 13158 13886
10043 8720 10314 8738
2511 4137 2519 4140
1110 5012 1151 5264
13260 13894 13266 13900
5810 12973 6252 13139
11752 26 12504 92
13882 3895 13883 5059
5091 13244 5729 13259
11320 13895 11531 13899
5877 13194 6188 13208
10813 8660 10847 8683
12868 467 13145 520
13475 8570 13480 8792
2076 13596 2453 13605
13392 12430 13405 12510
13902 8093 13902 8735
13555 12005 13586 12018
4072 12645 4228 12652
8786 467 9929 511
13179 8173 13180 10535
12316 8444 12324 9286
1023 8583 1148 8748
13026 5945 13073 6062
10978 7054 11016 7666
9752 3293 9799 3550
13816 9424 13828 9672
12822 11897 12829 11984
4930 9318 4969 9763
12655 4963 12684 5172
6679 12380 7096 12441
10601 13508 10679 13606
9235 703 9603 763
13861 12613 13861 13504
10849 9006 10912 9105
879 10028 903 10690
4747 9011 6057 9034
13170 5073 13174 5852
12803 8669 12829 8705
10923 11785 10944 12050
12496 11774 12913 11838
13636 10507 13665 10535
3208 13732 3225 13776
13112 7201 13154 7336
12500 13486 12524 13497
12450 8496 12667 8497
4929 2032 4976 2076
10383 13083 10392 13124
10095 3295 10108 3535
12966 13046 12978 13098
11165 11921 11282 11922
6540 13139 6595 13592
12317 8324 12493 8358
11092 7690 11253 7732
4706 1724 4842 2089
13854 968 13861 1947
5289 87 5782 105
13591 3995 13593 7056
3690 7703 3869 7755
6995 12832 7287 12841
12173 12809 12896 12837
37 5560 67 6220
13823 8853 13830 9017
401 13897 3352 13897
8000 7905 8017 8290
5165 4567 6016 4569
13730 6989 13768 6997
10401 12145 10473 12152
13430 11644 13434 11660
5588 4692 7807 4693
13440 13874 13550 13879
13234 11373 13280 11384
6259 12524 6993 12532
11218 13871 11268 13879
10975 6355 10977 7571
10193 3047 10294 3243
8398 12480 9484 12492
1236 12576 1852 12578
3813 8701 3981 8798
13313 12601 13698 12601
13883 12433 13884 12461
13578 8796 13578 11611
695 9258 715 10761
9064 6852 9134 7479
10944 13818 11231 13851
7858 12364 8141 12368
13878 13891 13891 13900
10652 8749 10663 8776
10482 13794 10544 13826
6161 10761 6752 10787
11756 12892 12081 12928
12910 12456 12959 12489
13602 7387 13603 7718
1959 13736 2036 13824
616 1849 696 2065
1767 6856 2557 6974
12566 9040 12634 9088
12735 13761 13126 13765
13858 9429 13858 10681
12029 7725 12159 8024
10257 8314 10742 8453
13023 6113 13034 6199
13125 8845 13126 8883
13894 11197 13896 11337
12404 9321 12454 9724
969 13333 1148 13431
8801 4023 10108 4049
6204 7269 7121 7541
13787 12169 13794 12216
5013 3004 5844 3044
13899 12821 13899 12894
13339 13167 13453 13175
12041 13501 12267 13504
11046 651 11133 830
4778 9921 4798 10068
13900 4997 13900 5616
13897 13403 13899 13468
13671 10212 13698 10239
11907 11022 12074 11092
10890 6847 10896 8672
13350 13843 13618 13847
11603 13762 11607 13842
5883 13813 6386 13829
12199 13646 12913 13651
13471 7535 13471 11927
13617 7170 13621 7429
13902 5365 13902 5488
5937 12765 5997 12878
13697 9415 13712 9419
4315 4279 4357 4510
13800 7601 13815 7610
10749 8525 10768 8698
5866 8683 6757 8686
13183 13848 13486 13848
9009 12379 9029 12385
2516 4766 2541 4774
3349 8879 3510 9365
8552 4316 9067 4433
13162 989 13179 1007
12282 12613 12540 12624
1939 11508 1952 12147
577 13239 1061 13256
11678 845 11705 969
10617 12395 10619 12672
13895 410 13903 595
9899 12550 9944 12598
8407 12793 8646 12823
10310 12557 10425 12582
12436 10601 12447 10808
5565 6883 6029 6941
7185 13901 7391 13902
13786 7610 13796 7763
3438 13873 5722 13873
13641 7925 13655 7965
13006 10111 13015 10314
843 272 1162 1589
13857 3665 13859 4927
13860 12328 13860 13494
11321 13018 11688 13096
7351 10356 10450 10361
13856 13527 13857 13746
8956 13867 10669 13867
11580 12878 11693 13003
10653 11832 10679 12175
11136 7933 11772 7953
11036 11777 11803 11794
13798 13846 13806 13887
8316 9070 8335 9120
5432 355 6070 410
13655 10022 13699 10172
6401 13215 6480 13250
8591 8500 8606 8545
13630 3486 13719 3596
1373 13781 1392 13790
13458 11970 13554 12018
13900 8299 13901 9245
12330 13886 12576 13891
2587 13204 2872 13217
11378 768 11383 776
20 12058 293 12242
11059 13869 11101 13879
13879 1724 13883 2068
13048 6105 13145 6146
10158 8123 10334 8224
161 13501 742 13516
10918 2733 11113 2764
13522 13830 13561 13835
3643 7773 3798 7943
10354 10668 10372 12505
2161 7958 2181 7983
13160 4719 13163 7355
7492 9050 10078 9065
9849 7182 9875 8150
7240 12618 7260 12790
12896 8339 13083 8369
3015 13793 3146 13803
11371 5074 11445 5271
7465 13757 9031 13767
13901 12538 13901 12786
13902 7034 13902 7518
12291 743 12333 811
11699 12918 11725 13005
13337 11223 13350 11346
1660 11400 2215 11426
9157 9081 10019 9131
11664 1767 11765 1791
10170 8893 10173 8896
3686 12907 3899 12989
4216 12 9895 23
3031 13691 3054 13707
13609 4289 13617 5047
13882 2852 13882 3089
6450 12917 7963 12922
25 9411 120 10608
12799 6031 12802 6163
2798 4603 2977 4694
13893 5838 13893 7068
8686 10514 8748 10590
13889 13722 13893 13729
5896 9088 5969 9444
11083 1571 11531 1664
13099 13780 13158 13785
4649 7039 4658 7312
9928 6762 9947 6818
483 13346 540 13377
13268 13156 13291 13169
3985 5234 4007 5573
12147 13887 12218 13890
1633 28 6790 36
13900 12707 13900 12745
5057 6728 5490 6764
2350 7144 2446 7316
8279 6911 8292 7209
13900 10497 13901 10508
11886 12439 11886 12626
12265 13899 12380 13903
9197 6854 9199 7335
2475 7059 2560 7688
12036 11278 12213 11284
13789 11756 13793 11989
10819 473 12691 478
6544 13652 6563 13724
8879 7996 9073 8003
13889 7637 13889 9789
8748 13852 8863 13852
7054 8109 7095 8171
11972 6991 11983 7313
13901 1369 13901 1708
13879 122 13882 330
10159 3621 10216 3724
3011 8062 3133 8265
9190 7607 9216 7998
13900 12938 13900 13110
13863 3889 13867 4320
11495 7958 11870 8063
2129 13663 2194 13728
2153 13523 2471 13567
13902 10444 13903 10718
13472 6592 13473 6779
1868 7449 1889 7585
2592 13440 3488 13447
9636 10337 10675 10344
4686 4231 4975 4386
8688 2256 8722 2305
10085 3004 10133 3112
13762 12049 13824 12159
8899 7277 9059 7434
4694 2115 4895 2720
12137 12537 12172 12616
6321 9014 7232 9026
13837 4753 13850 4803
9661 1138 9685 1600
7424 13898 8333 13898
12830 2201 12831 4368
13484 13213 13507 13218
13825 10429 13828 11822
9423 4438 9993 4453
3253 7161 3276 7430
3031 13838 3054 13862
11435 13196 12109 13197
13578 4108 13588 5344
11353 13716 11416 13779
13860 4333 13864 4475
8330 4038 8594 4304
12716 8816 12736 8832
9333 539 9551 596
2539 13813 2668 13815
13322 11031 13323 11444
13843 11513 13848 11668
11149 5331 11150 6445
13882 13561 13894 13566
13870 405 13876 988
10787 8719 10905 8728
13856 13898 13865 13902
12733 1830 12763 2231
13809 2044 13812 2904
338 6504 1132 6586
143 5421 177 5916
11286 13901 11542 13903
3850 10246 4411 10278
5795 4574 8641 4588
13735 5325 13767 5365
13801 7190 13829 7314
118 13881 1777 13885
10587 12074 10632 12259
2336 10791 7808 10796
12511 13322 12523 13324
11108 12944 11153 13078
13851 13403 13853 13508
1623 10846 1633 11091
61 10753 92 11217
5665 13902 5926 13902
13686 8970 13746 8991
10200 6904 10246 6924
13574 5789 13574 9665
7087 142 7188 284
6667 2973 7451 2994
11297 13522 11771 13535
528 13765 543 13790
13765 10774 13777 10843
12485 5212 12488 5426
11674 11852 12665 11858
13676 13652 13691 13661
880 1902 975 1903
11931 10433 12123 10438
1841 13416 2120 13433
12236 11400 12320 11471
638 13864 860 13874
4947 8019 5119 8343
13873 4216 13878 4446
13566 8044 13569 9583
11977 4291 11995 5220
2233 13699 2259 13798
12792 3060 12799 3584
732 7642 759 7835
7943 10588 8048 10633
11365 6489 11394 6892
665 13191 1094 13200
12140 13467 12600 13481
13889 12488 13891 12541
12267 7231 12316 7300
5917 8699 6546 8699
12992 11606 13258 11620
3158 13382 3657 13396
10003 6679 10101 6899
3307 13291 3485 13329
13897 13562 13899 13576
13121 10842 13145 10951
10216 7770 10241 8082
13782 3908 13794 4059
4308 8969 4934 9008
11493 13111 11707 13126
9686 893 10911 981
13517 2705 13523 3203
1425 6859 1571 6883
12160 13894 12249 13895
13044 13859 13109 13860
8545 10640 8728 10754
11450 6353 11480 6513
10791 12518 10817 12525
8931 10374 10039 10380
7646 10582 7844 10587
13750 11310 13752 12325
5759 9952 5986 10122
10591 13331 10711 13356
13901 4722 13901 6069
3988 209 4156 251
587 8902 588 10440
12709 13356 13328 13359
7247 10633 7399 10666
12855 5425 13013 5558
6058 10126 6255 10268
1372 6535 1527 6616
2717 12373 2856 12540
10192 13500 10228 13616
4281 13283 4618 13284
13888 11318 13889 11527
13646 13875 13720 13876
874 2443 2404 2510
9060 13783 9287 13785
11156 13022 11264 13034
6385 10332 6499 10332
3373 7311 3373 7320
8260 8374 8405 8502
13279 12443 13299 12540
13891 12798 13896 12890
1833 11774 1914 12131
10714 7443 10871 7694
11453 5577 11673 5844
9713 4506 9901 4606
8504 2190 9427 2205
12931 13895 12947 13896
970 13869 1977 13873
11625 13902 11718 13902
12675 10958 12816 10963
13824 1490 13831 1759
12340 4601 12353 5326
5551 436 6010 445
11198 13518 11435 13519
10626 13727 10633 13735
1124 13444 2207 13457
2451 13774 2500 13790
12037 4486 12045 4758
12562 12991 12888 12999
13902 13304 13902 13507
13836 13901 13851 13901
9960 8212 10021 8232
13618 3752 13621 5163
5702 13149 5832 13161
6073 9752 6112 9836
9787 7423 9847 7628
2270 3104 8591 3104
271 6713 288 11968
12832 13680 13165 13698
9098 1124 9111 1127
2613 8341 2917 8343
11210 12869 11268 12876
5807 12787 5810 12932
13480 5367 13481 5941
13142 13827 13253 13827
5186 9093 5853 9101
6213 9122 6274 9404
7636 12766 8395 12781
1970 13506 2141 13518
11714 12234 11762 12298
574 12876 626 13113
12843 1128 12847 3537
3268 4628 3345 4942
7658 13768 8288 13776
3560 6774 3704 6844
11891 1058 11973 1362
11416 9019 11903 9044
5165 4216 5541 4440
6232 12760 6315 12845
13819 7367 13829 7368
3972 12852 4686 12858
4405 5598 4571 5676
12517 5488 12555 5892
880 11125 995 11299
13304 472 13322 607
10533 481 10583 611
7480 10713 7861 10725
12634 10841 12679 10893
7909 2034 7975 2488
363 10780 375 10985
6127 13856 6721 13857
9973 13747 10072 13754
13602 2642 13604 3384
2070 13833 2307 13866
10774 7774 10843 7995
5664 6982 6278 7037
10749 8061 10876 8195
13836 11929 13847 11968
11697 13893 12255 13893
1000 10715 2635 10719
2717 13258 2993 13289
5010 12644 6231 12653
5120 8164 5184 8250
1864 13599 2073 13669
7566 13894 9098 13894
13753 10108 13765 10422
3527 13257 3864 13257
9247 12971 10007 12979
9999 12572 10154 12577
12628 9224 13066 9237
13902 10014 13903 10048
11654 8067 11672 8068
12468 10897 12622 10924
8754 13874 8934 13875
2036 11668 2143 12171
2117 10812 8182 10817
11613 13855 11628 13863
10843 3187 10922 4291
11077 2113 11263 2708
10025 456 13534 465
11935 5682 11939 6738
13891 11489 13892 11514
8970 1146 9026 1445
12860 618 12879 2013
11973 11476 12030 11576
13850 11231 13857 11861
13119 13866 13179 13868
10415 13572 10464 13724
13861 2990 13862 3713
12718 1592 12787 1732
11856 5526 11872 6205
13894 13899 13898 13901
3868 4441 3868 4866
1252 10804 1475 10835
13636 5489 13639 7159
10953 3617 10970 3817
11493 12854 12132 12858
10218 13156 10331 13161
5967 12680 5980 12708
11048 13086 11071 13118
1911 4017 2580 4031
12359 6175 12380 6403
10422 12465 10435 12483
13465 13647 13523 13653
12432 12692 12718 12692
13578 13881 13682 13881
6259 12653 6310 12687
13598 12591 13615 12599
11253 11762 11322 11771
13821 7466 13835 7702
8995 4181 9145 4235
1467 10862 1506 10878
352 7670 352 9897
13832 2018 13834 2492
13862 11166 13862 11503
10358 8231 10692 8236
13684 1796 13712 1992
311 2180 483 2785
13845 50 13879 75
10182 7248 10216 7379
13587 13770 13701 13781
11286 7309 11300 7400
4362 9833 4801 9900
13630 7489 13673 7531
13756 13889 13788 13893
2101 7869 2159 8176
5651 13074 5787 13077
13902 13534 13903 13562
334 5475 861 5697
13707 12326 13726 12378
13604 4298 13604 5100
10333 13895 10550 13903
12659 13466 12874 13491
1445 11200 1450 11251
3624 7554 3767 7597
11157 3519 11164 3731
13865 1521 13867 3874
5040 8582 6567 8644
13823 9773 13824 9981
1205 11755 1221 11939
7848 7814 7920 7836
1867 13171 2276 13222
5060 2858 5203 2940
5114 7060 5186 7169
12342 13493 12470 13496
12977 11033 13156 11058
10719 13512 10995 13545
10049 3205 10075 3923
5542 2979 5888 2981
13853 1036 13853 2245
7295 4333 7332 4344
7597 4063 7739 4107
3134 13644 3146 13774
9097 13901 9903 13901
8375 12981 8714 12999
4541 2833 6438 2845
13591 3019 13593 3431
13894 6782 13894 7420
638 8919 640 10588
12124 13660 12854 13662
6740 12534 6843 12551
11730 12056 11773 12138
13657 13738 13658 13747
3872 13897 4053 13898
13536 2972 13548 3193
13154 1995 13178 2519
10787 13487 11023 13504
13897 4496 13897 4949
2311 13066 2392 13067
10023 4471 10164 4561
3034 13051 3137 13082
3084 13524 3533 13565
458 7809 574 8123
762 11866 790 12054
13838 4289 13838 4742
11292 13186 11447 13188
12941 13888 12949 13888
7396 227 7545 336
12450 8208 12655 8223
2547 13847 2624 13851
900 13762 917 13785
11002 12942 11017 13197
12471 10210 12473 10284
4324 4859 4366 5008
5676 13216 5816 13224
1400 3836 1503 4300
7843 9131 7888 9133
7374 4005 7864 4059
246 13390 307 13397
