40525 564
1777 2223 24895 39609
40147 35149 40375 35624
26246 37500 38738 39453
40236 37786 40346 39585
27816 18172 39505 24829
34934 32357 39080 37054
38963 3421 39721 7238
26750 31962 27801 34475
33516 1450 34432 2142
39767 8916 40424 11597
9331 40303 21343 40375
25426 6287 28987 7561
39915 40372 40455 40485
39927 26959 40437 32870
37833 8172 39486 15245
36405 26331 38676 27630
35443 31762 38082 32016
29625 31019 34532 34661
40203 14525 40436 16968
9444 40130 38222 40229
25057 26335 34808 30860
29756 7260 32705 13149
39555 14026 39642 21463
29821 367 35774 572
517 34396 525 34406
35758 28484 39759 30925
32793 11085 32872 16211
40381 34770 40500 40012
36351 2278 39268 2477
40040 7133 40468 7690
36049 7021 37347 11914
3293 40414 35300 40462
25698 15238 27235 20009
39957 21898 40103 22714
36397 40457 38852 40503
27024 35680 31355 36091
34203 2726 35714 8205
40310 18423 40419 26012
28364 8241 28964 11631
1604 39785 22504 39878
30595 4536 30823 6687
29323 11546 29654 11947
26338 25194 34320 25507
17623 775 17631 1332
39787 39544 39943 39736
34622 16557 35837 17321
33469 8161 34159 11567
36787 15607 39159 16361
24929 21233 26654 23970
40165 36858 40232 37587
32789 692 33168 6538
1045 39961 26462 40012
35152 29259 35457 29720
1916 40075 1928 40354
39957 13316 39959 16765
904 2895 1459 22939
39962 5778 40055 6959
35256 40292 37461 40318
39125 33510 39840 35094
32066 39590 37576 39763
37833 40355 38670 40425
39713 7398 39749 19217
40461 13151 40508 33716
11756 39669 12913 39730
25561 38533 26151 39693
25323 14328 25662 17034
33593 25541 35614 26304
39738 37868 40145 39224
33471 39817 35020 39844
39429 35760 40075 37803
18778 40384 36573 40405
30119 39559 31450 40068
40163 23376 40231 24789
26787 10759 28063 14908
37077 2868 38614 6741
39032 39218 39385 39774
34911 12179 36937 14146
38935 1414 39105 1605
31112 891 31525 1779
39740 40313 40003 40370
28015 17515 31699 18101
40276 17124 40276 19840
4497 1218 11924 1282
39250 30991 39777 32374
35299 37303 36314 37345
39394 39501 39453 39554
38950 38724 39450 39140
34786 40477 36028 40520
17117 40258 26465 40267
789 39917 13166 39917
40209 26503 40231 26750
25629 34508 28205 34649
31963 36266 33168 36469
30992 3737 32718 5761
40520 18344 40520 33315
38446 40128 39742 40288
39963 32907 40194 34139
33301 12935 34246 17557
32799 35264 33848 35965
40521 5114 40524 20354
29066 34689 31205 34714
31620 40005 34295 40081
26117 40295 29145 40367
24715 17 27322 720
37595 9625 37806 14323
30246 15078 31269 17094
36076 14420 36382 17297
39649 22831 39675 27982
36583 775 38497 838
35744 1406 35943 6641
40510 5769 40512 16826
40270 33720 40412 34479
40523 28765 40524 33452
26940 40505 28117 40512
4891 40024 24605 40108
40503 38014 40521 39878
30506 36537 32395 36958
14064 40512 24930 40521
37094 39929 38831 40105
40148 40206 40453 40309
25486 40039 29679 40112
25935 2041 28025 4093
25119 8581 28300 8830
141 23446 588 26808
34997 11120 35489 11606
39832 22747 39880 33018
39510 13950 39527 19628
36955 37201 38335 37253
1447 40505 23619 40511
40123 26363 40389 26496
25000 11520 25743 14162
20196 903 30572 1947
28733 40469 32104 40509
428 35268 1262 39528
32731 39814 33177 39947
5235 40265 14501 40282
39975 11892 40161 19898
241 30519 1072 32902
40058 1836 40456 3917
37683 978 38567 1811
35609 17384 37739 17976
14895 40467 26997 40467
28600 32566 29176 32685
28368 34606 28917 35420
39862 4590 40470 4704
39334 2582 39505 2950
40515 31818 40516 36716
23587 39832 28409 39891
39842 34283 40077 34435
40518 23611 40518 31496
25005 33147 25390 33821
39460 38256 39608 38671
40028 23235 40141 24931
25283 4571 28143 5779
27768 39454 29186 39676
25466 2134 25855 3087
40473 33745 40479 34294
3136 40085 3257 40382
40444 26330 40446 28158
25105 24957 28782 25011
39861 15594 39893 16245
34094 34708 34263 35712
1675 40486 8098 40503
33386 40111 35031 40119
35240 8458 35618 8578
35758 40409 37555 40419
38627 3112 38882 4198
25498 37397 29635 37453
25519 35526 28647 35635
37510 25537 39470 25636
40373 12200 40479 12231
33783 4822 34076 6216
25967 36278 29036 36433
26062 36096 33571 36150
29892 37068 37774 37185
39944 13193 39947 18631
37834 40301 39220 40354
40114 39837 40379 39953
38198 31108 38871 31917
40518 11525 40519 21749
39850 39974 39872 40173
38785 981 40165 1333
38579 25807 39319 26271
26609 30866 26852 31813
35377 27857 39299 28342
27450 36730 28716 37333
28215 34824 28332 35454
34635 39896 36149 40092
10068 1802 12198 2092
27573 22175 27712 24455
40522 39580 40523 39711
40192 17150 40196 19552
25790 39947 27950 39953
30085 25785 30822 26258
38798 38262 38999 38701
39342 36248 39376 38094
1339 38509 1574 39755
26770 23036 26925 24374
39666 9972 39690 13250
8261 39750 21492 39766
1476 9328 1635 13454
40514 21060 40514 33600
25766 11228 26128 14122
40463 2330 40473 4254
40265 12883 40413 14136
35623 26026 36329 26129
24225 40501 26981 40504
40038 8155 40094 8405
40491 1761 40498 9609
34891 29758 34897 35419
12564 40290 19016 40293
30475 34744 33935 35183
36766 4347 36837 4915
33374 18034 36141 18119
31818 1870 32069 3191
82 433 7299 821
37266 40512 40297 40514
16816 40476 28270 40492
16666 39679 22149 39704
37026 10 38383 644
28055 31727 28526 32178
39622 13478 39696 13924
803 8547 828 12015
31602 40277 32019 40358
32666 35203 32798 35239
39614 22214 39848 22472
36342 4617 36664 4627
38242 7612 38470 8119
34808 9634 34881 11581
39068 39816 39890 39912
311 5119 487 8102
26324 35742 27017 35800
36512 40334 37670 40361
40296 8604 40446 8789
31572 35270 32167 35666
8057 39625 11471 39663
37664 39670 37900 39689
8018 334 15531 1202
40486 5112 40489 11839
40362 40143 40490 40166
24657 39612 25202 39779
12326 39622 19021 39656
39244 36113 39326 37023
34898 8833 35981 8999
25487 40522 34366 40523
25224 25775 31149 25775
34998 39478 36658 39584
24160 40340 24963 40358
27133 21438 27400 21538
31727 18155 36405 18166
38957 40423 39710 40432
30687 35196 31166 35500
40523 38211 40524 39210
40337 36141 40358 37210
31740 25608 32789 25749
25621 31321 26570 31421
40480 3581 40484 8504
28554 33094 29622 33390
40522 22847 40522 32020
4253 40032 4527 40062
36544 16775 37840 17228
36206 40422 36908 40446
29590 2717 30380 2826
40327 5503 40373 6900
39412 16332 39417 17606
35459 39790 36272 39877
39810 17646 39929 18364
30518 40263 31874 40272
18553 269 23625 887
40024 25608 40255 26189
30100 37429 32246 37478
25602 31309 25609 33669
27729 19816 27743 21983
39522 23888 39628 26857
39944 40501 39961 40508
24961 35247 27186 35447
39617 38071 39653 39421
26752 8913 26933 10046
4451 40380 16376 40395
40086 37379 40152 37435
19526 40498 24894 40499
28476 14397 29825 16509
29145 25714 31416 25719
35248 14630 36053 15344
29461 5735 29669 8737
32983 39771 35438 39808
37726 31214 37972 31743
40014 1495 40034 2601
51 39562 678 39869
38997 25135 39240 25339
39930 40041 40030 40134
35643 25436 38664 25514
6553 257 6829 409
19302 39951 22905 39954
39771 3013 39818 7998
39798 18794 39932 19279
30987 13416 32321 14795
39921 39964 40102 40000
34547 31567 34730 35318
40104 21190 40134 22566
37265 12874 37468 14348
26764 40235 31029 40259
40225 39982 40365 40112
26329 34723 27963 34862
1529 27938 1578 34441
39928 40487 40430 40497
40231 17461 40233 20021
39672 40466 39841 40485
181 18566 588 21833
39915 20067 39921 23964
28515 4373 30591 4796
39238 35348 39846 35478
34451 10108 34511 15602
40503 34505 40513 36154
1208 26704 1266 26783
27820 31098 27862 33180
40492 40499 40509 40514
35451 32118 35869 32256
26764 21736 27371 22727
89 28706 857 30388
157 39880 18303 39900
28234 36545 28249 36725
34835 40521 38196 40522
40511 40252 40524 40439
26871 26102 28074 26103
5135 40139 6546 40162
39496 40522 40492 40522
31156 24897 36019 25054
24934 26798 24938 30559
39900 14439 39916 16189
36845 40506 37873 40507
31814 15274 32597 17087
24000 2140 24426 2162
28767 37317 29105 37359
7235 39738 13053 39742
32957 7477 33062 10573
110 39984 218 40420
16319 40475 16416 40484
27848 39982 29706 39998
26735 11988 26773 13689
27556 39677 27741 39755
29802 40511 30601 40516
25619 32308 26717 33866
39006 17048 39133 18035
34295 16287 34384 17700
25376 37169 26186 37323
5136 40522 12619 40524
154 1609 11092 1793
39258 38225 39378 38439
33314 40481 33887 40510
32607 40232 33684 40304
35052 27969 35236 28158
34454 40285 34743 40333
5422 40516 7796 40518
39110 24885 39324 24942
36514 39887 38482 39923
22949 39804 29899 39812
36224 31131 36667 31474
39383 35550 39414 35736
34979 30819 35385 32302
40186 628 40359 1703
1463 35058 1703 37164
39473 39082 39603 39432
37794 40516 40484 40518
26016 38343 26115 38477
25430 18809 25547 21093
4869 40332 9148 40366
30371 40294 31325 40371
39096 36225 39179 36603
5412 40401 7932 40405
25712 37467 25961 38007
33739 3254 33770 5514
3474 40265 3749 40379
24934 17678 25319 20117
36104 40264 38221 40279
40484 40406 40500 40469
32539 37199 34104 37379
1961 40465 10594 40478
39022 26556 39223 27260
21691 40284 25567 40317
40515 2732 40516 14187
40511 33874 40514 33972
665 7932 742 20190
31985 39728 32006 39981
28051 32320 28443 34318
40225 35863 40232 36580
37284 39791 37430 39873
40031 39247 40044 39721
29949 6798 30444 6986
40522 34934 40523 37822
9606 40402 12018 40413
1987 40362 2762 40437
154 3314 226 13485
399 32989 1323 34174
26605 9173 26720 11912
35271 896 35659 2497
25276 9174 26380 9786
40504 37445 40517 37603
30861 1829 31280 2004
32609 40110 32792 40117
1075 977 1827 1599
37316 37425 37716 37428
24943 5971 24976 16276
39769 11915 39789 21774
40262 35958 40262 36729
25153 40468 25763 40471
39568 40366 39716 40370
29608 40463 35065 40466
39567 40382 39900 40388
38847 37106 38962 37857
34703 36111 34708 36267
38336 39514 38653 39520
39769 23316 39794 25011
2560 40520 4542 40523
31872 39454 38725 39454
821 40359 1398 40411
36121 1056 37256 1909
6570 40252 8212 40263
25174 25781 25686 26275
39046 39913 39085 40014
40510 21015 40511 32258
40454 10620 40471 11589
32825 40086 34174 40098
34663 8697 34726 12830
36419 25738 37544 26171
39502 7727 39664 12019
40439 16029 40460 21808
848 23556 909 26080
40446 30420 40454 32407
40141 21083 40170 21966
33612 4986 33705 8059
27259 31497 27783 31500
40011 34440 40035 35597
35804 40253 37493 40263
34251 40284 34425 40337
33899 39487 34542 39531
1584 21146 1634 25150
40207 33341 40211 34624
34401 9548 34418 12758
37733 25659 38133 25917
39758 2100 39828 2613
34639 40467 34712 40483
36664 14226 37096 14980
33287 25916 33485 26195
39673 18501 39676 21120
39962 19182 39971 20241
39032 37613 39229 37706
3949 40208 7970 40250
34734 34323 34818 34594
25053 37270 25144 38917
40380 410 40459 1798
28526 40520 30391 40521
25358 31100 26039 31248
40232 40508 40314 40510
32921 15699 33155 16643
38103 39681 38181 39864
35090 30402 35707 30453
26676 25910 27939 25984
40174 39405 40212 39701
24649 39906 25199 39907
40389 6065 40478 6399
37654 25927 38118 26154
37533 25257 38951 25327
27667 18400 27678 18416
39843 12732 39970 12776
35567 40320 37285 40332
1483 5340 1644 6433
35644 27648 36970 27665
40523 26048 40523 27397
19633 40017 21593 40017
25279 10478 25334 11182
28108 10287 28109 15293
32386 17202 33235 17614
30877 37351 31296 37388
32507 36811 33979 37034
38744 39047 38792 39127
25256 35646 26150 36060
36284 6010 36942 6593
38304 39717 38984 39870
4882 39934 29548 39942
39790 26577 39809 27468
23600 40323 25051 40324
39086 33008 39094 33360
637 34408 1514 34580
36726 39980 36956 40114
38913 223 39187 545
34255 25172 38922 25186
28171 4080 28481 5268
30889 6318 31048 6730
39446 32864 39632 33234
40185 12394 40189 14982
40116 19902 40165 20513
36085 4314 36173 5171
25152 39892 28438 39897
27675 15613 28311 16001
38037 7080 38052 7192
38972 40464 38979 40468
150 34756 169 36242
28408 12607 29055 13790
28532 200 29173 763
40223 20376 40243 20654
29364 36638 30128 36655
34767 40523 38737 40523
39269 40437 39410 40468
38975 40355 39549 40408
32415 26255 32606 26306
34855 28207 34863 34483
26288 4279 27198 4345
32123 39770 32808 39810
40169 18557 40170 19761
39683 39924 39822 40006
37422 40373 37684 40377
28478 32954 29301 33065
27635 40274 30015 40288
39640 1982 39706 2724
40269 35740 40307 36864
39325 26229 39442 28156
25597 40495 27537 40496
35921 32219 36775 32343
11235 40240 12646 40246
40310 36670 40320 37401
29529 84 31342 324
36584 37262 36960 37440
39909 28510 39922 30455
40307 12731 40393 12816
28597 3478 29266 4101
27156 37071 27285 37147
25733 36199 28277 36260
39443 40015 39726 40074
25583 10422 25937 10552
28748 5475 29217 5955
39834 40189 40143 40265
35901 25862 36121 26015
23110 40522 24772 40523
39308 32722 39570 32789
30747 2070 31546 3103
40184 36198 40209 36300
32182 40502 33039 40507
32283 40372 32389 40379
16121 1120 17396 1915
40522 40206 40523 40250
40517 7396 40518 9131
39838 5060 40257 5698
32058 10 34558 53
39897 34491 39948 34661
1003 26020 1754 26232
35351 9170 35369 10989
22767 39661 22944 39832
34122 40495 34378 40509
34651 36413 34778 36939
40517 920 40520 2750
40522 2340 40523 4180
29334 7983 29381 8112
3455 39671 9853 39682
37076 2567 37371 2595
17116 278 17174 425
35312 27168 35746 27268
30299 14394 30455 14772
40518 34349 40521 36966
40294 20564 40307 21641
29174 12486 29599 13363
38122 39495 38266 39555
39480 27057 39508 27161
25151 38909 25163 39504
