36310 121
3091 30759 25112 31406
1019 18277 2945 21096
25207 12867 35441 31969
5703 13796 16104 30232
23046 11630 24289 12334
15831 35207 29028 35770
35692 6650 36100 13120
30326 34957 35995 36144
10643 32665 15334 35489
21328 7291 22336 16026
16868 21525 22211 30031
15235 288 23327 3299
27160 11208 27945 11799
31161 851 31678 9519
24762 3246 28896 7489
35875 5412 35971 6622
35670 26370 36085 29764
23216 10248 31233 10942
3693 2572 9393 4012
372 7401 2565 12409
16483 33797 17092 34037
4661 33076 7035 33794
33456 1070 35028 4250
26425 32419 29557 34118
14946 7196 18814 11654
21981 35802 22092 35862
36142 27437 36146 28610
17612 13629 20075 15974
1746 23823 2210 29607
479 29358 1510 30711
15936 12836 18652 12895
33569 34547 36094 34893
28840 36256 30264 36287
36272 22060 36291 36238
29355 1272 30695 4851
26211 614 29207 2665
15807 34453 20935 34967
19906 32290 24664 32697
3648 7283 4983 12835
2556 29049 2699 33103
19778 5330 21811 5565
22713 16114 24450 29592
36041 16789 36099 18070
32219 5362 33677 9616
35712 22758 35898 25446
18895 7251 21296 9374
28314 11658 29661 12445
9478 6425 12051 9080
35565 9272 35651 28038
36078 1726 36280 6024
20744 36037 27137 36167
1177 36162 9723 36177
22152 36273 26547 36278
28123 36062 29426 36168
417 4209 18685 5324
24773 36228 24803 36271
7557 10122 11798 11605
36178 16224 36188 23194
24760 34301 25502 34740
22733 33743 26030 34029
31620 32092 31695 32430
35515 680 35749 4007
3611 35467 8886 35651
10255 1907 12194 3744
29645 36171 30049 36230
13798 36047 19746 36299
34921 32315 35540 33734
2912 31971 15620 32314
35646 30278 35958 33252
6949 35656 10780 36144
36211 12009 36287 16771
5736 36228 6040 36270
32241 277 33080 415
3988 31704 5915 31728
36070 30278 36147 34186
24324 35813 29643 35955
36299 12232 36304 26665
23441 34162 23574 34358
28317 7548 28937 9383
36208 33915 36224 35619
31205 33323 33821 33586
7954 7495 9409 7694
29173 35450 29999 35464
18738 32453 19116 33201
2718 34284 8364 34577
3890 1455 5722 2248
34332 32818 34881 34121
19350 16466 22264 19971
149 28601 1266 28909
30341 32888 30811 33452
7026 11607 9140 12337
6863 6565 7045 9344
13388 12035 13820 13624
22825 4239 23620 7973
9228 35167 9738 35296
20807 30403 22493 30418
25422 1453 25742 2682
20175 34984 25954 35017
2143 22913 5269 23457
2834 35702 4056 35831
35791 36263 36157 36301
5695 32713 9744 32832
3097 34606 8818 35245
33845 4948 34507 6255
35133 1274 35365 11820
24480 32885 24592 33607
35221 33870 35753 34106
18215 32839 18620 33178
3712 12960 4727 20252
16403 21152 16516 24556
31198 36212 32494 36268
14150 5671 14561 9870
36293 28417 36304 31460
17200 20592 19816 21055
14239 35950 18062 35959
30574 11151 33133 11291
25544 34140 26340 34695
601 36014 1019 36046
20729 35864 20957 35978
32652 9911 33119 10113
29296 34735 29911 35356
