14846 1027
2813 1576 12722 8219
13849 8114 14696 13179
12224 11563 12581 14023
8821 14338 14837 14495
1009 13512 3571 14211
1368 8612 8270 11791
5270 14681 6345 14796
1241 6834 1271 8586
5549 278 12684 855
6988 14634 8886 14760
11524 10471 11619 13042
819 4525 1156 9450
13495 1374 13586 5806
4168 13408 6297 14346
13473 6348 13591 11540
11122 8389 13212 8847
14111 4020 14126 7210
11779 13444 11836 13468
6153 13000 7644 13220
8399 10539 9326 12947
12401 982 13227 1259
14803 467 14809 836
14701 11241 14706 12058
8030 14037 11831 14278
10620 12984 11236 13477
14747 2135 14830 3842
14225 4457 14245 7510
14610 4325 14717 4348
13208 14520 14076 14638
8306 10193 9044 10505
10247 14817 11016 14819
2584 11868 3821 13009
10984 14693 14705 14754
12727 13335 14422 14170
1119 13159 4945 13204
9871 8316 10420 9195
14652 13942 14661 14156
12820 3969 13117 4165
11682 14794 13525 14820
14832 11388 14836 12285
14797 6639 14816 13716
9888 11265 10006 12729
9028 13009 9062 13974
300 14262 2405 14513
9827 10043 11850 10130
12686 14197 14399 14233
11266 14822 14580 14822
9903 9890 12462 9898
4182 14594 5136 14727
14581 1057 14675 1175
5009 8344 7683 8478
1042 2094 1942 4141
10825 13765 11170 13944
14654 7293 14757 7949
13266 4522 13345 12273
422 429 3075 652
13649 12003 13769 12828
3840 14813 7601 14842
12628 9942 13212 11798
5433 14396 7605 14607
9518 8726 9798 8821
4349 459 5258 843
13674 2281 13697 3606
12130 11368 12149 12031
930 13337 4231 13379
10432 9060 10947 9392
7439 13375 8973 13960
11253 12468 11367 13670
9349 9671 9792 11007
10812 14835 12298 14836
269 2227 670 3762
14508 1544 14635 2535
14378 14838 14635 14844
5068 14843 10510 14845
14246 6138 14432 8018
13922 1316 14012 1530
14305 14671 14659 14674
256 11956 1144 12015
13438 8930 13442 9143
10687 10899 10923 12435
13398 9255 13401 11475
7973 14279 10174 14309
2326 664 2393 4725
14839 12555 14842 13623
5247 11960 5485 12564
10097 13433 10557 13448
880 14720 3224 14749
2109 14802 7511 14807
8278 868 8800 1274
11991 12909 12120 14109
14551 13517 14593 13701
4586 13272 7824 13369
14844 6030 14844 12428
1094 14682 4012 14714
14828 12385 14828 13270
10010 11125 10316 12900
5807 11833 6809 12933
11061 9622 11180 9717
13439 2303 13452 5564
4877 12622 5678 13133
14824 4516 14830 10774
13759 1104 13829 5009
14450 5553 14499 6874
682 14770 4598 14799
14817 14652 14831 14664
617 10010 914 10262
240 11579 625 11913
8911 14521 10319 14699
9121 13710 10679 13837
12549 14823 14456 14836
2410 1691 2801 5025
14262 3597 14605 5482
14077 438 14506 2141
8308 14346 8671 14409
12788 5035 12970 5963
13774 7570 14142 7674
14770 13805 14817 14037
14180 14500 14709 14649
7022 14776 9529 14777
12143 14625 12343 14634
14553 13767 14564 13811
14435 13889 14458 13891
621 13702 857 14065
10851 9988 11368 10021
13035 2151 13349 3868
8131 14367 8288 14522
14836 10088 14838 11019
3793 13751 3808 14250
14839 3098 14841 9793
14680 2012 14697 2676
14640 13663 14716 13817
12745 2650 12920 2980
14356 14784 14793 14807
760 886 1280 1161
12947 12789 13446 13226
14744 1300 14785 1753
10335 11493 10521 13213
14584 7444 14622 7961
6971 12231 7042 12270
12430 11063 12477 11213
13885 2188 14094 5014
7755 12189 7871 12253
194 7538 529 7985
11634 10757 11653 10981
11864 14564 12165 14596
3941 12027 4104 12123
14754 8129 14758 10462
8465 14779 9870 14781
13620 6901 13685 7801
13833 5217 14008 6064
10141 10193 11022 10422
12836 14764 13413 14784
14818 5059 14822 7471
941 14568 1520 14609
13724 2120 13736 8014
10051 10456 11267 10538
14778 4400 14811 4446
9103 14834 9773 14836
14761 11517 14770 11889
10672 11404 10678 12908
14717 8051 14747 14282
10673 1449 12250 1492
10654 14552 10745 14616
12783 9312 12912 9527
1079 12614 1345 13153
9370 12478 9616 13075
2923 14427 3826 14573
13398 3052 13431 7760
175 1031 363 1799
10812 14839 13346 14844
12500 14660 13947 14686
597 12556 916 13344
12900 411 13418 571
12807 6249 13208 8204
14665 14812 14801 14825
14791 12294 14795 13236
10925 14731 10932 14770
1909 4472 2270 6387
6443 13726 6863 14341
11658 10176 11717 12990
6996 69 13838 237
87 14641 334 14714
8563 8747 8933 8907
6618 1353 13221 1366
12619 11885 13141 12492
9880 14826 10069 14840
9984 9449 10109 9820
9072 9142 9262 9248
13139 4423 13254 4912
11811 11903 11986 13044
14789 1220 14809 1804
14299 2777 14583 3547
1840 8238 3784 8393
13711 8260 13802 9614
4079 8238 4884 8567
11273 8907 11550 9073
7277 14304 7781 14386
12081 10054 12110 11702
9876 10580 11416 10632
11813 9040 11872 9685
14611 14167 14653 14310
7803 14789 11663 14791
13615 9005 13697 9546
1800 1103 2266 1873
12118 9110 12534 9749
14799 14312 14840 14317
2505 13380 3880 13484
562 8306 747 9835
10436 14666 11464 14686
150 14811 3343 14815
12651 14513 12983 14611
14840 13631 14843 13982
10466 14835 10493 14836
12278 8246 12350 8290
3601 13685 3675 14123
13595 11317 13606 12081
13614 932 13625 1321
2669 14352 6706 14381
1130 12378 1240 12531
14844 380 14845 2984
19 10400 137 10742
11301 14603 12520 14618
14838 13434 14838 14186
7055 13589 7304 13656
11383 12761 11492 13379
9733 1099 10274 1100
13887 13226 14022 13241
3779 1138 8178 1195
14844 12932 14845 13997
379 3944 553 5264
12658 13244 13419 13245
8711 9043 8869 9072
12610 13824 12716 14063
14051 5141 14097 5826
13107 14786 13684 14791
14638 4588 14638 6571
8079 14801 8769 14809
9895 8226 11038 8271
14839 14770 14839 14784
14533 13871 14648 13904
2 238 155 2309
1432 12097 1967 12628
8338 11818 8364 13289
4296 13360 4460 13399
10368 1181 12354 1332
14833 3443 14836 5442
14572 313 14737 364
10303 9458 11612 9567
1520 7050 2491 8045
12252 10693 12536 10792
13943 143 13996 200
14551 656 14563 829
7730 12248 7741 13008
9372 13863 10272 13989
14767 6057 14769 6927
13716 9686 13784 11623
5574 11800 5581 12465
11375 13848 11464 14016
235 9541 310 10493
14692 5477 14728 5635
8295 9034 8440 10127
13963 6646 14012 6955
11826 10247 11869 10799
4027 13642 4134 14209
680 11401 1237 11471
342 13636 540 14095
13434 973 13454 1691
13128 14761 14405 14762
14796 14626 14807 14802
9830 14504 11088 14505
14842 14796 14843 14844
11703 13655 11841 13854
14837 629 14841 805
1194 4441 1457 5352
3216 985 6931 1002
14683 4383 14774 4574
14080 14512 14172 14522
361 5834 593 6754
12587 10360 12607 14312
10480 8403 11027 8518
13379 3330 13390 4870
10741 10800 11448 10839
13846 655 13866 1873
11091 13482 11155 13566
8271 8359 8892 8583
13489 12914 13695 13140
14833 6848 14834 11387
127 14777 630 14800
13773 11921 13804 13015
14541 6274 14555 6354
9741 13053 9886 13386
14663 13861 14675 13893
3849 14504 4053 14656
8331 1382 10286 1549
886 10575 1066 11363
261 8223 459 9072
13895 14253 14501 14284
3362 14220 3735 14294
7738 14837 7933 14840
7533 8236 8653 8292
13355 1806 13362 9602
14707 10296 14715 13328
8133 11929 8233 12952
13340 14280 13540 14281
14771 10588 14773 11425
13180 9292 13238 9599
10067 13536 10505 13678
2046 14830 3162 14839
12657 13430 12670 13797
9923 14758 10777 14776
14812 447 14834 1969
13114 4974 13188 5104
14243 14812 14438 14819
14843 6082 14843 12485
2163 13060 3636 13158
1595 12719 1715 12984
1980 14672 2943 14680
10449 10878 10638 11318
13816 9080 13827 11986
223 14451 250 14467
11072 11059 11355 11467
2539 14371 2597 14431
3403 351 4028 647
7840 14504 7950 14632
14704 12839 14706 13555
14761 14675 14784 14717
14341 59 14725 176
14529 7120 14554 7218
8607 14499 9805 14499
11873 9920 11992 10532
12315 14201 12354 14293
13417 11069 13445 12586
14701 5957 14787 5987
1934 11922 2505 12085
4927 184 6985 194
10091 13005 10248 13200
11744 11728 11761 12766
14783 10284 14783 12415
14572 6308 14613 6934
2140 3053 2297 3184
13630 4180 13707 5225
13615 10596 13707 11459
14842 3399 14845 5487
8468 14502 8787 14550
10763 12637 11122 12729
1367 14820 1529 14831
14740 232 14829 422
9306 8680 9436 8981
14679 4779 14759 4899
8215 14798 11175 14798
2650 6648 2785 7820
14785 6133 14789 9641
13252 5349 13254 6926
13447 12087 13602 12795
7745 14822 9997 14822
14443 13234 14465 13739
14528 13887 14530 13965
9667 11133 9674 12955
14652 1178 14696 1247
14704 1418 14719 2792
1237 5865 1301 6502
13654 304 13658 2676
12202 8928 12676 8966
5309 13236 5479 13261
13804 14307 13807 14332
822 14622 3126 14641
12701 644 12849 922
2896 14643 3704 14655
8472 9820 8586 10063
11193 11828 11229 12406
9801 14708 10802 14747
8935 14804 11018 14816
11322 14765 12572 14776
33 3322 143 9972
14814 14734 14833 14750
13686 14248 13705 14311
1080 10160 1266 11077
14083 13286 14402 13312
7072 14279 7886 14297
716 4187 1345 4227
7797 14803 7846 14819
13415 14844 14350 14845
14831 3362 14831 11139
14580 13281 14620 13369
259 12783 499 13132
4241 12011 4480 12414
10975 13671 11287 13674
1515 4747 1642 5021
14129 2733 14162 6527
14841 14528 14844 14651
12115 9932 12269 10394
192 14834 825 14837
13243 685 13357 1447
9681 12086 9707 13100
698 120 2796 375
1349 10628 1367 11540
14626 3914 14732 4138
4138 85 4623 90
5789 11814 5895 11824
10306 13301 10614 13374
14818 13878 14826 14069
4797 12399 4811 12562
7563 14762 8793 14771
14648 4450 14648 4874
14828 13796 14829 14224
10972 14658 11679 14663
12954 14646 13762 14649
14149 7500 14219 7931
14643 14838 14762 14840
9067 13941 9135 13984
9858 10704 10363 10750
6875 12828 7346 12907
13237 10678 13259 11167
4066 14443 4666 14566
10315 14323 11627 14335
11614 13229 11638 13905
544 13400 555 13778
608 4828 653 7617
7011 14149 7033 14268
9019 8273 9597 8529
13622 5281 13701 5868
14782 14726 14793 14726
13830 7286 14146 7383
12425 11373 12582 11441
14799 5904 14817 6282
12865 2223 12942 2346
12727 9610 12911 9898
14767 8617 14784 10181
13443 6261 13471 9988
13400 14840 13644 14842
3837 13795 3878 14128
14819 3972 14823 5019
11506 13309 11608 13713
1272 6948 1395 7730
10919 12482 11075 12483
7096 11964 7702 12322
14201 2294 14274 2519
14842 9781 14842 10657
13806 5091 13825 5256
13470 5894 13669 6116
3825 1307 7687 1315
3158 1201 5515 1232
11103 14515 11256 14588
14715 14843 14721 14844
60 12500 96 14012
14812 14782 14814 14788
9733 13467 9826 13507
3248 11836 4165 11856
14714 1162 14774 1183
14752 13366 14790 13464
7388 13437 7429 13942
13194 3900 13221 3905
12216 11242 12222 13808
11930 14682 12294 14683
14646 6434 14665 6504
4930 892 6582 927
14689 14653 14775 14659
13000 2753 13005 3557
10609 13519 10774 13660
7136 14783 8771 14783
7684 14778 10834 14778
14729 5133 14777 5267
5336 14608 5561 14652
4137 13213 4430 13269
209 10764 428 11179
12475 14786 12906 14789
14762 7423 14762 8953
10401 14838 10511 14839
12115 12334 12148 12520
14826 12328 14826 13261
1432 5371 1875 6560
5948 8551 6991 8601
7820 14827 8387 14829
12960 1531 12999 2787
110 11198 537 11199
14822 9655 14822 13387
3950 12411 4032 12790
9350 11248 9515 11748
14520 492 14531 1505
207 14839 1681 14845
14519 13622 14535 13636
14706 14289 14711 14312
13677 378 13732 1258
2575 664 2891 1350
942 12264 1046 12977
13953 8077 14092 8097
14790 14714 14790 14721
13581 14792 14067 14799
14818 14779 14827 14831
12960 8339 13201 8348
14478 13984 14520 13999
12025 11798 12085 11959
11046 10160 11102 10357
13192 12383 13410 12417
12864 9040 13091 9267
14508 7431 14540 7442
13739 7422 14034 7436
14790 14070 14794 14174
7785 12266 8104 13018
14023 14806 14310 14811
14679 13200 14687 13412
14835 14708 14845 14747
2966 861 11378 864
4201 228 6764 275
1844 12651 2332 12911
11654 13183 11774 13648
11748 10269 11787 11347
7191 12361 7431 12471
1141 13291 3217 13296
13495 14837 14717 14837
14835 9010 14836 9836
2034 2534 2109 2833
11400 10905 11495 12558
14587 14650 14597 14656
4084 12452 4671 12735
11583 14505 12593 14541
725 14518 950 14546
10958 12866 11114 12917
886 1204 927 3513
14174 2409 14181 3307
11560 14636 11788 14646
6532 14706 6588 14758
8594 9301 10404 9336
14469 7079 14497 7572
768 11016 813 11384
3897 12283 3934 12551
14835 12799 14836 13567
1117 12304 1240 12371
14803 14259 14812 14270
14837 11027 14838 12627
9893 13295 9907 13664
8917 14721 9217 14774
11270 919 11612 1067
14598 2711 14689 3270
13930 14780 14197 14784
13856 4478 13862 5204
12826 14248 13163 14317
9591 14841 10396 14841
7795 13992 9584 13999
5682 14613 6220 14644
12128 13701 12162 14143
10608 8534 10732 8691
940 14244 2832 14251
10574 14837 10827 14837
14549 13953 14599 14033
2391 5183 2424 6364
3883 12965 4702 12980
14742 923 14767 989
14837 14066 14837 14134
14069 96 14191 229
14819 9893 14820 11051
3150 14400 4364 14411
10980 10873 11046 12161
8184 14001 9299 14031
209 4648 341 5243
7723 944 7850 1042
6789 8281 6968 8318
14760 10043 14761 10489
10486 14575 10522 14640
14441 2378 14506 2744
14749 11633 14756 12462
10649 8728 11010 8825
13748 6775 13915 7279
5119 14393 5341 14400
9792 13514 9859 13682
1187 8233 1223 8805
13109 12693 13289 12712
11480 9926 11810 10038
14824 10885 14830 11213
890 13390 1974 13441
8511 9427 9842 9492
12779 12502 12823 12675
14768 13153 14779 13264
4636 1473 7945 1528
1541 4542 1847 4739
9934 12950 9960 13308
14694 13206 14697 13394
11178 14825 11962 14825
4080 14752 4654 14753
8180 14830 8802 14831
10317 12266 10332 13162
10091 13990 10633 14004
13603 10086 13715 10201
4127 14843 4783 14844
13835 14814 14166 14820
14748 14520 14754 14577
11804 10916 12011 11136
7186 14030 7814 14264
11363 10143 11416 10313
13691 13209 13851 13309
572 14630 688 14644
14837 13496 14837 13884
13288 12510 13405 12633
12799 14623 12948 14638
8280 12563 8324 12875
14525 5546 14601 6062
13445 19 14741 28
9818 12098 9871 12750
13319 244 14182 256
13410 9739 13410 10928
14748 10785 14753 11015
14616 14808 14622 14821
12211 10490 12215 14197
14417 14657 14576 14661
7092 13950 7133 14150
14818 14135 14818 14308
12718 12946 12738 13160
11215 8957 11241 8984
9193 13192 9534 13419
14778 8330 14784 8383
11931 9129 11961 9706
13056 12508 13060 12642
9279 14824 9289 14832
8704 13111 8999 13136
12825 9008 12860 9214
14842 10936 14842 10969
9674 9628 9804 9633
9568 12124 9634 12244
7200 14800 11241 14800
7965 14568 8193 14606
14600 14663 14743 14670
13595 2006 13636 3474
14208 3258 14212 4706
7005 12365 7120 12651
6918 13750 7197 13858
11057 9155 11787 9328
114 14746 726 14756
13313 14258 13670 14275
14578 7730 14580 7843
9811 11088 9973 11236
14682 6032 14710 7176
3836 13577 4093 13586
891 14559 2652 14567
14802 4765 14804 4990
14778 14073 14782 14132
12030 12356 12055 12733
14578 6935 14595 6991
14835 10017 14835 10076
14760 798 14762 888
4497 12046 5067 12091
204 12470 400 12736
14822 14692 14840 14707
12367 11073 12380 11178
14614 5268 14633 6635
6162 14811 6621 14812
14475 14755 14717 14757
1261 11317 1324 11851
11837 13895 11942 13973
12750 7367 12777 8003
2250 14544 2553 14553
14736 5317 14785 5659
13477 728 13484 5229
14744 14844 14828 14844
14713 14585 14787 14591
14548 6167 14597 6266
8624 12991 8627 13268
3911 14278 3974 14349
9117 13699 10492 13708
13068 5513 13247 5901
7300 13821 7303 13881
13628 11861 13694 11953
6309 14049 6430 14176
1662 14611 3187 14619
413 12515 511 12520
6870 14726 6940 14771
1941 6446 2048 6633
1472 4148 2127 4181
14484 14134 14600 14212
8608 9344 8951 9390
7895 11835 7943 12264
14616 13379 14633 13425
14461 6936 14496 7056
13368 11156 13376 11486
14840 11475 14840 12552
13632 7944 13633 8469
14371 14302 14419 14326
9035 8779 9149 8965
790 5293 806 8313
11096 14829 11973 14834
14762 12225 14778 12819
12831 432 12837 472
5520 11974 5554 12581
14838 2937 14838 6746
2510 5344 2581 7332
14773 3919 14776 4106
14833 12611 14834 12758
12652 13276 12669 13366
3132 1032 3677 1122
375 12026 746 12131
14102 14525 14127 14608
2022 12411 2312 12462
14839 14792 14844 14792
11396 11464 11399 11564
13458 10977 13469 11121
12773 6535 12777 6580
13706 14841 13765 14842
14842 1350 14843 3336
2794 6526 2809 7688
4352 391 4756 417
960 14646 2062 14650
10875 13499 10884 13569
12811 4232 12998 4896
14833 14758 14838 14822
14778 4612 14779 5122
5295 14536 5366 14563
7948 14307 7957 14439
12637 9108 12768 9481
169 2567 170 4351
10505 10137 10681 10139
2894 14273 3222 14327
14105 6319 14107 6438
14616 6783 14650 6952
14819 12240 14820 13267
13795 11398 13797 11443
12989 5770 12992 6163
13929 2048 13943 2156
26 11474 51 13694
14777 14842 14829 14842
946 55 3981 111
758 2648 761 3668
7816 8311 8074 8416
10698 14300 11979 14303
14228 3233 14258 4211
12731 12718 12772 12932
3590 14334 3860 14348
8589 9813 9113 9819
11833 8981 12256 9021
1162 7204 1183 8845
6326 14630 6714 14656
12629 12775 12637 13196
9064 13274 9092 13498
14150 7030 14150 7095
2578 14447 2838 14537
4175 13101 4384 13146
13710 7596 13710 8160
8942 9564 8976 9672
14837 14260 14841 14307
10897 14665 12060 14665
14633 495 14692 981
11439 9697 11819 9741
10706 8289 10959 8364
2056 8403 2672 8503
9138 13459 9545 13499
228 11325 357 11395
13655 14770 14631 14775
13007 9618 13026 9807
5238 25 6007 67
10332 14558 10559 14570
14694 14810 14749 14810
14693 7950 14750 7954
9276 9218 9790 9254
466 8648 561 10442
7235 8589 7338 8607
9890 10236 9949 10478
1173 10036 1271 10132
12514 9921 12552 10087
14769 7711 14772 7966
11366 9596 11465 9638
4174 1395 4230 1508
14791 5531 14809 5796
13412 10282 13468 10748
1525 6668 1893 6820
1255 12435 1298 12508
14843 401 14843 828
13209 13269 13509 13278
145 5588 314 6035
13412 1996 13432 2374
14241 13182 14278 13186
1661 736 1782 1929
1341 5823 1383 6694
8694 10026 8973 10071
9574 9577 9680 9597
2167 3850 2169 4053
13047 8895 13239 8938
787 13460 1002 13549
2671 14335 2952 14351
14837 2095 14839 2185
14637 13194 14652 13209
13376 7869 13439 7978
185 8116 462 8190
2415 14339 2515 14412
6447 1414 6578 1462
7880 13108 7961 13202
12894 750 13104 917
14778 11497 14779 11996
10818 12801 10838 12869
6919 13239 8330 13247
292 6603 330 7371
11979 14201 12087 14203
12326 9976 12510 10017
6515 14664 6696 14666
5855 13028 5872 13196
11807 11491 11843 11554
7777 11817 7803 12019
2607 5442 2762 5712
602 10555 679 11119
6893 14068 6913 14134
13945 5088 13988 5194
13708 14296 13928 14298
6804 13425 7236 13435
13875 2400 13878 4022
13033 5233 13138 5384
11635 11784 11657 11799
9841 1229 9936 1239
14835 13871 14836 13956
9484 0 13341 22
4312 11797 5072 11853
11884 13212 11978 13407
7790 14469 7914 14479
14636 7025 14646 7842
8135 13105 8196 13126
12383 10307 12556 10454
12826 12867 12865 13189
14830 11527 14831 12495
14616 254 14654 301
14441 7702 14514 8018
146 13969 270 14178
14285 5558 14332 5848
14837 13224 14838 13385
9976 9395 11071 9424
14610 3351 14689 3541
11994 12196 12027 12441
14822 13674 14834 13707
9882 10929 10389 10970
9602 13399 9651 13639
13908 6572 14059 6613
11257 11550 11297 11754
14544 1113 14570 1494
8439 13005 8554 13332
14538 13391 14540 13775
13823 6094 13952 6293
14412 5619 14429 6057
1199 14764 2357 14767
20 14026 57 14137
14725 1334 14731 3223
13378 8009 13379 12241
8304 14376 8307 14389
13891 345 13953 1024
13838 3754 13860 3802
14765 10528 14770 10591
13481 14838 14122 14838
13675 6188 13715 6705
14716 9599 14716 11325
13250 11387 13260 11675
11502 11380 11510 12903
8268 12040 8268 12811
14239 14650 14485 14650
8631 13157 8681 13200
8152 14840 8882 14842
6559 13477 6682 13536
781 4233 883 4330
1024 1595 1068 1745
14812 14558 14824 14595
14444 5998 14447 7051
13759 5632 13814 6373
13741 1676 13746 3683
13074 1479 13079 2049
14761 13496 14761 13503
4480 1273 6977 1285
11932 11445 12004 11509
14029 761 14033 1128
1296 14529 1368 14541
2430 12426 2571 12976
1295 9051 1310 10799
12695 1300 13144 1310
10486 9568 10755 9722
8799 13158 8811 13369
14714 5678 14714 5794
10701 12462 11122 12472
13457 1592 13472 4277
5891 13118 6139 13200
12006 10096 12009 10559
5044 14451 5260 14541
13542 11560 13558 11662
9713 11491 9769 11733
11769 11693 12071 11784
14817 10755 14817 11867
3294 509 3396 683
10504 14827 10874 14834
5787 12964 6663 12965
14396 14684 14599 14690
1413 12687 1418 13040
6962 13665 7063 13730
201 14833 1590 14833
4051 1333 5272 1370
14400 13184 14579 13202
13557 14294 13646 14334
381 10512 566 10736
8490 8951 8927 8982
9459 1022 9502 1156
14818 11334 14819 11520
14644 1664 14689 1949
4880 82 6940 95
11395 13505 11418 13745
14759 11221 14766 11351
393 9924 404 10473
4327 14767 4504 14768
14532 14762 14557 14767
155 12167 188 13511
10842 9949 11112 9968
14791 10312 14791 10533
8325 10810 8339 11447
6830 1007 7087 1128
12628 14613 12649 14616
14712 6028 14736 6876
14510 8051 14530 8083
915 4272 1892 4318
11972 9302 12041 9325
10029 13265 10043 13629
12187 10400 12198 11116
11625 12281 11632 12899
10595 12215 10615 12300
5382 13142 5602 13214
1313 11872 1623 12076
14534 14814 14540 14815
11263 11953 11380 12430
14543 6357 14561 6504
14695 13890 14711 14159
947 9995 1025 10412
12673 8987 12811 9006
3892 12836 4194 12927
14839 14424 14840 14656
13121 3935 13135 4759
1078 12145 1090 12163
13182 12492 13257 12667
1076 14800 1632 14802
12623 8269 12683 8367
9775 14758 9921 14766
14792 6555 14809 6559
10716 12473 10722 12654
344 14808 2517 14809
10569 12137 10591 12872
12348 14649 12456 14685
14760 13557 14763 13866
10385 9644 10454 9828
14018 7792 14143 7918
4924 8245 6189 8321
5262 14665 5262 14738
12726 6467 12766 6937
14771 14201 14778 14235
4138 12132 4192 12450
1416 13216 3967 13267
14782 12596 14790 13105
13384 10704 13390 12153
11278 8250 11982 8278
11839 13348 11845 13365
13245 12248 13265 12368
14491 13255 14492 13395
14717 7123 14747 7193
2045 13011 3828 13013
14614 13442 14628 13538
7193 13931 7227 14029
14842 14184 14844 14524
7699 14487 7761 14524
13850 3135 13864 3552
10338 13959 11369 13963
14689 1030 14764 1086
13805 9772 13808 11672
2673 14808 4366 14808
9383 14784 11719 14785
6358 1218 6486 1231
12371 10846 12502 10899
8853 14792 10704 14792
697 6831 714 7696
1582 14819 2532 14819
14401 13224 14415 13274
14842 7627 14842 7707
4929 13382 7396 13395
9519 13691 11009 13694
11857 13595 11927 13818
10421 14530 10552 14540
5025 8534 6105 8536
3883 13590 4014 13652
14437 14089 14531 14090
7388 893 7436 1054
12730 3545 12753 6152
2665 14566 2859 14571
2074 3749 2209 3780
11727 14306 12532 14315
3513 14729 4823 14739
14168 6722 14181 7166
9963 14801 11438 14803
14749 13839 14758 14290
14832 7751 14832 11194
13290 14254 13300 14315
6423 13650 6602 13691
7200 12644 7433 12716
10573 14549 11046 14549
14841 14319 14841 14497
11044 9783 11181 9855
7224 8482 7250 8542
1647 13270 3509 13270
9638 14745 9677 14776
14719 3502 14723 3683
12375 11320 12376 11352
7134 14793 10439 14794
8980 14313 9084 14331
10632 11741 10638 12483
2684 14817 3630 14827
4826 14757 4882 14786
10426 10767 10702 10829
6443 14790 6574 14790
1664 14578 2327 14596
7855 14813 7993 14821
6689 14611 6705 14629
13635 8192 13661 8692
5373 14403 5427 14537
466 8064 547 8095
14785 9765 14786 11035
665 11545 698 11816
650 14803 1272 14804
13807 7821 13826 8513
3313 245 3577 305
10866 10703 11250 10764
14782 14740 14784 14749
14809 14499 14809 14515
7870 14001 8004 14144
9922 13587 9922 13595
13722 4350 13723 6931
2289 14841 2421 14841
764 14823 1282 14823
14835 5967 14836 7549
10734 12961 11022 12972
11866 919 12000 1004
717 6585 744 7508
12377 14643 13663 14643
111 13379 125 14405
