93772 799
74863 62772 79793 81836
20886 31258 35957 57033
49565 47540 67400 82618
23259 75658 36943 92197
57023 32016 80515 43425
92444 24862 92658 41367
45073 12567 58841 27713
74085 382 75140 6240
68401 11801 69550 14792
70484 16103 79629 27712
89912 41594 92190 56471
59725 84352 66080 85872
85780 83410 88385 86271
3184 28880 12210 65117
12998 75379 17871 82965
42887 1608 43457 62807
62104 86891 69913 91068
28780 12141 39537 21729
90922 3986 93092 18593
82080 76646 92726 80931
86769 91363 92535 92827
84612 93658 91171 93747
93611 15353 93760 29165
91860 71345 92748 74732
80941 7780 87703 46375
3102 85564 17256 87438
83396 54571 88091 54970
93236 74062 93419 75921
88377 86480 91671 90030
14404 36701 18167 46336
40742 93092 93640 93189
82587 60691 86357 61733
45369 87953 50927 91995
71116 45969 73274 76733
396 92685 39796 92953
92178 83321 92520 86095
92411 89187 93614 91104
83535 91027 84005 92611
15235 61238 38964 66959
37257 89229 41809 91626
29234 93632 34772 93667
13040 8640 13498 25309
41070 68491 44999 80353
62842 93515 84382 93761
93307 1979 93396 2838
84382 86346 85558 87175
71313 10178 73199 10451
77629 84144 82869 90231
59520 92591 82067 92880
44872 60953 46136 68404
37678 40699 42098 47874
39672 68359 39856 68421
43088 92539 49790 92938
84625 52520 86875 53744
86296 67481 88343 73674
72685 89533 74638 91519
78404 45042 79637 55467
67764 48861 68778 74360
71131 82340 77161 85430
93221 7473 93600 18438
37451 80289 39213 88266
14056 18888 15574 30424
72797 86721 74561 88063
63815 25620 69160 30442
18093 84069 19456 89991
53643 91693 66394 92420
53625 93588 61351 93662
12525 71441 17616 75351
89601 2878 90679 7116
41882 84824 43496 84919
2901 5607 7668 28432
47481 41604 48764 56744
59219 15531 69204 24014
88861 69258 91096 69894
79876 70904 84781 74332
92927 57858 93696 65200
86555 61117 91547 65322
91086 81627 91943 82504
83246 81090 86185 81197
17943 92985 30776 93173
80324 51309 80833 60961
18328 67810 34221 71645
83408 89505 87619 90455
12052 83719 15351 85391
39135 93736 39912 93758
88200 37397 89393 50427
42048 89432 45034 91370
26511 29282 37025 30523
79986 4632 82156 6826
6121 77338 9372 77380
83789 59903 90301 60342
15854 93397 42697 93424
93769 47750 93769 88789
88422 22403 90418 32961
93360 41519 93619 50771
92889 36963 93655 37920
12263 2149 38986 8087
67152 83418 68849 83918
1330 91054 2974 91416
93684 82521 93721 84859
69087 58841 69678 67654
49095 38213 55526 39871
79648 21639 80804 23178
46881 64575 47946 79465
45764 84436 58538 85347
59974 9845 64089 10669
44617 6226 46472 10566
51180 89609 55238 90399
80322 62689 83532 68304
20234 18849 21173 21567
40106 5880 42837 9359
93304 80074 93601 85326
72363 92123 81780 92547
92523 66034 93707 68084
84722 93330 85186 93650
92199 45634 92384 63333
90029 13136 90782 19483
14711 50068 17547 57742
93757 32588 93757 90436
70148 11227 76016 15482
85417 47507 87539 49705
2574 36009 3032 63190
89400 68527 91976 68999
59864 90780 60047 91604
86426 91328 86660 92146
1695 70647 9224 75452
76969 44338 77362 46948
54393 5173 59382 6973
92647 86450 93693 87573
88388 74882 91999 75162
43793 29819 50087 34296
84865 91313 86051 91559
22625 10879 38314 11939
52739 44477 76880 45662
50159 3473 50258 6761
238 67666 12477 67987
85106 63805 85315 73287
47746 79604 48101 84084
83480 55649 85263 57938
92699 93749 92955 93767
10822 88742 15098 90288
46930 86566 72499 86684
70009 87404 71998 89574
88292 10143 90325 11324
44726 28311 57059 29189
13172 93251 83307 93346
44595 81125 45458 82464
54026 616 58754 3025
52814 87280 61185 88485
51882 83554 60971 84294
17998 22788 33075 27853
50982 7429 56485 8183
18435 93478 39567 93581
77907 92909 82117 93031
53988 12038 61060 12315
67748 74742 70878 78282
20831 83182 21778 91642
91828 65833 92139 66355
77737 90659 88400 90805
37407 32337 40106 32758
92437 42311 93213 44859
84604 92494 86412 92543
60698 86174 66855 86444
75894 3234 76039 9227
40688 92459 49213 92471
73346 55537 77371 57829
60347 90288 61465 90711
82207 68747 84143 69688
5763 81232 8973 84662
20657 58876 26416 59541
38638 73230 39134 77040
91339 27333 91687 33560
87137 81499 88299 81690
92187 88241 93342 88662
78581 4339 79022 8813
29993 58924 37114 60580
93608 6153 93608 6497
46153 36259 46712 81236
93328 91413 93642 92292
93668 41825 93747 49470
9993 93760 38345 93764
92927 25489 93119 29064
45958 93769 49056 93769
40411 23976 42001 38968
18038 14264 25492 17541
3778 92234 31443 92592
88140 5503 89198 6134
67509 64314 67685 70669
20416 93582 25008 93680
56210 89956 59106 90113
92575 49431 92868 60967
33521 93587 36424 93593
38233 71886 40217 73155
35374 24843 35514 28767
48798 49927 49324 79187
88391 14937 89886 19813
12206 91770 18895 91780
93454 73696 93697 79279
67987 320 71062 3368
74761 86643 76081 92037
90367 84693 91081 85566
93115 93490 93677 93594
87726 14449 88376 25156
69094 78468 73696 79845
6086 87679 8673 90788
27730 93730 48773 93735
93090 80147 93112 80955
46073 86292 51405 86380
43577 17521 43780 31833
92310 31826 92402 36911
88659 71112 90137 73741
67342 4904 73546 5479
69427 45802 71040 58297
74134 49673 75605 53749
90811 71056 91412 72696
17484 15114 17820 17284
92746 83274 92851 85915
20005 89598 20640 92032
79867 68993 80776 69841
88116 40582 88197 51136
12753 65204 13088 70457
48243 373 49310 10444
81548 49575 84976 51854
12470 34740 14245 46327
84353 91074 85785 91125
93137 93214 93152 93306
3174 70223 3592 70312
20395 71723 25492 74147
32751 60731 40373 61159
93737 58286 93738 58481
82393 92616 84192 92806
91036 21298 91582 22367
45386 41640 45791 59980
39989 85414 43047 88802
89046 55738 89860 58799
91590 71899 91821 73531
93709 64702 93729 74979
1359 68795 12384 68968
86051 93246 91213 93475
83881 2301 85706 6617
20240 76994 20514 89078
42053 93760 50681 93767
65125 8776 66566 8986
66660 91270 67455 91463
995 39121 2559 46241
82903 87352 86720 88302
88662 81502 89892 83175
15426 88526 17501 90183
77093 86561 77487 91948
64858 93769 66019 93770
14559 30777 19224 32772
67541 78927 68242 80713
66909 91992 72352 92199
2684 825 5268 3904
86888 75890 89715 76466
78907 9162 80714 10441
48449 34600 55836 37117
80927 80331 81174 82007
37382 49402 39159 53082
58762 7374 72136 7506
66403 85300 67478 85839
91295 407 91861 3179
53254 82899 60227 83279
66909 92448 68203 92551
5700 89955 5830 90691
1892 25198 2198 30566
93413 27760 93452 30158
88132 52482 89432 52777
93694 93676 93747 93759
84672 81741 87689 83072
53564 85598 54594 86479
66931 3424 73418 3874
6321 93424 8399 93506
88698 90339 91413 90467
16593 22603 31104 22692
78163 91025 80787 91499
74070 66491 74490 76021
93761 15769 93770 23463
76169 45703 76952 53482
92762 91465 93194 92306
93635 88005 93725 90611
82237 83123 82414 83954
50710 93422 59607 93511
91221 93212 91227 93472
70424 58768 70647 72246
93751 74715 93755 77840
76998 93432 83410 93502
88271 34163 89007 36383
91740 88856 92016 88902
8376 93612 12606 93713
93759 57525 93760 59027
93613 30063 93733 32481
93072 48108 93221 55654
89569 33809 90216 41576
91792 58583 91946 60143
73427 71206 73906 73585
93079 92778 93768 92995
80123 43663 80273 59732
4952 80395 7399 80734
82594 2770 82824 7094
35542 26634 35692 27255
93134 83746 93303 85459
4500 88503 5752 89353
51954 91629 59730 91653
3475 83020 5322 84884
48756 83476 55419 83547
26632 73572 33351 75290
81318 74699 81992 76193
70371 90598 70617 91530
69520 28295 72559 30195
74174 64267 74357 66332
88895 54067 89030 56205
62566 3020 66493 7293
22398 78124 22477 90857
39359 56965 41449 60301
586 12894 677 56336
69989 8313 70089 13115
45529 93479 49506 93576
93718 40168 93718 41743
31524 72499 37227 73469
19382 57727 20840 58399
91858 86806 92193 87918
92649 93353 93080 93433
88370 91085 92124 91109
55320 93724 59362 93760
74215 58390 74423 61732
92343 18737 92683 21185
9922 71318 9949 82468
49524 77077 49547 77464
88871 13698 89597 14545
81967 92115 82561 92537
16928 248 17209 1590
7298 91168 10402 91252
93121 70715 93193 74732
88566 67512 89927 67776
33300 58759 33865 58895
76991 10079 77680 12039
93319 21180 93410 24742
45666 92967 68327 93000
93521 53253 93744 55099
18392 39902 20180 49677
14457 83267 18311 83668
84760 83672 85768 84067
27631 12963 27684 16489
240 89042 635 92478
15362 90447 19390 91662
88319 93592 88530 93636
51540 92487 58480 92542
33834 74943 36967 75273
18413 50095 18994 53203
87943 11845 88097 14160
81915 90962 83451 91641
91979 93330 92877 93333
37357 71706 37418 75133
47530 93056 91702 93062
40420 53734 42381 54954
42253 40179 42387 47183
81316 52990 81967 55607
36696 31355 36814 45028
93704 38998 93735 39489
25499 57641 38079 58002
10817 4692 11497 20033
45481 79076 45530 82838
83647 46491 87425 47491
8540 20166 12863 28022
1241 88 2338 7879
4133 93192 11045 93295
72746 29470 73544 30564
93206 77328 93449 77991
93493 55605 93743 55824
49745 86034 52772 86229
70801 91531 71755 91800
49626 42353 51939 44809
86327 551 88224 3193
42293 93604 42740 93726
67482 85526 69653 86550
78064 775 78413 8385
93770 45838 93770 56406
86421 74602 89534 74874
19532 93689 24437 93718
91559 62464 91593 66354
77234 58015 77436 62543
12413 61690 14486 62803
7723 8359 8363 20057
13413 69521 18170 70359
75764 81864 78751 82131
600 84897 5586 84956
92865 84068 93021 85840
68165 31340 73924 31834
57447 74 83994 119
4160 77744 6689 79860
66790 93453 70865 93474
85491 55067 88778 57708
18533 35662 20734 36439
49590 9757 49677 9994
55499 88720 55697 89597
90283 69945 92221 71046
67618 8136 69727 9456
42399 82067 42541 82903
55522 29995 58505 30905
669 69701 752 84761
93763 31842 93763 62957
70256 22821 70353 23643
40729 92817 43011 92886
81961 81845 83845 82075
40606 93752 47596 93755
92462 62480 92784 64972
93234 39620 93265 51806
73655 68559 73968 68723
91862 84707 91969 85466
76481 60022 77068 62233
91049 82874 92683 82980
91787 89350 91835 90236
83724 62221 84949 63374
93569 34446 93728 36245
76369 486 77440 2536
36098 54721 40078 56418
93740 90907 93758 91906
88058 49656 88084 51050
68783 64551 68945 72633
93547 69055 93652 72366
87816 28978 87921 31534
17765 73501 18748 74252
14868 93503 16167 93684
59747 26566 61161 28531
45621 69099 45632 76517
93540 24287 93567 32739
92963 81146 93237 81369
9981 71801 12463 81352
9358 91933 11612 92000
93003 92344 93574 92756
49444 39998 55023 42151
92475 93508 93089 93717
70204 81574 70458 82961
93174 32665 93300 36467
35720 70355 35863 72130
65579 12248 67036 15440
78826 59136 78901 59490
93248 54287 93484 56588
88384 70182 89679 70474
73011 82244 76899 82324
77041 13484 79306 13987
90901 66223 91411 67466
52679 88076 52758 88289
58074 29471 63635 29579
20250 58537 36054 58610
76337 88538 77033 91776
81009 55804 81107 59449
9859 3449 10639 19887
85760 75174 86948 75501
40624 63083 42616 68106
51025 86920 51079 89787
60346 3592 60797 6566
92381 88705 92669 88895
51037 45700 55435 47377
84741 91314 84801 91978
24622 18928 25657 19865
16617 66972 18609 67085
53033 90596 59446 91281
90656 30167 91111 39998
82976 52385 83001 58059
85890 54296 88236 54351
43100 91816 45224 92390
85113 92082 85119 92267
43552 36205 44834 45064
92775 68913 92868 73601
93503 93762 93605 93771
61076 93357 81153 93376
83512 89114 87270 89148
68154 91141 68931 91346
82970 89268 83549 89448
25814 93622 29038 93657
84388 92843 87687 92950
82552 369 85185 1425
7114 93724 19358 93748
92900 54111 92910 56061
88882 84249 89898 86311
73995 46429 75770 47911
3809 65310 6834 65649
43795 93365 45019 93384
35200 179 39439 863
93515 5695 93607 6103
12446 33433 16643 34097
92088 31664 92285 41335
13174 54391 14605 59056
62898 91388 63683 91390
84827 58643 87881 58847
52297 92551 53079 92603
92679 38094 93334 38448
67539 52255 67657 53545
42758 20717 42785 43441
28812 59717 28914 60530
55260 92563 56982 92661
79648 82543 79888 83420
93090 87789 93731 87853
28196 93766 41666 93766
19304 884 41386 1434
88486 93530 91552 93571
70495 86383 72568 86409
43071 86711 44946 86894
15669 24457 16072 24980
68896 49210 69343 53758
72207 89397 72231 90590
91433 72273 91580 72874
75064 31254 75092 31742
65839 495 66080 974
86648 58852 91649 59899
78419 90255 80192 90442
57734 88929 59188 88986
89085 20229 89250 21900
65064 93416 75090 93444
92808 74637 92952 76830
38946 22019 39812 31771
18216 82143 18634 83062
36894 69019 39820 69530
84797 92280 85694 92476
83282 93015 92354 93015
93655 56464 93696 57682
63370 82809 66543 84017
38361 91832 41269 91860
85608 62367 86273 71438
91426 81028 93216 81032
44301 15838 44993 23249
70766 93769 76481 93770
89236 216 90865 623
21391 11175 21522 13145
80283 77751 80903 79093
92848 92541 92960 92546
71096 80874 72261 82335
51195 91580 51416 92342
49524 8620 50813 9424
35474 93032 88912 93037
52169 92931 58772 92946
83234 53537 83338 60357
35641 92418 48665 92451
93602 79282 93662 86002
92885 79174 93223 79394
79856 50361 79936 67260
87130 50659 87712 50923
58646 93197 79541 93246
89986 76171 91516 76434
14058 67399 33517 67572
80839 1310 82082 3427
93737 74139 93741 87207
79731 91556 81102 91559
62 37105 333 51647
92015 24614 92281 29224
73714 29253 78818 31067
56669 33094 56825 41278
76391 3998 77938 5457
12218 93354 20561 93361
93484 40155 93538 41093
91434 23841 93089 24607
41585 18056 42337 19811
93322 68836 93402 73451
1625 91760 10683 91932
20263 51609 20560 56901
83707 64789 84103 65825
93759 68400 93768 74624
40114 92153 40862 92252
87820 86452 88085 88322
9136 93580 13118 93586
89894 81418 90422 83800
40460 73555 40994 81260
81422 79636 81597 80063
4298 92999 8326 93098
77642 49263 77993 51768
54115 93765 55616 93771
87327 75609 91247 75616
93743 67358 93748 77461
18117 78288 19990 80332
85043 73908 89861 74216
81376 47968 81527 52410
91969 88023 92736 88212
87222 65711 90417 66576
91438 93309 91713 93430
59887 89011 61529 89293
36962 22077 37850 29067
19078 73334 19354 74832
93281 88728 93544 88817
17638 8549 21285 8702
88552 90692 90512 90712
92262 93724 93080 93739
91409 24922 91803 26346
79163 91682 82002 92088
81009 69129 81615 70522
80002 83683 81903 83917
19718 28928 24255 30587
93127 93410 93390 93413
86915 51272 89045 52043
92808 46652 92977 47528
62259 93762 72825 93766
56630 93522 59583 93566
55434 8810 57156 9455
50763 93557 53096 93654
91207 84521 91732 85249
74377 77776 74563 78140
93770 73010 93770 74589
69286 69934 70077 73202
93162 26638 93407 31696
92969 3251 93219 3916
93752 55661 93756 70485
49752 84352 52000 84371
73850 54678 75424 54938
93377 87762 93572 87785
16892 59903 28712 60535
93143 86278 93582 86384
88599 82019 88630 82112
60137 43983 64937 44287
46644 87532 50452 87842
84724 64761 84957 69947
51954 30168 52189 32198
46697 92162 50770 92317
93758 87570 93759 90848
92719 88665 93023 88907
92416 50332 92518 60685
52971 29876 53475 33221
40120 76202 40290 77602
86340 3537 87929 6462
91548 83471 92116 84144
88819 7868 90281 9501
44119 82692 44922 86390
59384 89971 60345 90587
92304 3187 92880 3436
80677 76587 80788 77031
60750 24121 67914 24883
91616 60840 91899 65425
37751 71735 37895 78941
83344 47987 84073 49282
93722 3218 93726 5395
82997 84380 85760 85064
46917 6266 47964 10332
862 88068 1078 91219
93049 73128 93077 76712
59748 46892 66632 46962
79656 52331 79671 54382
39211 39215 41253 39896
83565 90464 87624 90472
91240 84131 91456 84457
46066 11385 52821 11587
1305 55044 1740 67386
2603 75573 6377 76663
92610 92663 92826 93079
16969 23140 17287 26837
90582 71093 90802 71696
44124 11409 44344 13778
91779 93474 92474 93720
89407 42036 89730 50423
92355 75441 92762 75460
23042 88506 23199 90029
21428 75364 31252 75643
93612 93313 93718 93358
16317 93676 16898 93707
59683 89295 61344 89459
52095 93663 54523 93664
69176 24115 69208 25545
92255 22001 92708 22596
87836 82302 88640 82435
45318 92111 46487 92141
84034 53407 84488 54403
53080 93702 57993 93720
81407 57226 82092 59305
82398 75189 85368 76002
83784 6749 89001 7728
92752 72360 92757 75364
22930 17548 23430 22038
44127 91466 44348 91531
43891 48371 44522 61010
87823 33045 87959 50144
91593 75709 92598 75845
38355 92351 39855 92375
80816 19807 80842 22349
87821 82662 88058 83010
43492 81147 44517 81188
70138 81186 70140 84418
20030 9293 38032 10141
19140 75673 19876 77203
722 22003 835 65496
90514 24062 90853 25580
14630 63991 15204 64840
20977 76237 22206 77539
47073 93406 73188 93411
72696 85653 72979 85688
93483 68263 93675 68391
75260 59033 75972 60608
92743 45579 92957 46174
6836 91283 13184 91543
90974 1506 91151 3229
57404 7348 58086 8778
93051 40456 93145 41938
86780 81009 87491 81484
92724 81386 92730 81775
93770 92212 93771 93530
73768 81312 73953 81496
13840 9897 14372 18697
2516 93697 6421 93767
81367 81450 86509 81680
41940 93580 41994 93667
22288 79862 22332 84711
85477 74349 85556 75635
49373 42409 49481 55995
86736 86637 87134 89078
93145 19763 93280 20446
68200 92889 74321 92956
45709 79670 45968 82088
70746 59978 70906 61472
26186 73098 26904 73415
90177 85824 91037 86231
39680 9467 41529 12198
70789 85822 72957 86041
60285 2347 61461 2601
91991 68831 92464 68919
27026 93348 34170 93391
90538 36835 90580 36987
81053 78467 81480 78940
47101 93614 49752 93696
61618 88585 61916 89602
93770 79146 93770 85461
36170 38929 36518 52729
264 86162 329 86980
92731 25981 92746 31935
64355 91136 65961 91506
92751 32312 92813 34288
3124 68218 9166 68309
90438 26689 90446 30243
16035 88033 16120 88036
54150 10748 67447 11526
79584 6571 79588 8932
40600 93739 44310 93746
56818 92913 65706 92917
90714 57088 91101 57236
93041 53708 93059 55606
90309 90055 90369 90171
34299 93683 37282 93710
33555 21743 36342 23075
93450 87858 93717 87875
88475 1692 89900 1711
74455 58002 74889 58850
15951 48275 18221 49172
51997 232 53175 5514
87958 74338 91177 74522
18103 11798 19001 12207
71074 86256 75412 86361
3818 66132 9804 66485
22544 81359 22700 83678
86157 86520 87292 86599
93666 6232 93751 8022
2039 66830 10986 67039
77083 49915 77245 54126
70458 5582 73078 6553
90435 60095 90563 60510
79887 90857 81530 90897
88533 22033 89707 22264
70529 91826 73096 91937
69967 18791 70123 21360
88789 83458 89621 83946
88247 93504 89082 93517
19970 8716 24479 8950
79055 58870 79583 61312
71493 1507 73766 3055
4376 67047 10187 67329
92857 92308 92858 92451
83335 82632 83419 82763
79693 14794 80600 19426
807 13342 1270 21871
91308 93667 91593 93730
39309 88054 39386 88578
75190 85740 75880 85800
82638 134 92480 142
60646 82621 64499 82805
48534 62037 48617 62766
93424 87973 93555 88053
71420 90278 72045 91417
82012 76886 82026 77615
84669 88848 85529 88884
197 8514 594 12490
41099 81805 41940 83989
68499 43520 74890 43827
12308 43583 12467 51716
1185 88371 4165 89707
83528 74404 85463 74431
84423 92638 85915 92728
16610 11548 17825 14402
82076 54035 82617 56644
25910 18994 27750 19028
4946 93768 35783 93770
11576 17800 12678 18736
78941 29273 80059 29486
92635 91106 93134 91139
6760 78165 7741 80064
76550 14421 79362 15640
39602 79999 39864 83702
66585 392 66820 1690
915 74871 935 78504
83913 81906 84604 83016
93532 65347 93552 65507
80336 26317 80543 27159
84855 91679 86202 91854
68980 83500 69958 84615
