90 55
55 10 86 38
50 77 66 89
36 84 37 85
38 71 73 74
76 60 83 74
85 8 87 9
0 78 10 78
88 59 89 71
86 84 87 87
31 44 86 47
81 82 83 89
70 76 76 84
25 63 60 65
69 87 73 89
29 35 30 41
16 82 21 87
26 30 48 34
77 79 78 83
13 57 35 61
86 79 87 81
59 51 73 59
87 15 88 49
27 75 48 79
52 1 61 9
61 66 71 66
88 88 89 89
25 81 34 88
52 51 55 53
1 20 23 23
1 56 10 61
3 62 9 72
85 53 86 71
33 6 51 9
77 55 84 56
28 42 69 43
11 73 25 80
74 40 82 41
20 26 21 28
26 11 28 16
7 24 16 28
88 51 88 57
71 86 76 86
47 56 51 58
16 71 22 71
50 12 50 33
34 67 66 67
30 20 48 29
34 13 39 15
15 53 21 53
87 51 87 68
14 85 14 87
67 79 67 80
52 48 86 49
84 2 89 3
7 47 18 48
