100
1 -4943455 1230858
0
1 -3432398 50032
0
1 2862005 -4413090
0
1 -4002797 4963469
0
1 -2892020 -90066
0
1 820577 1400977
0
1 -4032818 -2521767
0
1 -760529 -4062845
0
1 2471732 -4893426
0
1 -1771236 1831278
0
1 3522467 3912734
0
1 2681879 4343035
0
1 -3662559 -3132194
0
1 1140801 -1601123
0
1 2671872 -3732614
0
1 3652558 -3502453
0
1 -2381663 -2361655
0
1 -3722601 2591810
0
1 2161515 -2681879
0
1 -1691180 -2141501
0
1 -740515 1100767
0
1 2511760 3402377
0
1 -4062839 -4333034
0
1 -1961369 4723301
0
1 2251578 900627
0
1 2551788 3422391
0
1 -1821271 1511054
0
1 -1030718 -4553188
0
1 -4553182 -360255
0
1 -3972776 -4763335
0
1 1220857 660459
0
1 -4232958 -1631144
0
1 -610424 -4423097
0
1 990696 -2191536
0
1 -380263 3972776
0
1 -480333 -4753328
0
1 -1571096 3432398
0
1 3112180 -4072852
0
1 -1671166 3822671
0
1 1761235 -2761935
0
1 -200137 2922041
0
1 -4423091 1821271
0
1 -2531768 -2691886
0
1 -1731208 910634
0
1 -3462419 3322321
0
1 3962775 -710500
0
1 800563 4272986
0
1 -50032 -3482439
0
1 1420997 4753322
0
1 380269 3042125
0
1 -2861999 1180823
0
1 -1801257 3072146
0
1 2041431 -3662565
0
1 1320927 3112174
0
1 -4182923 4222951
0
1 -1841285 -2041431
0
1 -2701887 4252972
0
1 -4643245 4252972
0
1 -4583203 2591810
0
1 -3122181 -3162215
0
1 1410990 -1360955
0
1 -3002097 4443105
0
1 -750522 -2371662
0
1 -600417 -1110780
0
1 -3412384 640445
0
1 740521 3772636
0
1 2741921 4823371
0
1 -840585 -320227
0
1 1320927 2281593
0
1 -4873406 3872706
0
1 -3662559 1821271
0
1 3462425 -4463125
0
1 190136 4323021
0
1 2181529 850592
0
1 -2671866 -1701193
0
1 -3252272 -4643251
0
1 -3182223 -1000703
0
1 4753328 1751222
0
1 -2251572 1591110
0
1 3432404 4603217
0
1 4092866 -4092866
0
1 3252278 -4242971
0
1 -2681873 700487
0
1 1961375 -910640
0
1 -560389 -3802663
0
1 -1771236 2191530
0
1 3272292 -1911340
0
1 970682 4383063
0
1 2171522 -4152908
0
1 4493146 -3692586
0
1 1691186 -1020717
0
1 -3882713 2341635
0
1 1350948 -1300913
0
1 4923447 4262979
0
1 -2611824 -2431704
0
1 2501753 1010704
0
1 -140095 -1180829
0
1 2031424 -230164
0
1 -4132888 2912034
0
1 900633 -3842691
0
