100
1 -2611830 110074
0
1 -2741921 -590416
0
1 -3152208 -3662565
0
1 4673266 170116
0
1 -2161515 500347
0
1 1100767 4813364
0
1 320221 -3002103
0
1 360249 2982083
0
1 -4583209 -120087
0
1 -1891326 1200837
0
1 -3392376 1410984
0
1 4883413 -2191536
0
1 4723301 4743315
0
1 4072846 4413084
0
1 2521761 4823371
0
1 -4733314 2411684
0
1 3892720 -780549
0
1 1420991 4202937
0
1 -2391676 4673266
0
1 4022811 -370262
0
1 3482433 4553182
0
1 -2811970 -140101
0
1 -40031 -2061445
0
1 -3232264 -1671172
0
1 -380269 2411684
0
1 3202237 -3992796
0
1 -4012810 1951362
0
1 1921341 4963469
0
1 4523161 -780549
0
1 -2481739 -510360
0
1 -4723307 -3102173
0
1 4753322 -4503153
0
1 -80059 -1731214
0
1 -3312320 1871306
0
1 2771936 -2681879
0
1 540375 3412384
0
1 -1040731 1340935
0
1 -4222957 -510360
0
1 -2101473 -4393076
0
1 -890626 -380269
0
1 340235 -4913440
0
1 1641145 -2021417
0
1 -4042831 3692580
0
1 3442405 -3512460
0
1 2261579 -2791956
0
1 -4232964 4733308
0
1 2221551 -1300913
0
1 1811264 -2381669
0
1 -4503153 620431
0
1 -2041431 -780549
0
1 1521061 -2862005
0
1 2161509 -2041431
0
1 -690486 2962069
0
1 3712594 2401677
0
1 4032818 -4082859
0
1 -2641851 -830584
0
1 -140101 -1501053
0
1 4002797 -3132194
0
1 3442405 -3402383
0
1 -1791256 3062139
0
1 -2121487 3442405
0
1 4132888 3362349
0
1 -4323027 2691880
0
1 2131488 4142895
0
1 430298 4202937
0
1 450312 3582503
0
1 4132888 -2872012
0
1 -2001403 -1721207
0
1 4313014 -3382369
0
1 3062139 100067
0
1 -1531074 -810570
0
1 590410 3752622
0
1 3312314 2171516
0
1 4723301 4523161
0
1 3502447 -2281599
0
1 1471026 -2061445
0
1 4092860 -830584
0
1 4983483 1721201
0
1 -2741921 -1721207
0
1 -2041431 1250872
0
1 -3962775 -1651158
0
1 3472426 -3212250
0
1 -1711200 -4783349
0
1 3692580 3032118
0
1 1290900 -2181529
0
1 4723301 950662
0
1 1451012 -4843391
0
1 290200 -4022817
0
1 -90066 4853392
0
1 -240171 1731208
0
1 -2301613 -2521767
0
1 -2862005 -4563195
0
1 2811964 2751922
0
1 3982783 2141495
0
1 4513154 1390970
0
1 3252272 4563189
0
1 50032 3652552
0
1 2641845 -1370962
0
1 3902727 -4543181
0
1 -4853398 -4903433
0
