100
1 -3912734 590411
0
1 4132894 -1190835
0
1 2371662 2631839
0
1 2972082 -4152907
0
1 -4323021 4663260
0
1 1110780 4383064
0
1 -4252972 -3432403
0
1 2141501 -2531773
0
1 -2421691 -1461024
0
1 -720501 1661160
0
1 -790550 -2902032
0
1 470332 1170817
0
1 4433104 -4773341
0
1 -2711894 3832679
0
1 -1961369 3382364
0
1 -3252272 1571097
0
1 -3792650 750523
0
1 4783349 3612525
0
1 440311 4192931
0
1 4473132 60040
0
1 -3372356 4122882
0
1 -830578 2211545
0
1 4713300 -1681178
0
1 -1671166 4403078
0
1 -1320921 -540380
0
1 1280899 3672567
0
1 680479 -780548
0
1 4633244 -4493145
0
1 -1521061 4002798
0
1 -3642545 -680478
0
1 3352348 4403078
0
1 3862705 -4473131
0
1 3222257 -4272991
0
1 -370256 2621832
0
1 -2912034 -4973481
0
1 -4202937 -4943460
0
1 -4433098 2191531
0
1 3082159 4182924
0
1 2241571 1891321
0
1 -740515 -4222956
0
1 1791256 -1120786
0
1 3862705 -4222956
0
1 2271592 2391671
0
1 -4363049 3502448
0
1 4973482 1691181
0
1 4463125 -4122886
0
1 -1561089 360250
0
1 -4893420 3042126
0
1 -3562489 2521762
0
1 -3942755 -2952067
0
1 4823377 -2041430
0
1 840591 -800562
0
1 4483139 -1270891
0
1 -4583203 3502448
0
1 130094 -2221556
0
1 140101 4453113
0
1 -4703287 3332329
0
1 -2181523 2041426
0
1 3062145 -1290905
0
1 -3952762 -1290905
0
1 -4943455 -20016
0
1 1020717 4112875
0
1 -3332328 4393071
0
1 490346 -590415
0
1 4573202 -2912039
0
1 -2661859 1791251
0
1 3372362 4623232
0
1 -1701187 1430999
0
1 -4693280 -1911339
0
1 3322327 -2261584
0
1 3642551 2371657
0
1 -1611124 -1981388
0
1 -2952062 -2851997
0
1 2561795 4252973
0
1 1501053 3002098
0
1 -380263 -4733313
0
1 -2401677 -4192935
0
1 4483139 -540380
0
1 4503153 -220156
0
1 3582509 -3212249
0
1 4262985 -4333033
0
1 2761935 2401678
0
1 -530368 4433099
0
1 2892026 -3982788
0
1 2681879 3192231
0
1 1150808 2121482
0
1 -3212244 4072847
0
1 -540375 -1100772
0
1 4313020 3002098
0
1 -3012104 -2121486
0
1 3462425 1621132
0
1 -4343035 -2441710
0
1 -700487 3062140
0
1 -1661159 1801258
0
1 -1881313 590411
0
1 -4493140 20012
0
1 -3612524 2862000
0
1 4363055 -1621136
0
1 2932054 4883414
0
1 -3742615 -1210849
0
