100
1 -4182928 -460324
0
1 -4973481 1991391
0
1 4172917 -2972081
0
1 3002098 -2161514
0
1 3312315 -2451717
0
1 3742616 -2541780
0
1 -4112879 -140100
0
1 -4172921 3532469
0
1 330229 570397
0
1 -2001402 510355
0
1 2872007 1420992
0
1 -4333033 -4513159
0
1 -4763334 -180128
0
1 -3842690 -3092165
0
1 -3142200 -4913439
0
1 2671867 -3422396
0
1 -3792655 1200838
0
1 -4653257 -140100
0
1 410285 2912035
0
1 -2151507 2862000
0
1 -450317 -4903432
0
1 4323022 -470331
0
1 -2751927 1390971
0
1 -4082858 -4703292
0
1 -4773341 2902028
0
1 -4192935 -4903432
0
1 -120086 1170817
0
1 3492441 -3752627
0
1 -4463124 -780548
0
1 3062140 -2431703
0
1 -2131493 2651853
0
1 -3042130 4893421
0
1 3772637 -2701892
0
1 -4082858 3022112
0
1 1981384 3742616
0
1 2561790 -450317
0
1 -3072151 2231559
0
1 3932749 -1400982
0
1 4272987 1851293
0
1 -4623236 -590415
0
1 -2902032 -3312319
0
1 4433099 4453113
0
1 -2321626 330229
0
1 -2811969 -2892025
0
1 -4913439 1140796
0
1 490341 4102868
0
1 1671167 -550387
0
1 3142196 440306
0
1 3652553 4683274
0
1 2641846 1230859
0
1 -2661864 3122182
0
1 1300908 -1911339
0
1 -4152907 1260880
0
1 -3862704 -1911339
0
1 4162910 -4693285
0
1 300208 670467
0
1 -1220856 -2071451
0
1 -170121 -260184
0
1 3202238 -3652557
0
1 1611125 4272987
0
1 -4032823 3152203
0
1 -660464 4413085
0
1 4443106 -2761934
0
1 2271587 3862700
0
1 970677 510355
0
1 3722602 -2491745
0
1 4423092 -2411689
0
1 -1521066 -2061444
0
1 -2011409 3282294
0
1 3972777 -100072
0
1 220152 1260880
0
1 2581804 440306
0
1 1330929 1360950
0
1 870607 -1300912
0
1 -440310 -2801962
0
1 3092161 -290205
0
1 4162910 4152903
0
1 -3482438 40026
0
1 4192931 1501048
0
1 -4643250 1701188
0
1 -3122186 -1961374
0
1 4493141 -1551087
0
1 -4303012 -670471
0
1 1711195 -3402382
0
1 -4353047 -4333033
0
1 -1951367 2751923
0
1 -2131493 360250
0
1 2501748 4883414
0
1 -1330933 4663260
0
1 570397 -240170
0
1 1591111 -4282998
0
1 -1931353 3152203
0
1 -3792655 -2241570
0
1 -4643250 -2892025
0
1 -1330933 -1070751
0
1 -4182928 30019
0
1 180124 -4493145
0
1 3442406 -4823376
0
1 -2882018 4443106
0
1 4232959 4072847
0
