100
1 790552 -2361651
0
1 2942057 2391674
0
1 -1631142 -2051434
0
1 -1130792 880617
0
1 2511756 4533172
0
1 3522463 2882017
0
1 -840589 -2441707
0
1 -4052836 -4553184
0
1 -2321625 3902731
0
1 -2942059 -2882015
0
1 -3662563 -3682575
0
1 3542477 -850594
0
1 3202239 -4523163
0
1 -730512 -3472428
0
1 4323023 -60041
0
1 3122183 -2261581
0
1 -2481737 1310918
0
1 -1981387 -1170818
0
1 1981385 -3062141
0
1 -3052136 590414
0
1 900629 -1941357
0
1 2271588 -4232960
0
1 -4293004 80057
0
1 -1000701 -1441007
0
1 -1461023 2431702
0
1 910636 -3452414
0
1 -3672570 240169
0
1 4763331 1420995
0
1 -3972780 -2021413
0
1 -1611128 480337
0
1 -3912738 370260
0
1 300209 4132892
0
1 -2451716 1571100
0
1 2221553 3192234
0
1 -440309 -3612526
0
1 -3722605 4493144
0
1 1230860 2831982
0
1 -4533172 -460321
0
1 -550386 -2942057
0
1 380265 1821275
0
1 -2301611 -120083
0
1 -4483137 -1210846
0
1 3212246 -1080755
0
1 -3742619 1000701
0
1 1611126 1130792
0
1 4963471 3392374
0
1 -590414 2751926
0
1 2841987 4353046
0
1 1601119 930652
0
1 -2892024 -4303009
0
1 -2972080 2882017
0
1 -2541779 -600419
0
1 3192232 -3432400
0
1 -80057 -3142197
0
1 1240867 -4933450
0
1 2671868 210148
0
1 -1771240 -1110776
0
1 3822673 -1130790
0
1 -2051436 -3912736
0
1 2701889 50036
0
1 -1871310 -2701889
0
1 1190832 -660461
0
1 -4072850 -1721203
0
1 1240867 150106
0
1 2031420 -4943457
0
1 2461721 -140097
0
1 -3912738 -3232260
0
1 1831280 -1290902
0
1 2341637 -4142897
0
1 640447 -2771938
0
1 4533170 -1220853
0
1 3602519 -1060741
0
1 -2671870 -60041
0
1 -3292304 1701191
0
1 -330232 2051436
0
1 -2191534 -1360951
0
1 4623233 3152206
0
1 -3912738 2011408
0
1 -1681177 980687
0
1 2101469 -4042827
0
1 -3882717 2021415
0
1 1781245 4473130
0
1 920643 -4963471
0
1 -3542479 -1841287
0
1 4703289 -1811266
0
1 -2471730 -220153
0
1 -2872010 280197
0
1 -1170820 -4012806
0
1 1290902 820575
0
1 1971378 2311618
0
1 -600421 -1370958
0
1 -1190834 -1491042
0
1 1120783 -3292302
0
1 -4573200 4593214
0
1 -2551786 -3012106
0
1 -1400981 900631
0
1 -1 -3712596
0
1 -4443109 -1871308
0
1 2091462 3222255
0
1 40027 -1761231
0
