83 1613 1
21 42 198144
4 30 18313
60 67 597846
64 1 200049
54 35 976463
17 78 953327
51 58 376517
6 67 971820
1 32 794040
38 57 439478
70 9 624352
47 35 23838
3 72 797196
66 65 950422
50 19 482045
72 70 570178
82 18 53032
11 27 135007
62 15 855929
56 2 672151
26 40 546855
79 7 598128
10 72 96485
10 20 280255
27 51 180049
65 61 811159
24 79 377242
0 80 957641
17 79 256755
30 69 289710
56 58 601586
26 61 425334
7 21 192673
3 24 445786
18 81 19452
1 17 362668
53 64 48684
29 39 730114
3 23 17878
39 70 89676
76 50 365125
14 50 911330
39 7 968647
45 15 969336
69 0 272938
29 0 795106
2 74 600875
8 68 198737
64 34 934387
1 40 545312
65 76 803050
58 61 557782
4 8 883781
51 66 30733
24 36 161258
16 59 270619
78 40 853820
73 67 912817
9 64 336510
51 79 256110
66 28 278804
58 17 651315
24 35 877606
36 18 262238
9 45 624463
54 4 506935
35 28 289242
22 10 221540
51 31 814856
66 33 103686
0 23 514715
75 7 336615
33 53 304967
71 75 317768
65 4 265521
66 46 92945
60 77 662233
57 44 817850
10 60 353420
45 31 20422
2 70 590781
69 32 832680
36 67 731131
56 51 523086
30 14 101642
12 17 157461
49 66 19710
23 65 900318
64 22 713390
55 53 565753
82 56 684735
6 74 300207
22 67 547647
7 60 263692
56 34 357923
17 10 233629
6 21 213312
17 61 384848
44 10 460278
51 23 31399
25 55 953653
15 40 720452
42 36 302018
12 3 266591
75 11 288464
30 80 690950
51 68 659947
16 26 211395
53 9 7197
69 6 858184
9 29 224680
41 1 823986
8 41 403133
81 52 364183
78 69 673892
66 36 286228
19 71 574840
45 35 14877
32 8 857
15 19 66927
1 68 845981
21 78 362957
1 12 417531
36 31 600047
66 61 101306
47 40 420628
38 44 159475
44 41 54486
19 61 611387
1 27 164403
12 6 992707
63 49 208504
46 61 656262
21 54 473869
24 7 248291
58 27 833275
68 15 380385
42 41 228410
68 67 368236
66 31 384757
31 40 152622
13 62 760075
8 64 715115
4 49 454518
51 1 121081
69 36 486279
53 13 802656
4 70 176829
33 67 774182
71 31 643258
63 6 532065
30 35 292340
62 70 291597
15 12 618149
81 60 41781
10 42 567475
1 10 278758
10 12 68575
55 54 887988
29 25 914661
37 59 547019
80 73 969798
46 74 151473
67 35 437502
40 46 433293
18 56 447187
51 7 954469
42 70 736457
0 2 874028
3 75 515178
52 44 135654
13 56 710538
10 39 769455
52 43 526707
76 41 573192
63 79 924540
69 33 225685
38 58 568856
53 7 606575
24 43 792228
68 23 981645
36 21 669541
50 62 420844
33 43 775580
8 9 914124
58 63 581049
14 23 205884
1 63 665220
28 80 79157
79 2 216434
60 14 761826
71 72 402218
54 63 70110
43 79 883215
18 53 604943
22 28 854111
61 70 946452
1 26 331467
25 40 226687
48 81 889582
14 41 396753
42 45 758852
22 50 373435
19 35 137880
76 46 524296
47 1 738454
66 0 408548
73 32 902593
43 72 779265
40 77 881734
37 12 888672
0 64 728854
0 70 367001
15 51 42916
8 44 499685
6 37 588118
0 65 298366
31 46 9055
24 66 843221
74 29 273512
54 26 825286
67 25 598410
78 19 595590
22 78 823305
54 36 614431
36 9 490847
2 32 713250
13 16 49777
28 15 862482
62 63 718022
75 72 260822
17 51 425829
19 8 586900
12 50 188901
19 69 936064
31 65 101958
21 11 610697
52 56 128712
27 48 317281
29 45 418925
43 21 836034
55 16 356763
57 11 194512
30 55 124352
58 25 231819
24 39 721824
47 64 572611
56 24 892521
67 57 730237
64 51 539636
80 72 864414
13 42 431465
57 47 87826
23 57 229051
68 79 794284
12 32 933109
22 21 540797
29 43 933271
39 64 764821
78 52 988590
43 77 69273
43 3 919341
75 80 582255
33 14 886911
41 70 140322
41 0 570955
23 11 781759
47 2 192806
62 40 4446
66 37 216121
26 53 446063
64 46 387874
57 24 212513
36 25 245161
77 68 33784
49 68 626782
15 47 962309
4 7 78440
38 78 921558
6 31 139657
42 4 126850
62 69 149710
57 46 384361
11 58 743246
48 39 764464
63 18 6336
18 24 102916
22 41 728674
81 10 524976
78 81 480096
33 24 105227
77 30 585485
39 16 35368
61 25 473211
20 22 855340
75 31 734320
20 63 485237
82 5 66526
6 4 324423
27 5 116837
56 39 739866
32 48 770911
70 46 529087
51 29 285402
50 67 739321
3 31 232414
40 61 559849
31 70 599455
13 18 752296
40 79 670307
63 26 736374
10 0 943630
37 80 136157
7 55 978534
2 5 701845
67 9 909521
28 34 72977
34 51 240634
66 62 433534
37 71 934765
7 38 753990
24 42 631076
79 9 962113
4 20 204086
41 36 840282
32 25 801715
6 77 382290
46 36 342295
42 50 558666
72 27 310138
25 41 415994
57 63 151464
36 65 384462
5 42 685331
11 81 834212
71 73 433501
4 78 913923
68 20 976708
28 77 420731
19 36 872874
18 50 375225
56 50 824343
0 76 786571
26 22 535148
74 70 738818
52 0 260723
7 48 304518
27 61 137868
28 52 322836
44 3 42368
0 38 138288
79 76 986929
26 3 678664
4 36 967785
38 15 456438
63 43 620029
17 54 435412
49 37 996607
52 47 329164
58 72 827877
14 24 818627
14 79 365052
21 66 925666
49 62 34470
25 42 793730
43 59 625733
48 26 999277
9 13 794792
8 23 452843
1 58 894261
53 43 403519
27 2 572017
46 72 262259
59 52 206843
32 10 571436
80 31 193543
14 19 538485
76 48 284977
22 31 837575
60 44 475581
39 77 918075
26 2 4209
80 19 966692
11 56 249954
1 4 304844
60 76 155787
54 11 463212
38 26 88232
15 59 16564
1 35 424244
15 24 11064
10 6 802148
74 54 938603
59 7 629154
50 11 416911
40 50 10368
46 77 578141
66 79 479085
58 79 864158
49 41 893765
26 41 444670
48 13 614560
74 49 767333
73 81 159089
66 16 269155
22 79 718186
47 48 377719
22 15 235862
81 75 922300
22 62 876375
47 16 431356
41 5 56219
19 22 889539
28 79 743437
75 68 437444
45 44 518653
28 2 785328
53 22 362863
44 2 416006
1 55 682011
80 77 988711
56 7 818664
5 72 439892
34 27 268063
31 1 362090
35 11 807428
34 39 745907
36 56 940318
22 69 371192
9 1 315397
42 53 866279
76 25 597059
70 47 773584
9 63 654235
72 59 822157
31 78 487548
50 21 70912
45 1 702443
41 48 985112
61 6 767447
6 33 298769
57 35 507036
20 31 519597
44 36 573811
65 81 647755
3 42 231507
43 51 829059
15 39 406131
5 11 76364
34 63 233616
56 47 916799
43 81 927581
13 54 44626
77 47 268800
38 52 16357
25 48 613947
70 55 394905
9 58 148984
64 26 208992
2 75 396546
11 14 242631
7 66 614033
64 12 474069
81 40 947266
36 7 811338
11 64 997974
9 52 233183
76 67 770723
0 73 610035
68 37 25959
51 78 131244
34 33 264576
56 78 98104
31 24 516394
51 12 158583
59 6 321574
55 36 603485
71 79 511426
75 29 63625
76 63 234856
51 72 711129
56 22 728950
44 14 976500
62 73 103024
72 23 743312
69 75 572738
28 54 776425
41 69 136381
9 76 644915
55 81 868893
75 57 878925
18 44 514981
50 23 331191
36 32 573060
39 22 807896
5 69 470231
32 35 345850
13 10 169021
15 26 858106
24 67 48933
16 57 196470
42 80 425898
61 5 414432
9 12 461098
57 43 5307
15 27 895593
21 33 848391
58 3 342094
32 39 778088
25 1 200228
61 57 48116
19 20 707745
44 59 77231
10 35 597396
29 3 550438
35 74 661786
68 6 527102
59 45 581971
33 72 948791
75 42 179971
14 0 568850
62 54 219254
66 39 448377
59 13 510791
5 51 244709
70 19 458115
14 78 786518
67 1 151341
47 67 439632
5 53 630976
48 22 985049
69 23 822646
22 49 147826
42 30 661556
9 14 672188
77 57 224269
27 20 624750
9 32 681915
32 30 970852
4 66 614587
47 76 694142
52 45 680452
45 13 476071
47 0 564523
73 23 500388
49 54 139593
38 82 15768
4 37 543713
74 15 974858
71 49 21952
10 28 516944
0 17 233080
1 13 514698
61 75 117296
71 69 866085
63 71 608833
1 28 100604
73 5 397257
51 40 8819
6 49 542677
53 74 732688
15 4 404995
47 54 694765
14 13 133134
29 62 481330
77 35 490340
64 30 19321
43 75 883384
46 11 87606
25 81 977048
10 56 173457
40 32 864484
79 31 40830
54 0 77514
13 38 309873
76 12 277289
52 1 32811
49 20 980320
81 63 438544
80 67 403194
60 43 39070
80 2 201644
66 64 39100
24 16 834706
13 31 239358
14 17 259262
27 52 953946
57 1 460521
47 21 913111
33 35 637977
58 55 903198
39 71 821203
68 5 540864
54 81 796293
33 16 662340
52 37 3257
51 33 684038
45 49 809493
7 15 462607
69 18 78527
73 24 9064
40 75 991636
25 69 345588
2 11 720687
78 36 728598
13 81 712263
51 26 491164
19 76 300148
29 24 221716
79 36 932515
56 70 160052
27 78 473702
6 5 357777
18 70 18333
9 55 90780
61 59 959129
47 11 431221
81 7 914383
12 60 147279
33 80 148267
15 76 921592
24 80 540398
8 52 264665
21 67 611841
51 69 122844
34 54 672039
72 53 764134
55 63 115413
43 54 602971
37 15 451514
72 78 363245
8 56 315678
51 50 85745
19 53 664130
76 82 996322
45 0 613661
63 75 830920
22 65 400606
25 0 686717
2 67 487788
34 68 977644
11 26 836611
55 62 855159
59 46 787725
70 54 405434
4 47 931706
32 64 957534
48 6 989552
6 58 882290
81 37 501367
73 39 341263
26 9 688305
20 46 933734
8 74 810502
27 64 840016
42 78 592929
30 25 712978
38 56 360119
12 14 46977
37 64 131049
53 8 702851
25 65 354609
20 76 152808
11 15 431642
8 40 134812
67 30 647135
6 76 471909
18 20 307138
19 47 682271
17 60 627935
57 50 226786
36 5 301257
60 45 221054
42 34 535856
82 36 983
21 10 575254
20 41 109654
12 59 341149
39 65 91486
43 14 528359
67 23 792279
64 77 727771
4 29 764347
22 2 600778
68 16 803803
69 10 247224
58 22 230061
8 59 295884
4 68 721929
53 75 414234
54 57 928535
10 52 695791
11 7 83468
25 3 324951
13 55 889435
68 56 422136
61 9 920285
12 2 441579
27 16 864432
52 4 9670
5 23 37823
27 18 757340
6 40 4533
71 18 286395
64 60 90564
8 3 464022
68 35 48501
9 7 566356
9 48 285260
80 62 143405
77 4 430768
31 34 750694
4 5 956502
12 61 306684
50 48 121313
15 49 237572
44 5 664599
55 22 989651
0 35 248428
12 80 77438
77 10 908576
75 23 190083
35 76 228234
60 48 590157
12 35 888415
26 24 552173
19 38 407296
63 73 486552
0 49 302965
74 19 37149
3 65 297552
78 50 134267
69 7 180366
74 24 109548
17 39 206438
58 34 199267
32 57 970439
64 81 633693
15 32 377067
81 74 102589
50 52 792485
15 34 70321
24 78 108699
25 13 3761
61 49 352180
18 21 83312
1 20 744149
71 65 777502
40 66 591555
19 79 129045
79 67 759116
64 42 883660
23 1 806383
17 43 622184
38 36 200548
54 73 582121
25 54 264643
4 32 309943
0 42 80375
45 64 264820
3 20 118041
72 82 779405
55 41 125271
79 30 690864
77 0 881979
81 72 78655
27 14 240637
73 66 748234
64 78 271106
11 10 904865
11 28 90806
5 77 815864
0 13 259282
61 3 820007
40 21 378179
28 76 757606
18 46 976358
39 63 966503
67 40 296026
37 58 198561
56 35 193223
70 63 215697
37 34 201500
57 27 903487
53 47 618578
59 68 820611
80 53 340361
41 47 765153
51 14 706989
19 63 784012
42 79 547649
34 52 382940
34 46 659809
47 20 430908
15 82 386178
52 51 927899
72 14 297562
50 25 856274
61 38 289840
29 11 119925
21 0 313575
37 56 814650
68 48 742209
37 23 894475
66 74 493075
20 17 970371
27 24 855915
11 53 503980
65 44 757149
29 82 189626
19 21 864997
64 15 331933
45 36 399853
65 10 714393
10 66 390301
78 8 749961
78 3 818784
69 35 808243
22 5 8451
12 33 532697
58 14 260376
14 42 593488
69 17 270070
5 32 793953
61 54 633631
4 41 916782
12 39 942044
59 48 781061
34 78 206795
23 27 460312
2 18 638310
74 37 526388
28 6 138740
50 44 691245
67 66 951803
29 2 879420
3 70 708414
75 1 288512
4 25 494902
59 31 156712
64 36 860673
20 43 447630
28 60 279290
29 23 735359
15 60 642127
18 49 976375
41 64 100914
33 3 712752
65 37 585458
18 66 352763
65 19 470320
73 42 124939
32 38 384800
25 31 89680
13 49 466215
67 49 483197
58 60 779579
28 32 952164
67 32 448391
80 64 325924
65 58 492094
72 17 257895
42 61 401918
53 66 228405
52 82 344396
38 55 338715
40 64 32870
43 13 229482
73 65 943666
71 43 513285
68 22 192462
50 7 464875
60 62 610762
66 43 576542
70 59 341162
52 3 883929
63 65 664730
81 77 91030
52 58 261574
77 66 961890
42 35 708519
2 65 460608
41 45 319512
36 47 143723
50 30 471407
64 31 499564
44 40 703978
39 42 176330
46 27 354007
51 77 746802
70 44 700461
74 7 260062
49 11 140893
0 32 471381
1 49 38123
74 9 94747
16 45 379833
58 75 943916
58 46 707723
56 6 307758
14 1 219439
71 16 881893
27 10 621229
78 66 194159
8 45 225615
29 63 247391
79 20 758763
23 79 224684
3 74 788279
9 46 975242
3 38 2932
29 10 61252
56 9 976659
66 34 696465
68 44 384601
50 36 810327
80 76 194166
82 24 128194
29 35 686792
4 51 85139
70 69 344318
46 47 292009
51 48 327096
74 5 929704
55 31 775599
22 12 365629
29 77 663788
41 61 198338
42 49 949557
39 28 833779
71 30 941647
82 23 48128
12 40 151720
53 58 756039
47 28 781879
48 15 819054
50 65 544339
46 82 974636
81 71 853246
21 49 179731
28 7 449151
59 80 159128
8 47 446742
2 81 492813
31 82 798066
26 36 292005
13 39 789671
67 17 934728
51 60 483129
34 22 601756
75 6 630230
49 8 914363
36 27 682308
26 8 569115
16 56 145407
43 35 583759
19 5 231418
57 41 689885
9 16 601434
20 11 637408
31 81 772727
16 12 565567
38 8 612446
60 6 988373
48 30 235745
62 79 549143
81 49 780176
40 82 730448
60 21 725435
26 69 762558
69 73 283576
39 33 717632
65 46 286418
3 54 21938
76 4 977245
5 10 985445
26 49 857956
77 59 6347
44 39 56430
6 25 284686
60 74 215375
61 68 238590
48 82 159787
73 38 654616
12 57 599059
75 18 993304
52 22 825805
34 29 123523
2 72 422846
77 16 632073
32 24 878156
78 30 984251
71 29 996752
39 45 763064
17 38 62077
68 25 670764
21 55 571377
48 44 49416
81 45 973298
74 71 36449
55 64 123660
40 36 818165
9 34 49935
45 21 25890
51 76 809808
61 74 815077
57 30 296835
68 30 760941
38 14 968366
11 66 40518
53 73 964089
14 48 438122
17 36 39517
65 43 925194
23 59 222638
44 21 30058
5 30 699297
3 21 689830
13 40 790606
50 39 147347
7 72 233135
40 14 426154
61 15 528151
13 23 681296
26 37 174757
71 68 569346
67 43 977944
75 82 322051
45 76 713013
6 66 445255
5 52 628524
33 46 154805
73 34 995044
12 38 96894
6 70 676621
82 2 546168
69 29 205228
11 71 80950
53 49 574599
45 79 105385
18 65 401789
61 30 812323
0 71 939874
25 60 446759
10 14 611130
75 39 254418
79 16 791417
56 43 99277
39 23 513092
44 43 535145
45 65 725266
72 21 188648
41 23 980713
1 46 36034
62 3 505223
9 82 395263
66 12 717849
42 55 943486
46 56 216132
27 30 473823
23 43 589618
77 26 913553
31 21 737080
42 32 946016
36 58 505478
14 37 686118
3 49 868500
74 47 815596
37 39 107676
25 21 597869
33 78 497056
38 28 555
75 54 375480
37 30 82403
33 59 972998
68 50 497620
82 7 958240
66 42 104258
61 63 101590
39 21 606411
66 41 356614
57 3 30760
33 70 3371
24 55 554225
75 30 242937
43 47 817779
76 72 542140
52 72 918298
13 17 254104
72 49 651625
76 16 352203
79 13 869971
53 20 927734
62 35 403695
49 65 607211
80 15 415590
31 52 796331
20 58 153094
80 70 548925
17 55 559654
6 81 597327
34 45 279933
74 26 427237
44 15 910460
11 79 557413
62 25 224303
28 19 6345
24 12 536563
5 8 118048
41 74 204855
25 38 484127
48 23 873133
7 43 346611
33 22 189175
67 16 355660
61 45 729705
29 81 200704
18 29 355276
45 2 363538
48 57 879715
5 67 706294
40 19 475597
13 46 905053
37 48 319563
77 33 22631
25 70 966985
9 57 75574
40 7 653417
75 14 579889
76 10 556745
52 55 979330
6 78 251257
65 74 377085
82 27 638795
79 34 299776
16 78 246952
2 63 766387
4 35 779040
19 33 749120
34 35 338305
8 71 730915
0 31 343741
34 38 194460
62 65 641677
59 1 240845
44 47 340994
79 82 896017
62 61 793339
3 82 317031
71 40 747537
56 67 35637
34 71 514938
58 5 898054
21 46 974410
71 54 116732
70 38 90680
8 14 86011
24 0 399019
11 0 958003
45 28 496355
13 72 383840
15 33 846991
63 77 895472
35 80 977213
40 16 466213
53 52 444115
81 70 495805
6 34 543461
65 60 271420
42 20 464455
18 34 13312
32 23 727599
60 38 811958
36 61 830780
68 58 345805
5 39 745810
18 47 933584
66 60 218189
38 18 66831
4 13 688292
37 36 142530
0 78 230614
52 33 445752
69 56 853320
1 81 292835
22 29 628254
7 14 651737
21 20 437080
77 52 525140
16 48 178664
62 11 207270
5 16 252569
15 21 617556
71 35 646294
3 1 134740
60 50 74256
8 24 475721
75 55 793220
11 24 366027
78 12 40387
79 78 215732
50 72 307264
14 71 238869
29 42 683651
56 75 386843
35 16 228275
28 0 782908
42 38 920982
8 48 746623
75 5 656408
8 13 724746
0 7 404297
23 63 505525
72 63 530917
29 37 72026
61 37 66661
23 36 113464
33 68 926684
81 17 443952
17 45 254990
29 16 874237
41 51 150321
10 45 103012
65 77 542075
0 48 317383
26 67 22616
38 65 536890
61 72 288577
54 14 907948
62 4 78973
6 64 865595
76 22 797709
59 26 816334
24 70 487279
12 77 583461
12 20 199434
20 30 650576
13 27 412354
3 4 834077
56 41 711371
82 51 996982
61 21 171985
68 81 569598
6 62 261223
61 43 25168
15 9 854188
39 53 867175
14 66 717036
52 2 866687
61 50 487979
62 23 840140
76 55 669844
37 73 949756
31 35 442211
4 39 523333
52 69 174723
24 51 522243
79 55 646306
46 69 341551
16 6 848114
80 14 815654
5 78 128179
40 3 147174
40 80 383581
46 7 537163
23 49 434427
22 43 669059
57 8 858416
58 77 809304
54 76 399118
49 5 850456
14 70 428633
33 30 815526
0 62 818847
51 74 506852
28 75 61080
36 81 26186
18 76 81997
12 63 560295
10 57 283149
22 54 801301
44 26 166230
25 77 999230
19 51 369545
5 62 162917
32 77 476149
14 31 686692
37 20 132793
61 32 630288
77 45 3612
45 30 491926
24 47 389498
65 53 838046
18 61 808572
36 29 517056
11 45 488301
51 8 698197
26 28 885986
18 68 163627
27 79 519712
9 44 553419
73 52 454794
14 74 89725
62 10 351949
0 27 186890
17 2 123639
4 67 138355
40 42 852404
72 19 362954
22 16 431988
77 3 772318
81 51 442655
72 8 267180
70 8 773642
79 74 72347
29 54 744845
59 74 65153
14 59 949489
50 28 539919
49 64 790433
10 4 345358
49 38 561264
19 42 366916
77 24 780267
64 56 825509
12 47 322447
58 15 398402
82 59 226208
16 73 110208
46 78 754492
57 31 431859
26 5 233927
33 49 101570
43 4 104391
5 33 56380
7 58 181185
31 68 679523
65 67 479207
17 82 521676
27 81 872479
77 67 708259
5 46 155709
47 6 428689
53 76 965434
79 81 351300
23 15 946361
35 61 915449
60 49 440154
38 10 976573
28 29 348300
36 68 568059
8 65 150263
48 52 734946
19 67 147106
43 8 681461
28 73 521384
24 68 338594
31 27 365912
20 67 660006
2 53 107364
54 30 780989
16 37 550950
74 73 490967
76 38 237800
51 6 588748
73 57 168030
72 65 492582
52 6 626008
79 39 85284
66 69 325633
57 0 636333
18 39 420132
63 56 513113
30 59 53409
30 34 958118
75 16 226903
8 75 751764
4 60 761223
57 2 547558
64 63 453558
21 37 130233
81 58 408309
40 33 266601
45 23 30423
10 3 643099
51 32 980853
63 35 469036
12 73 884985
57 14 805681
17 42 540887
45 63 281408
68 38 357309
1 33 281959
51 10 18259
60 18 499277
34 20 141358
62 9 920994
41 40 539809
3 50 925495
40 63 693988
77 42 299584
54 23 649184
34 65 528232
50 38 111424
15 36 471093
62 19 197930
67 62 513112
34 17 764354
39 80 738876
46 51 926346
31 32 474825
2 21 316463
17 77 802833
38 33 361827
32 52 31354
71 76 356760
53 50 293467
59 39 692846
34 32 483021
61 60 452780
52 42 715826
32 17 301906
53 71 979281
60 57 12582
22 44 974796
45 48 20929
74 10 331533
69 82 702191
20 9 142558
6 41 589184
81 19 617563
82 35 463194
48 18 353599
34 23 790874
71 52 627010
59 9 876253
76 77 382002
29 33 456448
6 3 596822
53 3 828225
53 41 239469
57 29 371618
60 59 139973
58 76 760246
81 3 366123
60 33 795030
2 19 293552
48 3 157453
4 27 484768
74 43 977934
23 78 234854
74 57 217523
12 11 270150
68 17 801651
31 54 979190
34 25 900956
78 74 107103
19 3 204908
60 55 303976
10 48 111711
42 56 765536
63 78 825198
76 5 362665
5 81 481236
45 46 15033
1 24 106658
59 28 973360
1 79 691461
66 57 700999
78 43 503604
49 55 26244
14 25 125575
26 79 30074
68 73 284920
56 77 419422
19 16 365649
5 38 391924
72 11 655043
23 80 575268
26 75 857353
34 47 94600
3 0 631121
46 37 223882
3 64 277781
82 26 580452
47 29 556358
27 70 774807
72 32 700713
3 56 503650
22 73 296923
24 81 632746
56 74 409888
26 56 38853
6 8 511707
40 9 87291
35 53 640571
3 79 601157
26 80 26929
23 53 80251
80 58 719228
47 45 293924
54 8 813281
76 36 908206
35 64 352084
4 28 599190
49 31 427690
34 82 429389
47 5 486157
31 38 284679
25 8 627868
29 49 481371
24 6 851364
18 80 61205
41 37 789019
14 46 74319
28 62 516195
7 29 405727
19 17 700400
43 18 668862
63 30 455836
52 21 535745
57 4 48109
15 77 506831
63 41 731387
30 28 632424
37 72 882390
49 70 992138
13 52 972268
5 20 249205
66 2 95908
37 82 195220
57 39 940803
40 38 788841
27 80 34725
78 59 857453
18 1 771785
41 29 582564
22 4 560343
14 63 995086
20 81 726909
40 10 896237
9 11 301493
49 12 197059
79 52 505229
19 25 559588
44 54 362530
29 40 708037
50 49 523203
9 6 854508
49 32 162340
1 15 847437
59 5 641621
32 82 707393
57 59 809142
65 1 982499
59 54 630375
54 12 961477
28 74 126177
60 20 475098
59 53 863488
24 10 626200
36 1 313960
42 6 982543
35 2 486493
65 12 519995
4 14 724068
6 73 338305
68 14 597480
57 81 430683
71 44 855485
81 34 932167
78 10 316639
41 68 899630
3 27 762299
54 72 681460
55 20 458044
36 28 368372
68 19 777679
65 7 313928
43 62 266454
20 39 141062
80 71 275818
12 43 66153
65 24 851654
0 4 339142
22 18 336442
16 63 395780
1 50 137923
58 41 721578
75 36 527012
32 16 191349
50 9 983823
43 11 61570
49 46 354426
82 58 280934
36 22 316701
38 47 13312
35 48 727681
31 15 542731
40 17 782924
79 48 132482
4 9 22555
60 34 771151
11 80 270598
76 43 687139
66 55 975146
79 50 20961
79 77 679770
79 33 248150
57 25 466612
78 37 644389
24 44 652976
3 55 987680
19 65 36

