80 2979 2
72 2 44011
38 68 467238
70 73 933275
26 38 680962
14 15 161080
68 3 219860
12 22 157466
72 51 815512
72 35 87671
25 78 654685
14 2 637342
38 40 526243
6 76 341466
20 43 118248
3 14 44073
69 19 254204
57 23 522021
59 46 352100
66 23 845592
79 41 455550
6 42 930043
1 6 771769
3 24 732448
65 13 199100
25 58 190543
5 6 141800
17 77 972429
70 10 471985
28 26 889468
58 64 52139
23 79 590849
30 39 925599
18 10 259393
47 73 729023
75 65 843608
48 8 715675
18 40 764654
65 36 876667
5 59 44342
19 8 324867
27 48 132331
10 33 516122
44 72 763542
20 46 377254
8 29 467804
41 12 841635
37 60 433810
77 79 394292
40 7 503299
21 33 97363
50 71 372139
70 43 839539
24 21 178688
9 4 899204
61 51 706926
29 3 194207
17 72 783503
70 11 119904
71 13 526226
36 78 629141
2 33 612684
14 25 403269
5 4 75093
42 52 101559
20 18 275118
10 16 922224
48 34 102025
19 31 364539
63 15 159842
5 51 493654
53 41 118916
41 65 862223
9 8 147947
56 68 620295
9 76 42656
64 27 500020
21 14 43076
40 63 510114
22 48 277076
35 57 122097
79 65 103186
14 56 775633
22 3 322693
58 50 842615
61 66 317105
36 22 667615
5 22 455912
49 39 944973
76 66 588856
28 21 814044
47 19 906077
33 75 828771
19 39 108631
43 16 515577
46 45 620054
10 35 733836
71 42 592185
25 37 499635
62 15 106489
55 17 157414
23 54 512589
62 44 811668
30 57 951679
21 15 385927
8 36 41248
74 2 42756
41 33 845248
24 35 175524
38 17 908235
32 78 989890
6 4 888106
49 21 332835
24 77 640109
2 16 565349
45 54 249319
58 49 198165
21 2 319503
61 38 554148
0 75 410436
0 58 908742
70 67 742307
73 62 267075
61 70 228827
54 41 794611
35 27 934957
23 13 491727
57 58 153775
29 66 924215
79 69 504000
40 60 758213
63 31 25301
44 78 415296
48 29 507886
63 50 708237
57 5 183435
24 30 643035
70 77 209152
43 39 857114
45 77 892558
22 40 187491
64 5 193949
8 65 405369
30 5 522558
40 27 983392
77 57 363703
19 27 583158
67 29 379819
22 29 546682
9 64 255880
52 12 291619
67 22 775804
26 37 406433
60 69 797021
1 45 303377
57 50 785976
41 72 997464
24 36 712727
74 24 667593
22 11 545044
45 59 922920
13 51 317799
39 63 541593
6 70 360398
4 41 745994
78 22 865628
52 51 167575
31 67 91191
58 41 38359
2 67 537655
27 4 411761
23 6 956064
9 61 213725
1 5 83670
1 47 535375
31 15 287547
69 70 873152
20 7 215184
51 25 215250
27 32 814519
28 15 529844
53 3 771172
19 14 331603
61 6 226071
14 37 79948
10 56 603463
60 47 102752
38 31 126441
38 72 858842
11 24 166326
17 32 729703
47 12 634798
73 42 231888
14 46 462856
66 45 252180
46 43 553419
28 57 318800
31 39 622607
60 74 233514
61 26 74321
36 12 348581
9 79 254567
73 55 746765
18 56 739405
49 15 785045
26 27 258302
17 11 817376
16 4 374590
66 70 944500
48 32 203564
43 53 169628
18 1 105920
78 26 376030
15 38 999694
22 0 481354
8 41 171858
37 68 463042
32 52 742909
54 26 945992
50 49 240323
70 32 143244
18 72 922421
63 60 732689
51 28 261105
30 61 73335
58 22 785388
2 60 324736
17 8 454910
7 17 251180
49 1 608694
78 72 439440
58 52 635964
52 1 364953
34 43 758442
67 18 120423
67 38 425817
13 56 489661
57 11 278765
15 30 986499
30 63 804466
79 67 279672
22 18 636365
21 67 717083
75 29 401614
79 50 71748
25 5 464247
5 33 965184
46 26 754426
46 38 683484
24 29 72572
9 58 270184
54 14 349549
36 64 63461
16 34 772971
8 32 18607
40 50 669475
4 63 718922
26 45 712949
40 3 988848
68 6 644927
10 45 364575
56 25 617599
30 25 911201
33 64 369136
10 8 274312
67 52 802573
30 56 692510
23 31 871464
55 40 882685
79 3 496048
8 62 809121
11 46 204375
9 75 78379
78 50 185761
26 47 498175
0 35 949370
28 22 190670
56 75 527050
68 0 24862
70 52 854863
43 55 994276
36 9 682660
37 9 521899
1 41 206701
24 71 829283
70 29 800154
2 10 606245
70 39 757149
43 4 862794
37 67 252477
31 10 321526
57 8 263836
75 39 701928
79 22 124033
16 70 432895
69 62 17175
69 43 812947
55 63 51048
51 46 855798
66 9 939912
75 48 14044
46 63 60383
35 22 115669
20 40 944288
77 32 550088
62 61 531425
8 73 836357
55 11 343779
67 61 668161
3 58 607352
30 48 91904
27 16 935640
50 25 431607
52 31 343898
3 10 544553
44 77 934438
79 71 670224
23 76 967714
9 34 387580
18 65 133547
52 19 827100
69 53 660539
74 29 26854
58 62 599734
38 28 301643
51 11 450923
24 59 714268
15 51 370601
19 21 396111
77 4 129154
65 43 738601
29 19 564209
46 72 516449
3 4 261521
77 30 92426
18 69 936623
7 60 479335
58 78 998611
77 47 393771
5 74 85049
56 36 973802
13 20 616862
52 9 236171
75 24 934300
66 42 581716
76 74 721324
41 75 442942
26 19 471082
65 31 912127
13 52 366408
8 66 500760
77 14 949899
62 46 925919
74 16 893033
54 36 60768
12 27 690574
35 15 693328
44 60 536129
16 76 935414
2 52 416133
56 27 898815
29 72 935465
10 34 563995
8 6 255896
4 60 919382
16 15 464136
45 56 186058
54 34 458842
66 79 905379
56 64 650182
30 46 590963
6 39 46142
2 64 304329
39 78 418617
33 0 377526
57 1 916172
0 31 100436
74 61 214742
47 36 669992
7 22 369056
59 6 669640
0 27 709441
54 30 797550
37 69 119234
6 16 138943
4 46 285999
7 66 227365
75 47 374316
34 65 791696
44 48 958561
78 53 197055
2 54 738853
1 51 135364
45 63 783005
47 15 294823
69 13 838934
57 63 595319
75 14 617839
50 11 438795
68 77 703239
44 73 793322
59 66 739652
64 69 942326
39 44 815786
38 19 364291
41 48 549751
26 41 794184
65 6 966823
61 33 180718
26 1 296826
29 30 795274
12 30 566657
30 18 141256
1 43 251059
43 7 917386
46 33 505598
58 73 272359
6 7 65294
49 65 220087
69 36 609684
79 33 945994
3 11 242492
32 36 571180
7 30 390589
38 78 121608
7 54 916189
63 29 298887
27 14 751331
31 71 763044
1 33 374621
4 18 355026
56 2 136717
20 32 786282
9 0 938122
59 22 123473
3 57 514212
26 8 251224
67 5 84576
35 2 838861
62 53 306302
32 75 169541
43 75 794029
29 11 959831
74 25 809199
37 48 755290
17 26 270894
56 41 755498
30 36 615396
69 50 438511
7 14 333313
55 61 339761
53 28 735283
50 4 763139
48 56 449710
28 17 886687
4 58 146234
60 31 593783
31 69 845543
7 47 693946
12 55 481664
74 43 976119
56 44 354008
20 27 834659
72 3 103030
59 20 110049
3 76 354388
48 18 56013
37 71 738473
66 32 554207
51 20 561079
12 77 836521
33 35 797535
67 71 30298
68 52 399813
1 35 79415
48 76 365287
75 68 266477
24 45 13446
25 71 241165
19 60 274852
65 67 91069
55 27 457223
63 41 759430
51 22 721029
49 47 357864
44 40 969305
52 26 923678
4 39 706099
19 11 383147
11 44 687328
71 55 465568
31 57 614715
54 25 362537
44 28 93493
55 78 914946
42 19 672873
66 20 482843
29 6 76743
20 29 360274
39 76 748443
60 0 717317
12 5 298637
56 21 772372
20 4 320081
69 35 172518
33 45 248597
66 73 314563
67 47 386946
79 72 391575
47 10 325063
56 24 721968
12 18 734403
24 52 497830
42 29 740655
31 29 699188
72 16 763494
6 49 134479
76 44 518467
12 67 913360
78 21 606631
2 63 311525
56 60 798568
76 11 656314
42 57 658359
16 64 450618
8 69 299414
42 64 852300
54 70 353942
15 23 46747
42 68 254322
59 21 704934
26 69 19287
43 51 878835
67 35 540473
24 15 378331
18 16 999260
2 15 65112
10 4 701111
53 5 795326
60 68 930379
36 61 219917
69 51 535015
45 6 940422
21 17 632612
60 53 720342
73 22 269030
27 28 470636
18 76 501582
68 54 644958
12 70 727548
79 75 888454
25 67 16058
63 69 354737
20 55 330344
34 62 129565
16 25 188693
75 25 556161
27 67 101991
25 65 490880
19 61 639113
37 32 742014
60 11 748918
78 63 536904
11 38 700927
33 53 643415
13 22 730463
63 0 794045
16 53 644951
64 48 485830
58 32 350685
43 33 527730
61 20 824090
1 37 231690
23 32 620786
34 50 201207
12 44 779588
62 49 846232
35 3 403446
24 28 392878
71 54 370245
72 30 751200
36 46 31993
47 11 567273
19 4 779862
67 13 815441
65 23 70411
54 75 55100
14 0 710111
38 70 437333
42 26 395463
45 68 730726
56 72 749500
39 26 843427
54 47 708681
42 49 758442
76 79 42370
41 25 356038
71 9 476454
57 76 952596
39 59 445375
67 26 526528
65 69 101208
31 32 64133
21 18 493918
48 3 706489
15 3 266080
17 48 851162
15 10 547554
77 65 461768
56 42 496000
20 19 475276
18 59 786308
10 29 377092
78 54 243244
68 62 833205
24 10 70820
4 35 38623
4 0 317309
63 38 853324
41 66 265841
21 29 121272
61 52 721728
50 1 124063
58 61 61176
50 18 206218
45 44 642482
65 42 776178
62 24 886265
29 15 653173
50 47 573768
16 19 798811
43 63 253136
42 54 826934
46 29 767213
1 36 210253
68 16 980047
14 24 392036
57 37 344559
13 33 591775
67 55 274663
27 44 352380
69 73 136345
12 60 790084
60 9 450009
19 30 366728
3 41 196779
5 20 35630
12 59 710964
60 21 300638
57 56 596264
44 25 70154
59 72 974397
17 60 808847
52 7 533049
65 78 456655
71 56 692466
8 20 214485
11 28 759060
19 77 784586
43 59 487669
62 1 86932
74 79 397548
71 63 751755
4 24 245961
71 14 548622
21 36 54688
70 2 420195
44 14 914101
8 53 226189
30 53 213542
24 6 759604
45 9 495426
12 78 385611
53 40 408582
56 43 499008
25 40 568463
22 75 3011
15 26 855877
57 59 519962
16 59 617106
42 23 667452
31 5 291362
75 63 867442
68 28 166945
13 68 195844
20 44 677747
4 42 867421
1 77 594660
0 38 29479
31 56 899132
61 57 305574
39 9 747939
2 53 988847
3 44 456840
23 0 904226
64 31 121789
13 34 129465
51 19 477573
68 7 85728
61 12 25562
21 61 151157
51 7 277707
72 45 231583
17 16 252671
0 62 977282
73 0 359392
22 76 398006
76 29 778835
46 73 692969
47 40 826821
55 35 767058
22 26 106691
29 7 861858
39 1 796236
65 74 500778
5 56 768765
15 1 564697
74 71 523090
48 66 741202
49 68 775655
6 56 159144
55 28 550883
28 56 798951
65 21 520824
30 49 280362
65 15 728503
74 48 805436
59 41 193966
17 79 286543
40 0 646002
20 14 677408
59 58 171817
75 26 100883
8 0 356812
77 26 408920
76 20 152560
14 63 575017
72 4 787
72 14 752898
26 21 960000
5 16 127120
68 24 151945
56 53 37512
23 60 441054
30 41 987487
7 10 164347
44 9 89951
21 55 621753
65 22 399852
71 58 632976
72 77 246816
17 59 616914
43 38 692362
30 6 790734
48 15 913129
77 55 606491
58 10 773416
72 58 404573
36 40 793833
58 33 902670
71 62 536900
55 66 836652
10 30 735405
79 49 565812
4 2 988420
52 57 335812
73 3 904263
45 29 333513
50 48 81015
30 69 163005
72 31 313227
2 73 537019
67 28 34577
49 12 988432
73 26 889804
19 75 259214
2 9 817164
24 51 456347
53 32 403171
8 56 899492
50 70 225591
38 5 691508
5 13 613060
75 34 122150
2 23 194337
3 30 193060
32 2 86314
58 23 21773
20 24 304600
74 37 771553
79 19 993224
49 19 840899
29 39 20843
23 33 304504
63 23 569305
57 25 479228
62 52 613055
78 56 258838
18 46 691475
3 67 681346
33 24 366912
50 31 25112
39 2 593752
33 31 141562
40 9 866519
13 24 463833
15 77 726739
72 20 450504
50 39 927833
75 17 543598
7 23 959207
23 20 597836
23 3 113950
37 72 140972
12 11 547363
39 57 117640
34 51 219360
13 39 175682
36 2 182080
46 79 629491
65 57 982122
3 33 385584
37 51 489593
35 52 478894
74 54 315655
24 78 526379
21 69 838536
0 32 420316
27 31 280400
21 20 723256
52 36 233333
56 55 271802
44 10 13477
7 27 808575
28 42 584736
59 23 269945
59 14 409408
66 49 577013
47 42 693045
7 69 527121
38 75 58231
26 14 847874
25 36 900685
27 42 966444
27 17 531579
77 74 214480
57 51 226812
58 6 585523
79 21 326752
32 67 699182
39 54 948669
45 2 399638
45 43 344653
0 70 673335
56 19 632795
79 64 812242
71 52 836268
45 71 19161
77 41 914563
7 32 822758
21 54 439069
66 72 55337
12 74 978342
41 49 539926
37 52 830608
15 76 443215
51 76 132889
58 35 235344
47 21 516091
3 47 785691
50 67 491013
72 73 681099
66 2 43488
33 8 353908
43 19 889160
52 78 719008
74 52 725358
64 45 718867
45 70 433985
31 14 251899
62 5 679752
62 45 920366
40 1 548602
39 28 185072
77 40 132828
37 34 104763
74 46 84457
52 30 622579
60 30 677287
41 68 304530
41 5 583972
10 41 5077
1 3 529276
65 9 884110
75 18 291896
71 1 180556
3 32 225742
28 73 735788
34 11 875759
22 38 352230
75 60 119006
78 35 324619
19 24 735311
74 78 492731
75 31 234914
35 6 702620
2 26 945196
53 68 409129
45 40 185124
0 55 112003
6 78 245229
59 48 248825
22 45 434038
10 57 672536
0 28 210344
27 62 901121
21 1 701845
9 24 573489
13 40 573940
64 7 867578
29 32 196376
38 62 155432
33 9 682597
60 76 773270
75 69 910876
42 61 601192
74 7 928899
63 34 315501
74 23 692395
58 27 556712
28 45 150753
52 66 367910
23 12 469408
13 19 311809
1 68 647319
32 50 29118
62 21 583896
43 64 958425
43 60 296271
78 75 455031
35 73 810065
11 40 400318
67 76 788899
7 49 950020
72 25 54545
44 15 886538
74 45 731776
33 57 593122
60 79 129775
54 52 266709
61 10 788337
63 20 27995
10 66 867297
47 35 399792
33 34 485350
78 14 298179
27 5 935296
32 16 499708
70 17 57812
73 27 548170
1 38 603773
74 22 645243
30 4 818286
9 74 126293
43 10 984525
49 16 859474
67 6 290203
64 73 38336
49 5 378547
54 64 932443
46 44 272142
64 78 471311
27 72 454631
0 71 277741
5 58 266964
43 9 555208
25 29 801480
53 47 416344
62 33 855762
78 4 920058
7 5 622512
39 0 755382
46 76 828517
59 49 60573
23 36 847008
25 39 63094
15 11 947532
50 74 904401
18 53 956027
13 26 281665
75 71 163217
26 33 299228
40 48 315091
11 37 886778
42 39 229309
40 76 37388
6 75 862006
73 52 9082
77 37 649076
61 3 401439
75 74 355679
55 6 274965
44 37 891531
53 4 873284
31 45 853407
53 71 686580
32 12 366203
19 76 497778
63 53 941649
32 9 179587
8 37 881853
30 66 977880
7 13 478820
60 73 869136
34 12 70369
28 25 571483
33 6 245540
79 0 178406
29 4 597083
10 37 835381
27 37 107626
36 10 433002
74 58 363609
0 77 731502
56 63 533709
15 56 16331
42 76 751346
55 53 48224
42 5 920712
10 69 308283
78 23 291595
42 53 468539
32 73 784361
53 67 624225
30 55 921384
43 61 202123
6 9 933277
34 60 856463
57 0 729417
38 41 458790
77 34 291922
11 56 842408
10 76 391879
73 12 719639
55 52 967310
42 13 201107
60 58 401258
23 40 89122
45 51 942632
72 28 33666
24 54 908612
26 35 185721
62 43 616449
72 69 323912
4 7 988999
74 17 96862
56 79 432791
74 11 696878
29 58 686248
75 51 773648
54 9 9956
18 54 791529
12 76 58799
14 9 894739
9 42 710447
68 58 759067
39 3 509609
29 65 436283
0 76 392012
14 74 641835
24 58 831913
64 6 128496
20 49 786251
40 68 467698
28 1 725583
56 7 100761
1 30 334217
54 29 225324
45 23 897625
3 26 525057
7 2 874577
1 64 530530
43 18 445060
35 12 962516
24 12 799139
40 12 819524
73 17 94174
51 79 717058
15 39 317121
65 1 406662
75 16 72675
50 16 50558
38 54 148066
49 14 681635
36 43 97602
2 37 397034
64 28 50815
58 69 118407
73 36 965119
1 32 468933
77 25 701538
14 35 782530
62 75 296493
73 9 162607
48 73 388055
14 29 226390
32 25 219470
58 44 798852
47 4 621927
57 54 488987
59 27 531358
66 21 829386
42 40 250094
53 64 751500
4 31 551660
61 29 369517
72 64 72158
29 77 173904
17 1 71669
57 16 678790
43 67 557096
65 60 709351
32 51 641336
27 69 662873
43 21 623237
69 59 817574
69 40 990726
4 28 436868
30 42 380244
68 44 141768
20 1 833615
73 19 973940
24 27 872692
17 40 688708
21 9 724221
4 48 654620
61 41 10727
38 16 807623
7 9 104686
4 51 645792
19 40 372241
68 8 211744
18 64 195173
52 14 421491
7 16 341382
49 64 200529
61 35 93020
55 24 125658
33 71 229939
11 39 520031
53 49 460439
50 46 461455
48 65 316269
7 70 793945
68 17 603531
42 15 257605
28 76 106490
73 59 569364
79 44 260994
64 13 590884
49 73 854303
19 15 545319
69 11 833124
36 34 411713
6 3 380334
54 65 131354
62 23 635553
23 21 776031
39 5 620935
59 63 763631
0 66 807493
70 24 164859
65 26 248568
11 61 689581
15 12 423370
73 54 988825
43 31 90345
22 71 810039
76 69 408056
8 13 160536
6 72 766716
8 77 773499
30 11 53723
55 37 695752
36 17 194459
48 53 484610
65 46 760031
63 49 518846
79 12 441120
13 2 742630
24 76 537787
61 53 994293
5 23 930143
31 40 988877
12 3 494282
62 70 181770
67 8 841493
11 66 591220
57 24 227659
60 27 47929
31 20 307994
40 6 897699
2 50 891998
30 23 779656
1 69 105896
40 2 352331
72 22 689415
41 37 259488
52 40 160764
33 56 882011
26 36 554445
54 56 76952
30 50 766654
54 61 494011
28 14 227743
42 38 532275
20 73 749582
30 65 191326
34 26 209661
47 65 751917
46 69 48249
22 53 462851
46 27 368356
52 23 948280
41 76 17453
5 78 337575
63 18 492338
30 58 721353
11 26 990798
4 17 531804
43 42 968014
41 6 253829
45 21 616259
34 41 318931
25 35 738615
67 15 339510
51 50 353841
4 34 540211
73 50 879338
48 43 25601
77 31 33389
34 29 226859
42 17 546968
54 58 998635
67 57 666701
79 10 150808
33 63 343347
39 67 505621
44 61 324235
26 0 922550
40 59 233549
43 77 652570
63 67 913798
58 67 49961
54 32 466379
69 67 713168
76 72 359926
71 15 237975
6 48 139725
19 28 7806
16 0 964676
47 48 217490
73 18 351528
48 11 43071
63 70 127100
6 31 536979
79 58 541558
6 71 450666
6 60 837158
0 64 593969
20 10 194827
5 44 225532
51 42 646748
78 42 591886
18 78 278671
20 57 618149
3 49 546486
12 71 43292
63 36 685384
18 2 636188
8 30 982185
74 55 505637
68 36 724926
69 44 753008
29 26 142754
59 67 620573
35 51 299291
70 19 889683
24 37 477977
39 22 643336
65 66 873433
58 47 750958
75 3 630094
40 26 560699
25 76 102723
42 0 979667
32 41 970561
61 25 883473
57 49 144140
42 10 462433
47 23 999147
28 5 373000
24 43 778760
75 8 799580
40 64 480485
44 70 600704
29 38 978743
64 12 157892
10 13 602090
72 50 397251
54 33 651546
49 23 169920
49 61 785987
23 34 794234
54 12 156133
61 71 747741
68 39 353430
66 69 688788
69 38 56514
26 32 7502
69 47 807069
69 12 371309
37 15 826673
37 65 110354
3 42 526021
24 7 205453
71 8 909684
71 70 889304
60 26 529701
67 33 310367
57 71 447910
13 61 23132
53 9 107320
26 62 451294
57 73 174455
12 43 935608
51 29 751546
25 3 32936
44 63 497272
5 76 547375
36 60 744035
61 48 405946
68 31 320527
71 39 847406
22 41 296320
57 75 81388
47 72 401528
66 13 604975
72 1 318032
37 61 691584
74 42 83082
70 64 730742
13 62 649208
35 53 60089
32 79 279308
6 15 319802
59 26 239346
11 4 102925
50 55 881561
43 57 426860
3 63 53112
47 45 850187
57 40 928659
31 16 305324
11 67 305688
30 34 627704
21 8 722530
18 14 695967
43 41 724746
51 16 267263
28 31 72458
5 75 59742
65 71 979835
2 62 603626
66 34 705152
60 51 424989
48 79 389603
60 16 327165
77 58 219236
14 6 531634
54 27 854665
2 5 11824
63 5 72455
25 64 305705
1 59 699252
4 59 768249
74 62 224546
42 20 825358
5 71 641729
5 19 656585
16 63 318368
21 0 972478
40 49 53205
34 25 343656
18 47 331996
31 49 735644
53 38 849659
7 57 112213
66 27 569059
12 6 334312
50 22 82708
62 31 866499
24 34 891733
46 23 519831
66 36 137528
38 30 141844
14 41 778550
32 43 155413
47 76 763258
8 46 301902
17 3 949625
22 68 726029
14 10 968679
79 55 988635
39 10 435154
16 78 134383
0 17 617630
26 64 295238
16 39 994073
44 18 11809
32 28 618713
11 68 337681
33 51 970930
23 61 347796
17 78 509477
56 9 270255
19 46 861093
50 36 908548
66 37 846881
22 8 319983
38 47 910234
68 63 840667
27 36 876467
6 62 325106
51 66 126804
41 20 897491
70 23 251311
67 48 981865
12 17 577682
29 40 45192
42 60 789414
35 8 686556
1 42 973738
56 40 385699
3 37 932248
8 43 864066
57 12 356197
51 44 371582
49 36 309139
29 55 722035
34 73 946544
52 48 78949
9 78 121583
22 47 554809
25 22 532874
58 42 377817
34 45 60338
0 19 932933
2 57 991266
23 25 124423
41 7 897797
26 31 838083
73 41 805426
56 59 814700
43 50 794075
32 40 411612
13 55 383358
15 27 518669
23 37 356379
49 25 283074
45 37 753165
69 33 959081
75 40 378541
17 35 229377
2 48 567197
67 72 94894
70 33 621672
28 3 621766
65 3 468176
62 7 236722
34 46 421470
11 73 516208
55 49 397080
36 38 421566
73 10 305572
38 34 995493
2 38 405759
30 31 305945
9 46 43055
48 58 590814
15 75 151199
59 34 161510
38 65 708376
24 32 431524
37 33 710679
46 78 915217
10 48 272334
74 18 433610
10 78 372458
19 37 832376
25 4 343886
20 30 654898
17 49 326708
67 0 558400
63 12 692800
54 48 709672
31 51 578748
28 60 895140
25 69 600485
6 34 925465
16 8 399838
70 42 695580
14 50 993749
55 18 300423
47 29 700557
4 75 215767
54 67 449293
62 18 32686
19 10 87818
56 65 830410
77 3 147703
63 76 757446
29 60 962688
57 29 65349
50 52 552571
26 51 265897
20 26 777086
28 7 211910
11 58 399304
37 56 805325
74 64 890896
6 18 373923
57 26 319813
71 48 962549
12 46 420539
27 76 374291
75 37 587668
42 31 957735
76 58 542449
5 21 375879
54 16 239623
66 58 746775
71 36 978139
44 0 107365
57 6 161128
54 28 627945
0 46 764648
17 51 48706
79 4 179064
70 53 160191
10 75 376686
32 34 325173
17 65 16742
22 34 221456
64 32 789035
59 71 503702
28 46 956082
47 5 282648
7 1 853185
24 65 504094
49 32 342957
30 40 906969
58 46 329706
26 12 150836
8 70 672574
61 72 241190
12 38 329667
42 59 261880
70 28 790399
53 36 456256
5 15 194307
9 55 478238
70 48 434558
68 30 51000
68 15 281490
37 64 151852
13 46 957704
32 74 455417
56 49 22896
3 60 779758
13 48 214163
12 62 886919
42 50 777681
52 46 126858
0 30 619536
31 78 607987
77 52 321261
54 76 738672
39 73 133398
55 15 433808
21 32 499286
58 7 485860
61 22 937754
37 43 991551
5 48 72703
73 7 488466
55 48 583656
44 55 928370
3 31 604632
39 77 583933
72 36 894206
50 19 119413
59 55 314029
31 66 125377
68 72 353628
1 27 570228
23 14 233064
49 71 98229
40 34 734134
66 16 388295
34 31 859588
1 29 188121
52 53 611678
42 63 82230
54 4 46855
17 45 358056
38 37 718159
44 66 310661
57 64 582235
21 30 44493
53 73 83117
47 56 249290
57 48 806967
61 34 907182
56 3 248139
8 12 990245
66 14 831367
74 30 445608
17 50 367327
21 27 902775
19 59 690310
27 38 550761
60 78 81019
8 74 913036
9 27 150939
28 74 972286
29 28 606595
42 55 951926
41 36 373463
25 8 839706
34 14 787545
36 58 620754
1 31 683238
77 50 464831
40 71 811614
50 27 877159
12 33 408037
29 17 73622
54 20 158973
22 52 241927
47 70 998899
40 24 616688
37 62 427031
4 49 762051
13 79 936876
38 13 286292
36 15 413975
61 16 774379
76 78 572401
71 38 34785
55 22 519435
45 11 907954
10 51 669716
33 40 693212
21 77 712346
59 3 545839
58 2 972972
2 44 785352
75 7 787017
38 4 450426
62 11 471980
76 32 617315
0 5 213696
79 36 911350
45 13 865393
40 43 861183
24 22 396255
44 67 550641
58 21 350296
37 31 94583
69 34 339809
60 66 436731
36 16 711011
17 56 2124
38 49 563329
2 11 889028
21 50 294396
39 58 65895
28 47 213608
23 26 746732
59 32 383256
24 50 91925
69 71 881152
12 16 708296
13 44 414557
53 50 859627
52 64 940223
13 0 545637
78 79 303481
31 25 118515
73 67 818424
7 3 715070
13 77 504555
72 75 572296
76 65 743305
69 15 388046
11 32 198669
76 77 137969
34 78 105445
7 26 576672
75 13 317061
53 76 918895
51 56 177238
37 0 248058
69 49 582331
63 26 242481
75 35 686708
12 7 184302
32 15 411709
11 9 773712
77 28 892056
70 40 462211
3 19 601320
18 17 609979
42 46 324312
11 42 710304
38 64 177324
62 79 812197
25 66 127243
67 74 954050
56 32 620149
64 23 20423
64 50 434753
50 10 386844
27 77 363252
43 52 183939
19 9 421562
0 36 308050
72 48 660980
14 69 463870
61 68 45214
8 72 95007
21 57 346557
24 18 123499
48 33 551994
16 40 737052
59 53 245761
13 6 65950
60 13 294228
67 56 606800
68 48 661568
61 32 275450
8 51 978364
28 48 228805
7 67 136625
49 10 948365
57 41 152995
2 51 497164
8 61 745154
17 6 489777
27 41 786193
62 36 717451
37 7 692991
73 29 641287
59 74 675750
35 7 992931
55 45 740862
42 75 469878
59 77 323339
22 69 825407
18 68 937220
71 73 876006
28 69 353702
47 55 760960
35 54 314332
28 52 163312
10 26 374115
56 4 177232
20 9 516725
75 59 330369
36 44 605011
52 0 69058
46 21 149608
65 16 223996
38 76 896213
43 76 615435
63 27 120271
49 22 692105
25 2 603150
15 18 31021
22 44 285786
41 21 439097
45 41 564721
71 46 985591
8 27 107107
35 34 118618
14 13 539829
79 57 703608
61 76 73799
33 50 811636
6 66 773258
78 37 81277
45 15 260798
19 53 624127
66 64 987421
46 39 640544
0 65 376016
44 21 668743
41 11 900717
40 72 351043
54 53 18390
70 27 878845
30 78 758564
11 43 111429
73 61 927899
36 18 282668
6 0 413819
47 64 843546
44 1 171976
51 74 496525
15 57 503389
52 75 130709
52 49 485348
44 47 781672
3 55 335261
37 39 507669
47 51 416798
52 16 47402
1 22 918377
58 37 598845
20 22 697545
59 10 243877
76 1 798259
24 64 903930
54 1 615678
70 1 940924
59 31 131999
59 61 273464
62 48 450166
51 55 318955
52 21 727992
27 13 739816
40 62 635671
19 78 983180
2 68 15334
27 78 161777
15 53 659494
27 61 877955
48 16 656110
70 30 354323
24 1 583368
21 12 399411
19 1 422323
28 6 457306
4 68 771638
74 41 689709
59 38 497609
22 77 929310
26 74 855284
65 27 289444
2 31 224862
77 36 272672
10 63 119998
16 41 803955
58 19 7058
37 4 609270
76 17 738150
17 15 927588
25 12 843521
55 64 201256
12 39 686611
58 38 948605
77 61 658374
45 39 651230
79 25 691829
31 13 169156
78 59 109752
19 64 260998
64 35 42802
16 33 505791
32 5 244597
66 46 856241
15 60 789879
65 45 171109
18 38 552045
17 64 751426
36 42 644465
26 53 222216
2 61 198023
7 34 680095
75 53 458519
24 25 535504
66 74 11273
6 20 893720
25 15 750110
66 57 461908
72 15 632020
38 14 748167
63 66 905057
20 52 82557
63 28 948932
38 57 814051
18 45 799691
27 75 762168
16 55 658192
47 17 244817
5 45 889199
17 5 81683
64 22 707101
62 59 642296
26 48 792402
76 59 72955
54 11 106827
74 21 467592
23 67 862449
26 79 687530
70 37 419417
15 8 528358
43 14 27652
24 67 131979
23 75 807561
50 26 667412
35 11 528430
12 1 149812
53 65 9662
33 73 820776
9 48 847910
65 62 797929
47 14 168885
14 57 126882
17 67 839731
4 61 990840
26 5 182298
79 30 760642
3 45 320776
74 6 486172
61 75 790077
16 21 352476
25 55 909594
29 18 355931
23 56 344184
73 4 409165
46 35 673835
14 36 506809
16 28 693749
66 75 542466
55 32 332487
3 20 947281
47 71 932034
5 79 64492
3 34 108056
38 51 491136
39 66 84601
9 59 723567
45 61 196589
3 51 694148
47 43 887677
24 63 863839
36 35 886633
58 45 541662
23 17 684219
50 61 582702
20 67 943448
56 38 844044
44 52 402368
13 57 767229
21 39 989958
45 38 694007
76 21 422102
35 9 878013
48 38 599577
12 53 538052
16 14 863164
62 78 53314
26 56 497286
29 62 914461
42 7 397214
56 12 732512
36 19 873640
62 25 253936
2 42 105064
62 63 878038
26 30 729695
73 65 588013
54 49 414365
0 41 773128
15 34 332146
14 76 599230
11 75 236523
5 35 524541
74 13 990139
21 31 224256
53 20 866320
9 72 703800
39 34 65170
2 55 360918
16 24 814802
66 15 777893
53 66 395503
64 59 319981
9 49 226951
38 73 575463
5 70 931388
33 60 82257
14 62 498947
64 60 601136
23 4 154146
58 17 584157
5 11 966471
51 30 770179
53 24 759769
33 39 927351
41 28 463251
8 45 422112
38 25 244752
17 37 317038
76 36 587588
19 66 699291
33 47 502871
16 56 70055
60 18 431638
55 1 298154
68 73 455986
22 21 664258
37 59 773273
60 20 96720
68 74 621777
35 62 304202
44 7 746241
71 19 722396
11 78 151502
15 33 208508
79 39 35464
72 32 178666
29 23 171073
19 7 934384
4 36 569823
27 30 553693
18 42 908235
38 21 635536
20 74 208753
41 46 746434
6 2 354446
7 0 250358
79 15 228976
63 52 618946
59 0 276709
36 75 722941
70 59 79222
51 49 749023
8 47 740635
65 14 157103
0 43 192112
3 36 906329
1 14 307538
29 68 398191
79 35 902862
37 30 663019
63 73 342123
59 15 351808
39 38 81988
44 57 571518
78 57 725493
43 27 114690
31 47 640431
52 60 285184
58 55 519879
30 16 330203
49 46 68026
38 3 870983
57 53 372611
25 11 198089
19 65 787207
50 29 723432
68 55 938326
46 25 978689
79 37 925728
36 31 360974
50 9 523920
18 13 616827
71 21 768016
16 26 69680
67 30 583044
28 58 341620
25 7 90302
19 72 757971
19 68 697842
66 3 55125
18 9 353014
31 8 152400
9 10 45809
27 53 229420
43 66 876916
56 73 870561
25 68 654755
49 24 608124
35 60 147982
39 74 877422
2 17 159013
26 68 897539
69 52 904153
17 14 183504
53 23 126419
33 55 998386
14 40 66865
32 22 656368
24 42 511381
55 26 349345
69 42 332397
72 33 920387
64 4 144207
37 29 373520
37 47 937284
31 24 806422
72 49 393647
7 53 216640
77 9 669527
34 44 417758
34 53 936749
47 30 421281
71 51 306917
32 47 834513
19 25 904588
40 54 793515
35 70 995217
69 61 531348
70 51 745518
14 45 114100
12 28 124461
50 20 476961
21 35 509383
57 4 992101
11 72 939042
25 70 475805
40 74 694427
73 40 990625
0 54 990941
62 9 531459
46 37 997848
33 22 34334
54 79 487870
50 35 843063
41 23 911333
70 65 500963
12 20 135227
66 50 121696
60 46 6830
36 13 785179
76 7 450565
44 41 364027
9 41 84953
15 41 12055
63 74 72761
54 63 585631
58 26 103401
50 65 480813
58 16 858485
18 19 369840
1 25 109975
64 65 72503
4 14 973735
72 65 802612
53 29 56799
9 5 992635
44 49 555159
19 23 139646
79 73 679990
76 31 13426
18 0 19170
56 77 195350
68 10 430087
34 8 289406
72 12 765664
53 44 670750
28 59 592896
0 34 999999
14 73 179102
22 42 73052
39 64 547828
46 40 706229
30 2 262225
15 40 748132
23 16 774681
60 57 685794
35 71 683809
62 51 439375
54 10 972048
2 79 29340
50 56 15438
2 34 105147
62 76 292687
77 63 978467
42 14 425921
6 11 373146
51 64 338568
77 62 523526
72 63 585115
59 47 905504
37 22 175731
17 20 154866
51 59 651839
18 51 744844
8 23 821525
75 73 89440
50 23 799496
33 4 194219
8 42 321991
25 6 854252
55 75 927833
32 65 904372
55 41 982137
32 69 638103
20 68 907080
45 4 209049
55 69 499612
77 42 95391
22 54 402765
45 48 770508
72 5 817470
46 67 987274
76 64 758670
9 31 582551
39 60 814272
69 78 339295
72 34 666117
64 14 701424
39 27 138575
12 66 356512
6 22 886263
48 20 353327
45 52 841474
38 44 416789
4 69 589551
68 43 474401
18 57 407718
43 15 519085
42 79 714582
66 35 657892
64 44 506674
23 28 42143
79 8 743596
66 67 65853
66 5 239696
5 3 784523
11 65 896227
53 51 442191
13 16 629526
44 35 231314
31 55 164202
37 42 885179
35 30 533340
18 79 824895
9 25 800263
32 33 43929
12 19 177653
53 6 110294
26 70 774681
32 60 437356
11 10 417166
9 30 96534
52 15 117598
3 70 984779
77 73 498961
17 62 662486
25 59 11443
7 48 492147
63 25 529868
76 55 997052
3 18 536795
16 20 669302
31 79 80615
45 20 880345
28 40 992763
60 71 392986
13 17 24583
4 1 16189
17 66 359429
25 17 105954
3 21 584944
18 71 574723
66 22 304146
34 76 126186
13 21 152324
49 67 390103
7 61 122315
77 23 854374
46 5 47053
71 43 883994
59 33 425597
36 5 201080
78 8 731347
17 41 796528
59 8 43493
51 12 365055
12 48 813629
12 2 923055
65 40 871872
41 35 114123
35 63 183027
59 60 472105
28 62 27001
27 71 212937
77 10 81520
62 39 989739
55 36 43009
56 22 383180
11 77 990261
71 10 96521
39 51 265734
35 43 308416
62 57 396780
33 44 306578
68 59 929957
3 43 321561
1 9 708346
57 27 854333
11 7 90345
69 39 255499
71 64 819650
60 62 351702
77 67 527016
19 57 802561
79 53 399181
3 54 501446
24 0 492123
46 54 367668
48 1 955683
16 46 887649
21 68 990755
77 38 979613
10 22 4863
10 60 810648
60 70 122590
20 78 67798
49 28 2079
54 59 156254
66 4 221531
79 34 707708
53 45 653650
60 41 761822
7 39 376584
12 0 42802
12 13 224324
6 51 719178
42 35 813672
26 6 55332
27 68 938358
11 79 49845
0 49 473206
63 51 633124
58 1 798450
65 68 685394
50 44 724666
43 54 603279
77 20 826086
34 55 923358
72 57 500326
13 50 386736
70 57 704112
0 10 668173
20 2 376540
7 38 376281
0 48 467325
60 22 796427
58 56 578975
42 21 939570
25 42 260087
21 53 132496
34 70 348342
17 61 446710
25 48 483089
47 20 110548
0 47 348032
17 43 323972
26 72 912321
29 56 531898
47 68 347014
30 62 894071
47 2 861671
67 16 601770
78 45 45837
61 15 687018
58 70 56908
32 30 412097
73 37 222516
46 15 306126
52 25 875799
24 48 847122
66 71 848193
22 27 210356
29 0 538449
23 27 682703
76 70 369672
33 28 974774
44 29 707661
10 72 277468
26 43 712561
54 5 116889
19 33 437553
32 35 798010
20 58 770673
17 34 416704
67 10 640499
68 79 443756
18 49 587234
67 40 95947
50 0 600168
25 26 571987
77 48 352266
0 78 326090
10 65 869669
62 32 192472
35 40 578613
79 38 408506
35 65 414815
78 41 662029
78 73 537921
8 55 128018
28 66 853844
5 65 693377
14 55 402181
32 14 446175
61 47 974154
72 71 176005
39 8 901372
47 62 386653
65 20 643324
34 5 132857
10 1 783646
61 31 231233
58 40 75065
28 30 714995
15 54 40805
59 7 250080
54 13 516906
2 41 1858
13 25 344728
20 79 399764
70 68 294431
62 55 433933
46 53 756200
62 41 550563
77 54 876014
45 32 189654
49 77 963156
41 51 780645
77 78 493293
11 36 904437
10 64 837445
35 23 302544
8 1 887906
58 53 202001
62 22 700988
5 10 720778
51 58 2139
15 13 657782
12 4 711464
18 32 388765
18 34 634443
79 28 400050
75 77 445027
20 0 890047
15 20 145385
43 29 689798
1 73 747917
17 9 462581
11 20 146317
50 75 211842
70 20 794842
33 30 891554
70 72 530723
59 30 217731
60 67 926397
39 56 492489
36 6 588274
4 21 77769
4 40 397308
76 35 540849
5 37 24531
62 66 100513
78 51 518061
52 3 546050
53 74 598547
78 48 524768
36 7 308577
52 10 276438
54 17 874357
32 42 237275
52 38 38126
15 73 822007
20 75 608340
7 15 927576
11 63 220752
11 0 529690
60 8 536273
0 56 115811
21 40 702019
10 6 264473
58 8 881566
46 10 531754
5 14 463029
24 79 914366
52 39 197981
27 29 622189
76 73 958738
9 47 562037
70 75 748719
79 63 662668
70 18 45352
56 62 928823
72 23 208476
36 29 963301
22 46 991446
16 11 473683
69 6 146283
3 78 122410
55 60 716185
64 77 990556
48 49 909890
20 71 17885
64 68 816567
19 41 128221
61 60 620209
18 7 108895
70 13 223952
76 33 179351
44 24 969659
2 49 929601
7 46 636817
37 54 590245
34 21 664950
60 1 957159
14 39 123566
1 56 988018
37 18 231019
33 77 18530
47 79 435964
61 46 71856
55 23 946947
35 28 823732
45 75 873601
68 23 529935
54 55 25875
35 31 167044
25 10 235786
18 27 905665
28 20 157625
9 28 433038
52 47 168098
35 37 128318
21 75 175835
32 57 332311
39 24 892058
1 46 255545
12 58 838750
77 71 203925
69 2 903830
0 15 715688
6 19 88959
73 43 895441
64 3 976797
71 68 878136
9 51 912626
15 74 561086
63 9 447694
27 34 337670
27 79 724929
38 32 184482
42 62 239481
49 33 519540
34 68 23617
4 55 971329
76 45 398151
67 68 887397
52 17 820763
60 72 330893
28 37 689814
41 70 933431
21 25 205471
29 49 78999
63 13 985172
27 74 28591
11 23 321786
6 47 993676
47 63 982972
6 32 838944
58 31 321009
23 44 133006
45 19 944789
17 22 948347
78 15 176182
45 67 737353
76 4 706596
12 37 493831
55 65 658029
16 45 597899
19 67 740605
17 44 938183
41 29 929764
7 55 443853
68 35 448289
43 6 58291
42 44 782949
8 64 886708
73 6 775160
61 64 367608
76 52 708517
43 58 938785
5 43 145458
8 52 19170
23 71 927676
51 23 682643
20 38 667072
30 14 27610
39 40 658829
65 39 403040
55 39 16424
36 33 75139
49 35 848966
67 4 726792
46 6 575971
1 67 922673
75 30 296054
48 46 673569
11 49 967851
48 42 341449
74 49 44061
62 10 550645
0 72 948923
10 12 988513
66 47 896565
70 55 641757
60 5 381741
12 45 468853
5 40 761826
34 71 905734
68 50 372031
64 41 473700
33 74 485572
70 78 236517
21 51 723940
16 1 700704
23 38 54438
76 50 522940
0 2 182396
24 23 124500
69 23 859977
11 31 58504
52 59 442268
49 37 253265
33 17 593281
63 64 842807
29 16 390818
29 69 929233
70 74 831818
76 49 632014
16 44 317028
79 40 850442
76 8 428688
65 4 494085
48 39 859590
53 39 60497
74 72 735654
57 55 992462
28 75 854681
8 2 666924
64 20 538077
79 61 512686
13 78 543273
78 43 971739
13 73 869746
53 37 949869
17 30 885409
23 39 321041
17 39 844827
8 18 295829
79 43 223599
54 60 553652
55 10 690236
19 2 646057
45 42 79504
50 28 650940
8 38 505062
23 43 564457
66 56 440320
17 31 135555
36 48 288133
28 71 57327
4 22 309115
48 60 24255
41 24 163933
34 64 551446
51 0 387796
78 40 116848
3 50 126387
8 40 91961
36 20 451485
63 22 163379
4 8 616191
36 59 358824
46 31 369807
24 61 831955
40 10 298519
68 33 201658
65 28 469006
5 55 490731
37 50 750994
27 33 917846
12 75 428683
62 4 671180
78 7 404953
61 1 848653
15 70 625311
30 64 159088
78 47 104056
66 26 811932
57 34 916233
18 41 309832
67 34 313381
22 57 905135
13 9 59513
44 19 862790
73 24 716142
70 46 889856
41 42 563022
2 1 417990
30 73 787262
55 72 517674
48 69 156911
69 0 687319
40 61 845897
79 1 413770
33 29 304276
54 6 233013
5 68 865106
1 75 932457
37 76 79256
3 2 588292
20 69 534748
62 20 641462
49 75 880318
37 36 344183
19 54 726699
51 36 139975
47 41 548967
74 44 392747
46 75 250793
67 51 447289
38 55 809070
26 76 932716
33 42 382975
53 31 516740
69 57 629494
52 79 796454
32 63 863061
41 67 986631
15 9 942853
13 47 838801
47 74 591855
69 77 526890
60 24 4657
8 54 476055
61 14 324275
9 68 297057
71 4 62185
35 19 918275
61 63 876259
76 30 739133
8 50 404351
34 19 570157
14 68 243420
10 27 956335
74 10 101508
35 20 730760
79 14 218600
10 21 115844
66 40 101665
42 12 266697
50 59 196200
9 23 6426
13 41 263889
18 26 908789
9 29 577365
6 50 639321
31 74 811732
70 31 188298
52 33 641705
9 12 265537
18 35 385769
78 1 112812
12 14 732673
58 13 410105
75 2 140589
24 66 66491
65 7 765484
71 41 848991
25 27 107621
63 21 843263
24 17 958508
69 24 427512
4 13 386675
69 56 722313
9 38 860577
18 31 516453
76 71 12427
59 35 807817
0 74 910388
59 44 151741
68 32 912435
44 8 447936
31 12 297558
59 13 173245
25 53 717457
75 58 114288
66 1 292157
26 44 239392
39 72 220
38 74 34228
44 6 920462
47 24 232859
77 66 838686
74 69 258986
11 1 528918
69 68 923798
24 2 348948
50 41 271609
49 27 699857
18 33 984851
70 22 398155
77 60 848223
54 51 251038
51 65 680854
77 7 433006
8 7 935708
17 69 450994
56 34 756651
79 45 67984
53 14 75391
12 29 759313
25 43 235123
69 45 816285
28 61 192637
18 61 907386
51 27 69471
73 25 654507
46 32 537321
61 0 733938
62 72 352119
35 45 429798
32 13 61538
4 74 711002
9 22 423451
35 77 427634
55 19 839194
52 5 464457
39 35 780644
3 74 904322
72 7 838067
70 79 962490
18 58 201619
49 26 953737
65 58 475694
34 47 6887
50 62 725306
58 63 916712
37 20 822407
13 76 44497
36 39 784093
34 58 312418
23 22 224290
45 60 995804
21 72 274189
39 18 909237
75 67 867374
69 9 729521
61 39 158890
43 2 518281
13 29 227402
22 16 943393
29 52 709134
47 27 572111
21 73 225928
7 33 803329
28 8 119890
52 41 775161
65 59 769370
63 19 411878
53 11 30375
46 68 342472
24 72 565643
51 14 769175
0 53 110136
3 62 613358
8 11 163780
2 71 635034
48 14 359307
64 29 210358
65 61 849453
33 20 578460
28 36 509747
73 5 272473
15 22 751976
8 49 493957
65 33 576677
25 47 288385
34 49 706267
12 68 799654
36 57 568005
71 7 865516
62 16 316364
76 75 567017
11 18 724830
23 73 270180
49 78 969218
67 36 334450
27 2 241034
31 41 355250
63 1 574322
44 4 909739
44 71 664058
58 14 38152
14 70 250133
57 47 720487
17 57 321605
79 29 765397
40 41 893319
78 61 391948
52 18 788690
28 2 527781
18 28 631845
73 74 293218
78 71 861376
25 60 116153
2 76 717908
56 74 276615
67 14 59831
6 38 447614
22 19 450531
18 23 699051
20 25 671057
23 48 889195
46 3 912874
70 49 385076
29 35 322963
56 52 687522
11 33 456206
6 77 190752
38 60 770510
16 77 476883
78 28 133032
57 45 989541
13 53 770581
27 11 977486
39 41 639541
53 1 815394
68 57 773535
59 11 230058
76 68 183837
64 46 292112
4 15 702633
31 22 10117
15 58 195208
54 62 601144
6 21 675864
21 11 449952
52 72 966392
19 74 88365
56 20 807871
79 16 602816
54 72 855250
46 24 333583
7 63 785812
17 46 376703
16 3 937029
33 14 407442
7 79 84728
26 4 608223
51 40 940451
49 13 61465
60 49 373861
65 71 36
37 44 5

