49 1168 9
33 18 564553
18 42 567656
11 29 789402
2 5 383989
45 37 585324
5 14 460779
39 30 483456
1 9 617302
46 7 939757
39 2 315165
25 2 913828
28 13 944359
36 4 45541
46 1 166237
30 24 87817
3 11 956865
22 34 520910
48 20 391609
12 31 450273
28 44 319903
3 30 803319
3 1 338068
16 20 81125
45 19 454704
29 16 120878
42 3 796532
27 6 161331
28 16 742741
22 16 943776
13 38 335500
37 13 56767
48 19 511992
23 29 3974
9 36 370138
15 10 910313
20 42 74054
35 19 244201
18 32 880434
1 20 68249
18 46 830074
25 26 994623
31 44 499115
14 17 966120
28 43 180416
23 46 333257
36 18 893317
12 1 216480
21 15 986332
8 29 639638
15 9 222744
10 43 606231
28 40 51467
9 11 653932
44 10 435742
35 7 287349
39 35 191652
13 20 394299
27 18 216496
11 25 174223
42 33 217265
0 17 337306
25 27 411575
28 26 169097
45 38 41093
35 12 781467
11 43 984606
25 9 478905
30 11 726339
30 43 574315
46 24 25613
5 39 519661
3 21 998849
37 18 277731
28 34 852712
44 30 924212
39 32 370879
25 46 99592
41 6 451226
5 10 919341
26 11 427540
24 23 678956
28 2 758433
22 27 896623
22 32 286523
11 2 776497
48 34 750798
43 38 227261
1 45 974416
20 21 637140
34 32 952028
33 9 395617
37 7 516242
7 48 24704
48 25 737411
47 29 402445
39 26 220391
18 38 87804
6 36 745375
31 33 365533
38 28 273903
14 11 835166
47 19 741630
30 12 269989
12 2 182043
31 15 290291
46 36 175937
31 43 462973
41 25 498223
33 47 28479
9 5 107079
1 8 250143
18 22 294903
46 35 371486
44 15 188801
1 27 590930
4 42 228209
26 3 421505
22 1 672883
25 32 122203
39 16 810136
34 42 742059
23 11 397604
6 14 938222
8 19 952088
4 44 193311
17 30 29483
11 19 30695
17 3 437997
40 33 799475
19 36 560876
40 11 196004
13 22 366403
38 8 156139
8 22 855105
15 28 606782
28 14 125202
21 40 80629
48 35 479365
15 3 838400
42 1 260765
35 4 522403
20 6 51256
3 44 303309
44 24 552691
46 31 142432
22 17 525151
12 21 550086
12 17 64519
17 10 372314
9 28 899161
1 17 277597
3 46 444037
27 3 471649
27 36 178804
24 5 839627
36 42 434192
38 22 97437
14 23 797233
28 7 705701
32 24 31726
12 37 676150
2 10 426904
0 48 270495
8 33 418912
35 1 466901
48 31 805362
22 3 397561
26 1 78472
27 43 892550
7 36 744766
23 22 21810
40 16 504608
41 38 151948
6 28 667297
12 27 383652
19 14 991705
37 28 966738
8 47 128499
17 19 680806
39 17 277089
34 1 47344
18 41 551715
29 10 546447
12 0 473570
6 16 959641
6 30 880057
31 30 984694
4 7 751600
3 45 903570
3 29 471759
14 29 284649
4 10 631169
6 1 750634
40 29 805580
3 32 372759
24 2 546123
20 43 624983
45 48 247518
16 19 947377
46 20 141023
37 21 8896
2 14 21363
24 11 181516
6 48 814016
0 34 232947
39 6 618177
48 37 746461
41 43 900282
26 12 701948
25 34 881424
20 7 943241
7 23 303253
41 14 424819
44 18 301552
18 29 700717
2 30 553684
14 45 515028
21 18 688251
26 6 65709
2 8 655490
20 26 464978
35 26 739203
45 17 209535
44 19 560550
11 12 429199
17 48 927925
0 29 32816
17 34 79888
25 35 183824
28 22 978219
9 37 82036
7 43 175110
11 36 611703
3 41 487096
47 6 268791
6 7 533946
14 43 967985
4 40 946933
25 24 261228
16 47 22333
41 16 867652
0 21 594304
36 10 555350
23 8 12761
26 9 884948
8 14 133845
29 6 514521
46 39 959389
5 27 987493
6 10 730925
1 48 996954
31 28 528706
24 6 411286
11 15 451754
19 40 946742
25 28 632688
37 41 269088
32 1 498340
6 12 710591
2 1 822024
25 30 653761
7 26 878709
10 41 254916
42 40 534654
41 46 42897
6 25 363257
35 47 435701
33 37 538121
38 37 255956
14 24 655583
9 47 311189
41 31 247257
32 42 932780
9 10 795908
15 23 328201
42 6 219909
37 8 159501
4 24 426846
45 46 780506
8 4 955325
21 45 901344
16 9 628443
40 32 325015
21 46 890036
5 34 178556
37 3 537741
10 27 838410
27 46 910371
44 37 668173
35 17 194910
14 47 459897
36 31 722651
48 38 936184
20 9 94817
25 10 287781
1 41 693360
35 22 905752
27 38 658245
40 27 67547
18 6 495393
25 8 975011
31 34 138103
27 8 171460
8 7 100456
24 31 783140
14 20 204005
47 38 852560
24 29 176847
22 0 740019
7 16 66531
31 14 120906
3 19 30554
20 28 994314
13 48 783781
25 22 614978
16 34 547783
46 26 632285
45 27 119982
25 16 255910
36 30 552575
36 38 496028
15 7 707428
3 28 499107
0 20 564886
10 21 446194
41 22 839498
24 21 86916
27 21 829567
41 45 588419
15 18 754631
45 33 193221
2 16 439436
40 24 521245
13 0 646026
36 37 30493
35 21 587432
8 32 707489
3 9 220797
30 35 480181
6 34 108553
15 1 503382
19 22 374321
47 2 941232
33 1 946007
4 48 660492
15 33 711550
18 1 373411
37 16 379346
14 12 900363
48 8 170768
13 12 985069
40 2 556716
37 35 166276
28 42 761505
43 23 188246
32 41 895322
37 11 893823
18 5 416403
9 17 488205
10 28 154949
3 14 137737
5 23 294567
12 48 15076
2 26 296103
0 5 680525
28 19 130454
0 31 357173
40 35 527544
43 34 740365
0 25 665611
36 13 737878
45 8 568327
15 17 94278
33 41 194854
13 40 587444
46 4 632560
39 20 142195
44 12 12790
19 15 715522
35 29 577512
22 7 603330
9 13 322041
20 3 141996
31 25 981468
0 47 412771
2 21 400387
21 22 303167
14 22 255823
8 43 271117
28 4 845680
13 8 773396
19 0 276467
36 1 507823
16 12 392381
43 4 566668
14 1 88110
31 9 849202
19 33 595089
36 21 782214
15 36 642490
20 29 479316
40 6 507249
40 25 465860
9 40 544907
19 10 529907
29 36 410897
22 43 188685
28 0 377853
11 6 804129
6 44 490650
16 1 811126
37 32 972719
6 45 255654
22 33 592318
43 35 211174
37 30 102991
20 45 83524
1 28 572968
5 8 340039
23 25 370481
5 29 591755
32 38 991561
48 14 983403
29 7 901532
0 42 69127
19 37 300617
18 0 329311
33 0 615037
26 24 545330
22 10 125707
36 43 312477
0 16 105340
18 48 782857
35 10 104716
26 48 478366
16 46 10057
33 6 945122
24 10 449798
19 12 504342
21 19 75725
39 8 255341
37 26 292234
21 8 294099
32 33 945167
23 32 879026
39 44 550940
17 38 996301
40 26 704055
36 45 903480
48 30 201349
45 40 76292
24 48 321087
3 2 625407
25 14 719606
44 36 995758
1 10 990854
12 43 708485
8 16 243705
46 33 68176
13 27 50480
7 27 149310
5 28 83987
11 48 55552
48 29 23629
46 30 27606
38 4 189095
5 45 587552
46 44 417550
15 40 868989
7 21 985551
4 25 265621
4 26 787953
26 38 476799
37 6 256978
9 42 960618
47 40 598211
34 36 819550
18 13 661559
43 46 333936
31 3 225127
27 44 725379
41 44 801655
3 43 697091
39 25 64684
18 40 758886
12 15 977526
26 23 543523
13 2 161047
27 2 841174
28 39 419721
47 32 600388
31 23 693656
23 17 50737
15 38 664082
23 0 945047
30 33 481830
23 20 866841
6 46 210222
7 1 845324
41 34 402144
16 26 642136
21 44 192614
7 14 656027
20 32 858579
8 26 414399
23 10 444998
47 20 22686
20 17 266156
48 32 461261
35 44 957376
20 44 111981
20 4 663583
16 30 341740
36 17 680796
24 15 971072
9 27 529578
8 34 289483
42 25 263786
41 40 679770
31 38 474130
35 32 104436
16 44 799994
46 47 723614
46 10 753798
35 41 700723
4 17 239799
42 46 941022
29 32 85992
8 35 277698
3 36 630662
16 43 286865
23 39 750977
44 7 362520
15 5 431084
46 19 953405
10 47 412856
15 35 484127
22 11 159357
42 21 156534
39 9 977127
43 48 654637
13 7 11331
34 20 333309
11 27 45236
3 0 641241
36 40 680716
42 45 889203
16 10 650644
42 47 43914
6 9 378825
17 5 97844
24 43 370584
31 2 954507
40 39 555258
16 15 135979
5 47 8365
3 35 419294
48 9 637570
40 14 581737
16 38 630577
30 13 379589
0 46 865939
46 32 618113
24 22 174696
5 20 17768
2 48 328108
22 6 448025
7 45 11380
35 6 590567
22 12 930717
4 47 992080
13 45 477680
1 11 592997
6 17 213964
38 19 157888
33 17 946173
27 20 892598
33 14 218753
28 30 318539
42 22 271014
30 32 153888
41 47 796495
29 39 2158
35 33 283011
39 3 271828
8 44 837198
8 12 209951
4 3 297533
18 43 603502
46 9 739287
9 44 226168
20 31 554848
4 37 193676
22 37 176903
28 27 9723
34 33 805831
47 22 536360
10 34 631647
11 32 241317
15 29 936846
41 39 695620
7 47 729622
11 7 32325
32 31 322375
48 21 160732
9 4 702771
34 23 988302
18 4 216929
22 44 887966
4 15 757871
29 38 646455
6 15 158129
32 10 917806
31 19 576300
20 36 774400
35 11 944691
16 23 801522
45 30 724837
37 46 699023
19 24 122172
17 43 529303
4 23 881359
8 3 449566
39 37 861854
23 40 3492
1 19 638511
21 6 6708
47 17 666491
30 7 486114
48 16 782543
43 40 665386
29 43 316013
8 0 89482
20 19 80744
27 39 783197
4 0 231235
41 42 712220
34 2 556484
31 47 20934
20 41 297881
34 37 164854
42 24 445488
25 12 961203
26 21 228888
7 12 206623
35 16 487358
13 44 151516
45 34 659419
47 43 71130
11 33 738638
35 38 974402
15 42 508089
35 18 463377
21 28 590335
19 7 100825
18 47 597432
43 1 214306
41 5 858172
27 29 733461
31 45 978127
6 43 286771
20 30 191147
48 40 165494
22 40 79569
24 8 418556
22 45 431262
20 25 225332
34 44 868312
11 41 575394
46 34 956096
39 43 83752
24 35 67765
21 47 167040
48 36 454142
39 45 577727
29 17 523028
26 19 735835
46 11 320447
34 11 966183
39 48 610502
47 34 566001
14 13 570632
12 38 210125
5 33 15276
31 6 503110
23 37 912751
15 22 521575
0 44 671160
30 15 825394
5 6 354493
35 27 901045
24 0 838087
46 8 421523
29 9 507858
13 1 818211
47 26 700659
11 38 665402
11 16 593098
11 39 987417
5 36 933978
10 3 141869
31 16 852121
30 27 160006
27 32 664492
12 45 907358
34 24 566649
38 42 506941
6 4 537879
3 48 581184
45 16 483557
10 40 690535
4 19 908683
35 45 650061
44 1 452277
18 2 26775
27 14 668661
28 33 238693
32 14 233473
0 2 214041
46 28 382431
0 41 448103
33 38 295588
26 45 341976
40 1 17955
11 10 504443
5 40 694067
15 34 107000
0 9 42696
4 30 525082
0 10 883808
22 30 623031
39 31 513307
41 19 439985
43 21 39231
31 8 888763
7 18 233980
7 5 366063
20 33 327914
48 28 770279
25 13 674137
0 6 680006
41 7 692294
4 29 147669
43 44 349380
14 4 742650
38 7 822038
30 34 529766
47 24 276859
47 30 304346
33 4 338303
30 18 736122
17 44 93295
11 42 574860
27 31 398337
32 5 171006
47 28 949128
39 0 932230
43 42 425571
29 30 232216
35 0 999641
40 20 961500
10 33 123233
7 32 820461
19 27 388065
27 15 684894
33 26 29637
39 12 643052
26 41 672949
24 45 638128
44 25 686329
1 25 819883
39 4 594139
33 16 83793
24 38 672867
45 43 256126
44 5 285123
2 6 262253
33 48 98227
24 18 496481
1 38 668200
13 46 173557
7 0 728829
37 5 81396
13 31 996294
28 11 923470
0 27 927759
0 15 328197
24 7 746391
31 21 708331
12 20 334635
36 32 170436
33 24 422494
30 9 364551
39 42 992482
14 15 185350
44 33 308870
27 47 7178
31 42 769076
15 43 180470
33 27 867935
7 25 936105
5 42 163420
10 7 364577
42 10 134188
35 14 685182
29 42 516831
29 45 941772
21 1 254538
37 2 474018
17 18 291528
26 43 416579
10 8 869460
0 14 758453
18 25 936377
25 3 795344
26 14 58846
6 8 259006
5 12 386482
3 24 487836
44 26 645440
16 5 417917
43 37 434168
3 16 620479
36 24 529463
43 25 343318
35 9 379399
16 4 74264
2 42 639580
7 40 773626
7 39 345790
34 38 179077
38 44 280102
14 42 514233
3 33 97749
32 43 901427
45 25 11740
13 15 47545
31 1 407420
42 48 847337
5 38 227484
29 28 37573
18 11 737901
9 8 243111
20 11 378244
22 5 128468
5 21 239099
4 5 562539
6 3 263047
4 32 545751
23 41 300923
32 2 76676
2 35 293478
23 6 924816
2 7 870608
17 37 844583
45 4 15956
38 25 818636
18 34 408364
33 12 712684
20 2 270574
35 5 305617
24 27 539308
15 2 368200
37 10 50446
5 31 701026
40 30 360582
17 27 630226
24 9 354829
21 39 384250
17 42 84558
27 23 726755
15 48 996030
36 41 927363
37 47 14957
13 29 902208
3 5 574545
10 13 786467
28 12 972696
34 3 136776
26 15 55027
13 16 475646
9 41 893407
9 2 708642
26 42 778605
21 11 499161
27 42 665467
30 1 735431
32 21 757664
42 8 39874
40 3 867549
25 37 451417
47 25 659008
22 48 545318
7 17 578800
17 25 525366
22 26 6652
39 22 235760
4 34 295949
29 2 123641
23 28 864733
14 18 29539
31 35 106243
44 2 317584
12 24 371702
22 36 339172
19 9 708851
28 36 746886
39 1 922241
35 42 895609
13 5 975240
0 36 325634
48 23 370922
39 18 285206
38 40 128530
31 10 964175
9 22 473
23 3 83288
12 41 971235
13 47 759365
12 42 749948
45 32 748045
1 23 36899
2 36 533825
36 33 137745
2 46 964296
27 16 51279
12 34 358149
41 29 375891
21 29 884837
19 42 956130
33 2 643621
23 9 182396
20 22 775888
26 0 146911
24 17 738794
32 6 479664
21 16 131873
36 14 83762
48 10 665053
5 43 553782
5 46 546793
10 20 968456
4 11 74257
46 14 295652
15 39 980710
7 42 851084
9 18 845353
20 38 488836
31 40 816069
21 30 142951
8 28 315700
33 39 674552
27 4 809296
7 31 379927
11 47 84477
20 24 934774
5 25 640330
15 47 813707
8 36 568228
28 24 761512
11 0 866192
40 0 151351
33 29 406241
37 1 31459
9 21 335220
46 48 580619
18 10 26681
17 31 267803
29 19 238307
13 41 194251
37 27 402095
9 32 316777
29 1 772295
4 21 14960
10 45 698509
18 45 525027
39 14 881131
46 29 189982
2 45 768571
42 23 419074
6 38 584163
23 18 659537
5 1 946924
34 40 436654
23 47 572205
35 36 521643
39 47 149368
8 40 87078
32 28 976911
12 36 831504
19 39 38820
9 43 262481
13 33 297019
17 46 702941
47 12 534791
5 19 458724
34 19 772712
16 36 273520
32 0 154986
17 2 341877
24 39 68506
30 10 560587
12 10 860065
36 39 728040
4 13 347872
37 15 346738
26 31 911442
16 18 940483
20 15 183491
20 8 281079
9 7 965587
41 27 550875
41 15 184782
40 17 751941
15 32 449223
22 4 790987
21 34 962729
25 19 887037
36 47 900135
35 34 549297
25 21 444937
28 18 930490
1 47 548286
3 13 816468
21 13 429588
2 38 437753
7 3 962107
36 25 447378
20 18 777797
14 9 913111
26 27 148525
5 30 536167
48 5 404744
13 42 980175
41 4 654777
30 26 310855
41 30 115627
44 11 104109
8 41 500778
23 12 496149
2 4 485463
37 40 947139
13 23 135070
17 11 335110
28 35 409632
13 34 131775
16 32 651147
10 38 837780
23 45 215364
13 11 820059
24 41 569002
30 42 80658
23 30 10821
14 21 927707
11 31 439374
23 35 624877
41 2 639557
28 45 697460
46 22 877025
2 19 936876
21 33 117853
32 13 926941
17 8 155596
27 48 199898
45 9 126168
38 46 578377
14 16 801115
13 43 528062
31 4 81896
30 0 732040
2 43 885359
38 0 473424
39 13 338248
30 38 379966
40 12 298809
39 10 108620
19 18 295921
32 12 401581
48 47 694137
44 42 730061
37 24 843900
26 32 219790
0 37 409446
40 46 825469
11 5 194949
34 14 788797
14 44 403833
38 3 669045
45 11 268872
37 14 969835
23 33 296581
19 43 355119
17 26 690935
8 11 196920
45 44 447816
9 12 986100
17 28 484794
23 44 172129
3 47 652600
14 38 430396
38 23 251801
41 28 972281
12 4 884468
44 32 855410
18 31 272724
35 20 471879
2 22 434197
17 16 398053
5 26 739452
18 26 693914
23 21 541781
31 37 287445
26 34 980709
21 17 744219
31 29 418183
13 17 368258
32 19 76727
29 26 728837
17 41 722646
12 29 643163
8 30 944588
0 45 105199
34 27 85916
43 0 903356
2 23 343595
29 37 226058
17 32 119870
42 37 70608
18 12 312073
15 45 372272
25 15 681539
46 15 182710
47 45 517176
9 34 343965
21 38 136212
8 15 806255
34 7 898934
34 29 901424
48 41 325094
44 40 873588
26 10 466878
4 1 331390
31 22 613163
38 9 22782
19 30 441276
13 24 31681
14 10 829828
22 29 144184
3 12 503421
35 13 449124
3 18 807370
44 48 70804
30 14 909815
16 42 644329
20 37 235089
33 25 795059
43 33 681331
26 13 203357
29 44 804884
12 46 748891
7 33 9464
19 23 684386
18 8 917595
39 38 211399
34 39 328348
21 41 530270
24 1 246894
25 29 207060
27 17 24
5 42 0
22 34 1
17 16 12
14 34 13
43 17 25
39 29 34
11 7 31
26 3 29

