87 916 6
23 70 516506
5 25 462685
57 69 147206
20 56 17366
46 14 638076
61 66 605616
4 10 769782
43 0 554929
3 41 357364
38 55 650583
49 54 437263
73 68 231782
43 32 320321
7 53 652984
14 56 668617
71 59 357672
28 29 646150
80 34 185301
65 34 455963
1 68 643277
33 21 255585
59 53 443693
15 17 16549
69 67 352685
28 70 354451
80 44 170443
39 48 185146
44 69 3018
9 44 580894
26 73 304793
82 84 470189
73 43 961076
63 51 161387
35 75 92617
65 61 867469
80 13 708092
17 29 246751
57 12 718828
20 75 244466
81 32 578724
40 36 65886
3 39 369453
22 30 488923
43 77 166361
12 78 855110
57 15 552684
28 65 451934
3 42 18593
59 2 801244
51 49 483294
36 70 991959
29 37 811137
33 25 390570
53 55 60751
81 52 903089
76 46 975526
85 37 97873
13 52 817920
66 13 359191
8 17 208836
84 83 795163
11 54 501125
10 22 40158
75 72 454094
65 79 17132
11 17 368396
5 8 970719
6 17 521457
30 34 614206
53 49 492638
13 58 968946
54 19 555709
11 41 417582
78 40 257948
54 22 16027
58 29 85498
33 13 256268
7 35 131955
23 11 722909
44 79 220382
40 34 860427
19 33 405552
62 8 445146
6 58 205386
70 56 884995
25 51 294533
32 61 566943
84 8 552423
33 36 277542
31 74 890189
82 80 588879
82 43 749896
73 30 37985
62 51 488147
51 84 938621
58 25 15361
23 54 114815
77 8 118789
48 85 612014
22 50 617140
67 47 509238
47 5 431201
55 49 358431
0 31 359987
10 8 962835
54 14 561544
25 34 346783
24 34 459359
11 29 671576
75 48 993654
84 66 950318
83 25 649663
33 45 937289
49 62 933200
85 27 707098
66 81 826982
59 84 800030
59 40 581555
78 10 479760
68 67 99045
39 61 22375
28 62 499529
72 12 595537
13 25 711002
68 74 611858
40 68 747755
54 71 798570
42 47 415099
35 56 817145
75 39 904382
2 26 507006
75 11 687848
57 28 760229
50 25 843014
16 49 88923
57 4 939277
8 63 829536
71 11 640604
2 64 228145
55 18 674556
19 34 438507
46 23 193793
23 38 42534
3 35 300063
39 8 922505
38 53 361348
62 10 415633
8 76 699700
70 49 933018
11 80 157203
2 28 596270
44 65 670811
38 14 622560
43 1 168311
53 10 63728
78 41 77205
5 78 187090
45 25 145983
11 22 997546
29 18 863851
72 7 488295
65 14 171700
26 54 826614
32 71 949567
25 16 848835
38 33 834171
77 6 14717
85 38 670947
34 69 287343
21 49 797168
35 85 150982
44 82 873179
80 43 87253
33 65 457364
30 31 467694
81 20 352099
84 76 130148
58 10 549521
34 48 62987
23 75 867537
46 65 838912
57 23 259741
30 72 141764
20 67 381796
77 10 436622
38 24 880622
82 48 138570
83 63 393171
27 28 873594
8 60 984263
40 80 504386
3 48 851015
86 30 265265
7 12 546557
20 39 612745
22 29 207304
23 13 127636
21 48 526665
68 7 856237
14 60 858275
77 67 541252
61 57 710059
57 36 107625
74 13 343729
29 60 629777
73 45 593962
86 70 300305
45 75 355664
13 5 897420
56 72 256714
84 53 796896
20 50 152346
81 80 528367
19 43 277173
48 25 568892
31 17 935053
71 4 936405
51 3 391154
30 56 917586
85 24 862924
85 14 175703
85 28 398962
1 18 408174
4 12 360135
16 11 629028
33 23 922110
24 55 862477
20 23 969548
53 6 955057
47 56 361016
21 43 903293
86 24 610889
14 77 925257
52 44 151782
72 10 68403
30 85 816233
18 68 629456
37 23 836222
57 41 175908
25 66 729278
37 4 596240
51 42 800764
13 62 278047
85 59 894804
19 79 260347
76 35 400298
32 72 371276
24 25 964558
83 71 742436
51 64 529853
81 41 788629
13 6 216504
3 65 501940
0 24 328158
29 46 710126
67 66 521894
44 23 878420
63 38 451443
86 69 854865
82 46 755779
61 35 216753
29 66 312922
20 44 290161
62 38 588531
45 24 921382
28 80 592523
3 43 735264
52 69 581693
14 51 336467
76 6 84197
54 3 599150
6 16 421777
67 38 518660
56 69 342232
71 66 902055
78 26 239330
65 73 209176
85 65 661715
26 9 952441
83 19 296464
79 49 795067
10 44 11564
78 50 776650
19 36 815459
23 41 549990
22 21 827244
71 31 394336
51 0 428681
17 59 989504
32 5 719737
45 68 332222
86 41 271611
13 60 68972
83 50 744348
33 9 41978
17 13 588698
48 36 152616
33 47 187256
67 58 800082
13 24 833533
36 63 854021
36 47 97870
65 76 597346
20 25 371321
61 29 398083
20 49 489172
1 76 978964
77 46 175468
38 17 30891
58 59 564683
6 8 280242
30 51 994034
39 19 23595
1 64 758977
18 28 801339
1 10 707168
30 27 576230
86 33 249336
2 20 436785
41 24 93692
39 85 849225
26 59 180577
62 44 896010
56 80 141455
36 7 15113
22 81 519455
56 32 898270
62 53 527381
79 59 425660
42 38 980868
49 58 779069
42 54 712857
49 26 431935
57 21 95155
12 38 656640
50 48 443825
16 1 425560
37 66 866499
86 28 73902
29 10 465280
9 54 115199
73 72 15839
85 33 174839
6 7 390303
54 36 400005
78 67 651627
82 73 36878
35 44 35850
29 15 777001
10 11 607338
8 44 275885
65 5 528841
6 50 121496
68 38 894646
79 55 230525
12 18 325982
54 28 254385
20 9 698175
19 55 948471
8 73 449915
60 65 86172
10 52 155365
50 70 314716
11 68 678986
71 46 352865
34 84 578295
5 12 660558
24 33 474943
46 58 319642
65 64 608792
51 54 956937
64 82 391261
79 58 80686
75 51 601835
37 81 935142
52 70 699951
64 0 392589
26 30 505042
44 75 430606
72 69 577182
8 69 144218
21 3 756479
20 6 73310
34 26 667446
4 61 225408
72 82 376610
26 80 788444
59 6 351760
49 38 210645
5 55 182117
74 58 107882
41 65 408894
83 13 380019
60 18 133961
53 31 142040
67 0 542826
85 29 94233
32 15 643131
23 2 639427
63 73 237450
5 23 534380
24 22 211962
21 66 557290
6 61 175973
46 6 968311
86 64 547113
53 40 101254
57 42 391277
3 73 281250
24 31 343852
7 56 742462
37 41 855997
50 44 427100
46 2 738430
36 51 93806
0 83 195756
18 19 420443
78 64 973068
68 42 196570
4 14 227051
63 2 489775
72 29 299888
52 6 978455
59 9 471683
71 47 925752
2 24 780059
16 4 433097
75 83 329900
23 14 717058
3 58 611869
66 3 517586
60 7 25985
10 35 893664
12 86 266653
13 44 504235
80 51 3047
43 55 415196
79 25 758621
63 55 55573
74 80 776684
45 63 131964
63 11 725625
7 63 291115
0 49 55406
45 0 915776
52 78 946143
21 1 866751
55 28 271453
70 34 227778
35 77 995412
60 82 91290
24 71 985799
26 8 630501
54 60 468618
82 8 334111
23 51 587110
70 21 929317
28 3 236940
34 31 387652
49 68 258417
16 23 546865
66 62 756229
75 30 872069
26 41 363741
13 15 753469
10 27 581065
36 10 500946
55 34 565144
37 54 82769
21 75 904143
57 71 663057
64 66 583565
0 52 92232
52 12 664703
38 7 850171
5 36 394773
63 58 827609
28 67 391027
45 20 584192
47 82 860751
49 35 267136
57 76 549664
14 29 290670
5 19 836599
8 43 848570
31 2 708922
71 73 811980
63 86 720051
61 9 186956
59 30 81100
84 62 827577
22 35 807963
38 30 545589
60 42 238593
14 75 917721
26 79 364550
65 43 811556
5 14 217491
6 73 240369
72 37 836160
69 3 765627
59 65 245093
38 44 163964
3 40 186108
71 18 245931
69 13 277431
48 76 559463
7 3 186655
15 33 651334
41 15 641611
30 55 937877
6 42 432396
77 56 706674
7 46 881492
67 46 675989
45 19 41683
70 3 961169
59 70 883301
14 0 286250
47 19 634921
17 73 856917
44 16 797136
70 66 852221
54 15 153894
72 53 713025
29 41 612456
82 33 798555
64 29 903800
5 45 673384
8 70 530805
49 77 43346
63 40 492355
69 19 581404
37 48 376303
23 73 640717
45 13 134333
26 4 930347
54 40 784944
77 9 443654
70 79 74145
4 68 751750
7 29 217314
58 17 940830
16 73 708949
23 66 989145
59 32 452882
59 77 426566
41 76 601500
11 38 477573
9 16 334711
23 34 244826
15 24 662610
59 41 809978
34 17 714582
6 3 685966
47 4 954158
31 43 773402
57 10 605902
43 69 479150
58 71 611776
31 38 478879
71 22 905332
47 27 991993
4 23 51648
23 6 228781
63 42 806499
39 36 158436
54 81 583559
0 42 794717
7 66 235546
11 82 826349
42 25 825471
5 3 717023
48 35 784961
55 10 379542
32 51 603994
66 11 909836
15 78 231308
0 44 252093
86 79 983311
31 62 646153
49 41 793704
9 0 779087
6 84 872
41 70 240008
85 80 362987
55 47 712380
35 72 324498
17 50 329360
0 58 305655
57 5 452422
74 53 274758
49 80 865115
82 83 335176
6 78 9765
7 26 941207
47 11 742186
44 36 214609
46 8 646430
63 47 768173
75 59 22114
23 18 32191
9 49 380308
74 73 74681
82 35 837719
57 65 933926
76 3 31777
18 10 127587
31 12 348351
65 82 624922
19 12 374958
66 2 165510
41 84 472418
67 29 432415
78 83 590014
59 81 194381
48 19 998043
45 28 383083
50 65 865008
51 13 498868
50 19 548249
59 22 59091
36 62 922145
46 28 864871
72 68 535305
16 77 357944
74 44 161061
43 26 533610
63 57 995139
69 17 243458
45 42 997369
43 68 985850
34 54 38272
51 79 491549
0 22 712530
6 15 636480
34 86 859776
52 53 501018
84 24 213609
14 47 207706
27 29 259032
9 76 657733
44 41 381396
16 60 782784
48 64 523543
36 25 835387
84 68 539803
9 55 722014
38 57 200198
55 58 813782
72 54 614210
39 46 808070
0 10 146080
46 68 504075
7 59 403799
30 16 227544
26 50 761050
31 70 272445
21 55 407214
69 47 716747
26 44 793405
38 59 489010
59 43 643695
45 79 106067
54 31 488972
27 13 606467
70 39 957711
85 50 91129
71 86 222403
40 69 380443
84 67 388845
16 80 411
18 67 91217
8 48 4000
6 81 73275
16 85 707210
30 70 536100
64 37 108762
76 15 58397
76 59 218048
45 77 762040
36 55 970434
66 75 368495
34 74 282627
59 28 399636
79 67 883163
15 64 432213
54 48 792339
84 46 835170
26 13 195475
1 12 298192
84 23 457683
83 56 939575
6 63 199831
8 65 706039
58 18 928660
4 73 260229
7 74 844615
50 12 569782
18 57 273581
34 73 911577
6 26 10326
0 55 611988
57 55 662780
77 68 684105
49 81 880641
47 7 558279
76 21 455267
49 67 99916
15 86 959296
71 29 622764
69 30 245485
29 77 632035
47 40 215477
41 45 497962
52 19 146881
75 81 285680
61 8 3202
83 67 10323
32 33 856767
72 64 197714
38 36 628258
4 63 127574
69 59 437032
85 72 998584
53 81 882928
68 9 954620
30 83 947060
2 7 397276
20 40 132135
65 71 247194
86 73 9659
32 73 377071
26 14 682567
79 75 838927
40 19 88670
45 44 53462
61 79 420254
48 7 620051
80 22 239657
76 23 796674
86 38 728311
18 63 745943
31 20 610174
4 67 176601
18 27 761755
35 19 346759
37 55 95466
67 11 476443
52 3 41610
46 69 226134
48 84 694508
26 58 182669
83 51 342515
27 67 877615
22 7 468117
58 37 332423
37 31 785278
27 17 638116
24 68 994485
58 64 124617
18 13 705103
7 70 899855
18 47 805180
52 66 968817
37 49 630031
61 14 871901
75 5 630748
65 13 782395
19 61 538897
1 4 342204
75 65 968945
12 15 178859
59 27 299596
79 66 667130
16 65 241710
62 72 855871
37 12 746352
15 74 531778
85 12 764436
76 67 461725
43 30 799586
60 26 103648
27 16 174772
42 22 585131
25 75 344510
16 86 30778
9 37 550710
37 10 525143
77 80 175617
69 25 597858
35 51 515517
20 21 960502
61 82 787219
70 2 653988
3 13 938239
62 52 14876
32 79 593632
42 16 196306
77 71 100013
34 79 59760
17 44 37836
74 39 71018
29 3 638497
42 46 535288
42 18 705942
46 52 117261
5 49 347960
17 81 131520
30 52 103938
55 73 867164
38 82 414640
22 49 840620
33 64 336422
61 70 184621
44 6 800543
17 67 7345
59 31 682645
86 18 515621
28 60 984083
15 66 711674
69 7 691455
8 66 149288
32 10 582684
19 74 467459
29 39 111216
47 45 741963
11 78 76600
12 25 622198
56 85 140529
36 84 423005
18 22 860711
32 37 268415
75 40 855081
62 78 659467
11 57 241647
43 39 134711
83 43 590649
44 83 800141
15 19 517222
29 84 601550
27 20 89422
10 30 385437
83 21 797212
18 56 776876
66 73 320632
1 78 191351
61 12 905385
80 2 867614
53 73 916958
47 66 459295
78 17 378341
44 25 656804
65 55 214153
58 72 651539
34 59 776359
6 47 492205
32 70 755082
79 27 893442
11 8 568366
3 55 242657
7 9 702810
67 39 594447
21 68 290476
61 15 555463
44 64 745111
31 69 622779
37 52 795386
64 77 812368
76 27 894445
33 3 205208
9 31 19437
76 80 427232
85 25 511528
50 58 553675
69 81 319894
60 68 332822
32 24 789951
74 85 973482
56 3 18736
30 47 835043
6 29 67760
24 72 16908
35 32 685180
69 20 685441
25 27 936573
72 39 587604
70 57 646781
22 62 737768
11 28 488788
77 48 907469
48 86 616203
39 10 842577
4 40 711330
61 37 866664
5 9 924986
45 8 562042
11 20 470471
16 18 73822
55 40 103081
7 61 479039
63 62 189123
28 12 68349
29 73 950873
80 29 388354
76 79 461472
53 61 298258
81 50 26305
46 0 139454
72 22 523188
47 46 68346
36 1 603964
10 75 921947
27 12 407285
37 35 353766
61 48 952831
9 51 6
41 25 50
4 67 79
18 85 80
32 64 14
79 41 0

