92 3113 18
52 11 936344
24 87 509026
40 75 484111
16 86 216639
89 44 687551
55 57 112064
90 61 87599
11 57 358431
68 24 419647
13 4 258903
15 22 415236
78 29 80519
12 49 566428
34 7 361309
14 12 88455
70 6 684151
56 71 919723
60 41 950597
2 52 410230
21 52 307173
39 36 637077
77 47 237114
50 35 603373
42 50 812688
70 75 272108
56 70 186731
89 65 402240
1 85 448407
32 22 200120
14 64 586900
63 40 317707
39 47 283302
78 69 956222
83 82 4152
47 45 957311
3 79 112117
39 81 55677
62 77 756371
61 39 142593
11 91 588495
74 64 205055
10 58 885304
8 24 414835
10 89 74377
60 82 698088
45 60 100540
39 8 952846
29 6 183662
58 52 623223
23 69 178062
13 70 140722
82 85 35997
85 6 795210
25 9 239766
78 80 280889
8 63 812622
1 2 230342
56 10 122842
50 51 605817
76 12 77442
7 35 948125
85 63 383651
37 43 578833
4 7 402384
17 16 966027
25 73 27499
70 26 574484
28 13 222479
33 56 613049
36 74 285766
46 19 218602
51 73 214187
22 84 736025
65 90 316452
28 35 663369
55 60 612237
28 80 741191
1 42 996718
45 71 316978
52 86 284167
56 12 322612
91 21 1882
19 44 950807
42 20 642978
43 57 157208
74 18 992857
28 57 449722
67 86 477387
3 49 732942
38 23 685926
62 36 62218
23 10 758498
19 36 352203
90 43 158597
12 75 917151
62 39 83309
24 67 668406
28 75 726904
82 79 513988
54 60 164878
40 25 850468
79 70 690097
81 34 928080
57 10 705933
84 8 985895
49 39 122544
33 49 439976
3 12 416702
1 84 481880
54 87 122432
49 64 609598
58 74 530033
21 0 749535
23 61 243622
80 55 639800
45 83 198974
47 8 146255
26 78 428918
44 43 574243
19 16 815893
13 14 829486
28 3 335956
31 91 794904
89 79 117360
0 55 804022
44 7 594188
90 34 498577
6 20 663502
47 22 5795
17 67 966984
45 16 718924
89 73 19928
38 64 838104
16 1 931165
88 89 744738
13 29 350015
61 38 104296
86 21 405185
83 54 693526
22 82 143911
55 41 821838
72 29 406970
69 2 978829
28 49 269564
89 74 192052
60 87 743629
12 20 950214
62 1 547800
4 58 562424
77 34 636878
54 20 133597
15 35 697258
68 61 124252
82 21 754896
51 41 457468
71 53 180045
87 66 936009
79 62 628451
69 26 291465
8 52 987208
80 48 875838
87 27 147441
70 62 553000
87 4 359987
69 63 912752
32 23 229698
20 40 396882
6 87 19168
20 17 158720
21 27 73198
70 47 121019
38 52 957282
43 84 83559
9 59 18106
5 79 598545
15 25 373275
10 86 971727
68 1 365424
5 89 504166
80 5 367714
78 45 71873
45 30 501663
9 52 867113
82 67 352196
8 36 707213
51 68 557495
89 82 640934
41 52 914769
55 9 983300
67 12 539812
18 79 847196
72 59 197661
53 55 191057
55 79 33791
61 11 834070
28 29 786024
47 54 466993
33 8 951010
32 10 634476
19 62 92326
36 0 557045
82 81 171907
24 73 464274
68 87 200927
2 44 359658
14 34 336469
77 45 31186
45 32 421670
63 20 437066
79 22 420558
39 60 455254
17 60 440389
9 36 906481
87 31 204552
9 51 432174
72 73 451660
86 56 929117
61 3 854133
50 78 879849
18 39 709075
12 87 97275
87 8 284515
5 35 748812
37 19 659117
84 55 537127
54 72 922527
8 22 364070
60 27 917634
85 21 295412
81 21 484580
64 87 423604
0 18 121777
69 24 113366
49 27 592805
0 3 535165
48 6 890351
0 17 802616
34 80 601845
3 76 598912
61 24 89073
7 15 378870
32 62 208922
15 56 647324
89 81 324673
30 39 952413
86 75 465417
28 27 276160
14 82 738909
36 80 151230
61 14 47978
51 35 24785
76 54 167656
5 0 764506
29 10 480696
33 41 724241
66 19 24091
87 14 149955
47 15 217793
2 86 181943
45 39 364188
32 55 152834
18 19 26935
60 34 62911
22 88 76498
44 20 145685
90 47 295031
64 9 527957
78 73 248524
3 27 820978
88 24 781162
15 30 491818
1 51 247016
9 74 808039
76 25 702603
90 78 610839
73 20 692696
2 37 782353
82 31 575288
17 2 785994
2 29 16227
12 82 550937
30 33 765023
43 16 184298
74 67 437943
3 18 145526
15 53 300515
73 74 126947
21 19 820058
3 68 241859
60 24 361561
77 11 460268
44 53 866792
58 79 368641
31 38 854305
55 39 237284
59 52 118220
87 36 51658
56 91 202419
89 52 273799
48 66 689119
49 20 796958
33 73 757008
67 71 221634
68 50 395468
20 1 22584
21 39 738146
19 74 236579
45 59 301018
51 64 578529
36 45 520538
2 42 914258
57 32 998231
20 39 581525
91 23 446101
75 21 288954
41 84 348866
18 77 737582
56 48 185051
72 48 442910
67 83 120445
36 52 619657
80 25 410383
18 81 967910
45 63 669368
19 2 965292
84 7 26692
34 18 605505
75 77 965022
24 25 786966
12 60 512704
66 74 918951
62 38 93471
50 13 150777
9 90 477019
1 13 216224
28 8 42474
67 44 520789
41 83 601675
15 73 185682
64 81 784760
78 38 23395
53 40 444414
11 82 501684
28 6 911882
11 66 812087
31 47 283827
48 27 554868
34 38 575943
11 9 683845
68 53 326807
3 4 857804
68 77 561212
68 81 918465
82 16 549352
3 29 343194
78 17 697339
60 90 101916
11 53 634737
3 22 503511
83 35 328030
52 48 458881
21 42 484480
64 70 896487
33 91 165655
56 22 924021
31 35 119141
34 89 901161
90 64 648383
64 28 400880
64 19 323780
78 23 354888
16 39 981113
21 8 730326
59 35 735600
75 63 599575
17 87 926723
42 43 486344
38 60 216062
67 62 117302
39 25 997789
29 91 748975
57 15 235892
81 3 511452
29 65 42291
48 5 493542
12 73 559033
31 30 178024
67 4 325405
7 86 978661
18 6 629017
36 58 506822
10 28 215310
9 47 933540
6 23 124223
48 38 53327
18 70 598978
28 78 823725
22 45 246253
28 68 843381
86 88 553571
8 6 610231
29 21 689359
9 78 602481
18 54 193674
24 14 437335
84 39 235615
64 88 398551
34 73 347873
17 82 484106
17 24 480986
21 12 185727
80 65 649120
34 32 357924
66 23 82164
4 59 262698
59 77 390990
44 30 375878
56 20 449092
30 78 253979
58 59 381056
47 49 995231
89 76 886500
54 25 809983
17 7 304427
22 52 334742
54 79 188450
67 0 556040
85 73 754682
13 20 986803
74 10 227954
21 32 449171
63 68 277675
3 11 755185
26 50 815212
9 88 655239
22 70 193509
91 64 477003
7 79 760575
55 4 636634
35 42 304978
15 76 220098
15 69 609372
85 31 531990
65 72 456234
30 59 300359
43 67 719466
63 44 273963
34 67 559578
2 63 9761
26 84 520610
61 48 874388
66 45 285276
81 86 38456
59 22 593311
79 13 404178
38 1 258502
53 65 995615
80 58 573015
21 56 549074
52 12 416303
83 71 727123
84 11 150274
57 22 713128
73 6 587569
45 34 457026
0 44 133318
56 3 760222
32 40 978228
18 83 675977
69 57 430127
26 79 209060
4 24 747003
26 65 272681
59 91 655841
32 77 779017
32 90 526737
77 51 630720
63 42 740329
22 81 994251
91 28 141489
10 34 261887
73 29 528328
36 54 21081
16 20 563164
17 34 891365
76 85 505194
70 63 373138
15 44 909509
54 3 90405
90 44 536248
83 74 223342
14 49 568995
64 33 135070
72 74 637762
28 83 707211
48 18 883282
61 52 268546
77 29 141044
67 18 803153
80 72 909280
46 33 910526
0 51 120183
20 15 316012
85 37 791535
68 67 665349
45 70 746551
36 13 4675
15 37 41207
90 55 618528
66 72 665809
79 69 841168
53 72 772323
22 83 599745
56 63 624370
68 80 336209
64 62 409509
50 25 307624
13 8 839525
59 85 878491
19 14 138958
12 62 892408
88 61 918562
84 90 612102
54 39 858075
80 35 142815
80 79 839693
25 37 410393
34 16 560161
13 62 301384
41 16 683765
65 6 816742
33 77 668264
42 55 112796
55 70 482168
34 65 795044
33 65 121211
81 15 469105
55 51 125646
80 24 742618
31 9 237277
70 4 306718
44 87 725079
83 76 83154
37 1 975105
80 9 444625
9 30 380543
39 59 529155
84 83 101196
64 46 131931
27 10 652537
82 53 960383
2 70 758609
55 6 898697
0 54 696530
86 4 677357
42 31 58387
3 75 868891
1 35 178726
86 61 984470
40 85 288448
33 68 812918
24 81 728378
33 81 140384
70 3 310794
89 66 237061
42 24 80151
57 60 764052
63 24 329304
61 50 31538
56 43 906674
58 84 736141
21 28 529081
88 38 460013
48 50 708694
45 18 424963
63 34 425944
28 37 150504
31 68 603399
5 78 828210
23 51 575954
87 23 777178
19 69 577084
22 51 1016
58 49 456131
88 21 355695
38 10 922891
2 16 767174
59 24 261312
15 45 605855
0 22 259073
10 18 632790
75 79 812302
61 60 955539
51 69 376996
57 48 861069
15 31 596376
1 48 75518
81 12 187926
49 2 806076
42 74 698874
58 73 814437
37 62 165723
52 78 848610
33 61 907929
61 17 62558
78 53 621493
7 49 411169
3 67 322320
63 88 949817
24 28 562210
73 21 253699
67 40 563097
9 24 495755
37 84 483092
42 48 429959
87 26 830223
85 74 38542
37 11 163356
69 90 674819
52 85 496932
24 90 600239
5 9 916244
82 87 703580
25 7 423010
3 33 374301
57 81 157649
18 61 607414
18 62 158290
59 87 844480
78 75 561331
74 32 113096
90 68 619671
77 88 24750
34 61 82782
24 57 690538
1 26 892736
9 53 941082
13 42 209895
18 59 767830
65 63 479150
16 5 450226
43 26 197451
46 18 914820
23 28 312795
21 90 334727
57 9 634252
63 30 723861
19 22 247064
27 53 103890
29 75 607712
27 55 705400
6 17 858133
42 77 604297
68 42 793100
25 46 866464
20 86 824174
80 1 449970
88 32 354148
68 5 107769
22 1 213670
49 76 20932
23 43 167308
81 49 61760
9 37 754734
72 40 783359
70 58 971606
77 5 826774
71 28 393005
4 12 173145
6 9 58824
72 19 450503
49 4 783180
42 81 535071
11 29 88388
84 61 809984
23 17 416668
52 17 36737
36 56 733259
88 7 820516
41 13 450713
51 81 103403
25 78 137233
34 27 705088
2 38 242335
31 44 57702
66 61 507898
63 54 662415
87 22 803090
31 3 263428
25 32 140616
39 79 138107
78 47 950475
1 88 241514
69 32 339496
30 79 12406
58 3 762004
18 75 548726
23 68 947778
7 45 755054
86 51 753148
73 40 248921
13 85 760885
75 6 415262
70 21 958798
73 68 678719
5 33 41187
81 13 270193
51 19 655615
16 61 995156
29 20 935655
40 27 698573
81 2 923250
9 72 845488
74 34 766712
40 47 47480
9 38 361586
0 76 330905
9 75 209825
37 74 144115
13 38 753775
5 7 619728
21 22 383221
24 83 442896
46 15 440065
48 13 300674
55 64 748721
84 67 606152
39 6 475031
18 35 14226
9 48 857487
13 83 820780
15 40 432614
54 7 239143
0 49 916086
74 33 735655
33 54 886626
13 5 805267
3 6 239271
75 17 935633
2 90 617715
25 29 954267
24 74 263769
2 34 240950
66 12 253871
56 57 608234
85 62 332914
24 12 535182
51 53 484919
91 45 931684
13 33 794524
64 67 913122
89 68 812814
37 40 192626
59 70 509578
62 49 254642
72 67 872130
39 23 750203
42 62 578506
54 48 314208
28 14 399215
38 55 644680
74 28 193206
28 87 747886
21 49 576022
69 60 397901
22 39 887192
75 67 542218
74 1 58473
10 14 102867
4 44 648425
40 78 508969
90 8 943486
32 67 7862
7 76 729985
79 84 425484
74 31 928936
76 74 339075
83 44 455476
10 73 446028
9 20 914657
47 88 755583
77 73 905170
62 66 659904
76 4 785999
28 69 199225
34 44 540794
81 28 466567
82 91 945714
29 45 896010
27 81 168872
14 51 93637
20 52 361516
32 66 502075
90 79 227828
12 46 655149
90 86 988544
44 72 299922
81 26 877659
17 40 427395
81 1 788282
34 39 618674
73 46 657589
87 3 475796
73 49 861717
61 19 202701
37 52 850990
1 59 541848
30 1 82719
59 53 46660
44 45 438680
70 68 701047
45 74 994004
89 70 320081
44 79 616425
59 44 999126
16 91 351773
17 48 775612
22 23 945132
23 42 116623
84 33 624751
69 67 824612
78 67 360529
77 83 19418
43 83 608753
22 62 913455
0 28 777612
41 14 28494
6 16 472037
13 77 462819
79 51 61184
79 35 429504
48 14 554613
74 70 70709
22 6 46521
41 65 144785
71 21 326053
64 40 872918
38 80 642
29 80 67563
27 56 238978
74 20 345784
13 91 731255
26 16 908710
75 60 903160
13 39 702308
40 55 250015
35 85 14049
48 46 895633
19 41 758927
34 9 685337
27 63 764081
0 11 657256
0 72 592981
62 16 745491
56 77 951276
2 30 957217
47 68 556658
62 10 355784
28 86 611498
84 6 497514
53 17 329880
75 83 344135
4 64 641168
35 76 911588
83 65 943882
76 75 6662
65 85 561011
0 60 357128
48 83 466110
45 20 187428
0 12 696046
87 62 191951
48 3 274628
16 81 357653
89 31 796703
86 33 367990
48 16 534405
66 33 250320
5 36 973055
50 71 454873
68 13 761400
78 63 579518
37 60 98175
81 41 8057
3 20 546734
76 68 417252
33 10 946164
90 89 822705
34 36 165388
88 39 148105
41 88 505347
48 53 705081
26 34 38387
15 17 274927
29 38 993724
82 15 981481
49 43 218423
14 20 64380
30 12 331475
8 86 64523
16 74 937011
7 42 440898
3 13 948976
62 4 782340
72 41 797852
54 55 726
90 3 10296
84 52 192046
82 45 97318
91 41 132329
14 45 244819
24 89 219638
59 57 869803
67 20 720775
16 83 457431
79 45 807516
77 44 250426
73 59 813120
36 86 854519
17 32 457429
46 56 185503
53 18 783538
73 56 559625
51 54 651349
26 29 763836
84 40 660582
35 60 611261
55 26 3977
25 18 403032
58 7 842291
40 88 60903
69 81 810156
23 75 64627
49 26 521763
33 18 482089
1 10 992576
36 51 802269
20 28 98081
40 36 963005
24 13 15480
61 73 648361
79 64 730568
53 58 571104
26 28 265278
86 62 588126
79 11 70397
47 84 227133
20 31 643682
1 52 814902
82 90 132140
77 21 589431
43 41 989107
0 82 147094
43 34 237494
27 17 197717
0 10 4819
90 18 348761
87 48 790897
39 32 73814
22 9 640514
30 11 593916
5 21 138806
87 35 648727
16 12 23598
38 81 124296
61 76 589718
55 75 284401
47 62 291549
84 30 915598
36 73 936008
3 89 957794
48 0 503602
51 2 570761
60 33 364148
90 63 402755
91 54 162307
48 62 517979
44 16 173274
12 5 842227
21 45 613132
35 40 18204
10 83 390319
49 71 628454
9 46 464194
41 75 398460
80 83 672066
71 31 749907
61 45 647729
39 91 83022
74 68 561364
43 33 99568
47 46 367385
58 91 444882
23 47 922287
14 26 178505
16 59 306577
56 4 725917
79 29 860125
29 88 754016
31 80 575803
11 51 288134
32 14 860110
3 46 656762
30 88 440774
41 36 308074
69 38 68954
60 64 671737
90 75 962016
14 76 142263
8 20 140124
7 81 366407
81 87 8869
66 17 13238
89 71 58808
2 85 457900
37 29 617204
71 91 417016
30 56 711542
48 88 353085
80 7 410494
33 9 286403
17 70 97542
40 66 146437
82 5 392454
19 11 802714
71 47 379625
46 58 947712
16 73 178510
50 3 832269
62 65 225858
35 27 462838
51 66 161300
38 0 551663
41 7 171627
11 6 855081
44 74 350054
0 83 728265
52 81 366477
11 32 701694
3 35 806556
15 16 189131
73 17 766278
68 66 235497
41 4 163634
61 65 741763
51 52 221129
56 45 872486
60 53 138066
43 71 129239
0 65 536950
14 17 992144
9 10 370884
25 74 936370
82 62 424409
17 79 414112
65 81 830381
68 85 667232
10 65 956176
45 41 106995
18 16 18319
60 67 372916
81 5 613573
70 48 216805
16 28 184664
26 54 617945
45 67 220529
89 18 997416
69 30 522058
30 81 967992
18 14 857068
9 40 899336
37 71 891231
4 19 135950
55 21 521894
87 72 709846
0 13 13416
5 71 995767
69 11 773501
59 83 836531
30 23 380980
88 49 558282
77 30 316711
29 67 474292
42 80 401392
37 76 227723
46 78 292606
83 20 616133
2 5 19182
38 12 215876
16 80 870815
34 31 289597
43 65 255907
25 56 139019
71 17 27281
23 55 696979
1 47 155516
36 1 573368
50 46 56962
65 88 381930
8 74 75452
14 31 539240
81 80 673931
59 26 34536
69 31 445644
0 73 159873
52 27 493126
2 72 428151
85 14 676671
72 3 627304
49 48 766378
35 25 592802
7 65 806806
64 58 139931
51 21 725693
23 14 747522
45 58 991320
17 77 992487
58 34 852547
76 69 199950
8 31 97070
36 83 511709
68 22 737709
57 70 581875
78 58 720328
11 33 975759
37 57 868421
31 43 551881
37 61 556918
45 19 760956
91 4 395615
31 70 498552
66 8 628949
43 81 777912
61 51 785417
63 1 218437
32 60 967053
85 72 28503
32 68 450156
19 54 1523
20 37 972841
22 69 243351
70 77 938954
13 78 355346
64 78 759125
4 1 960737
83 61 719691
41 46 873791
35 2 60045
70 66 339470
70 86 18254
71 65 685733
5 27 160611
38 85 94419
26 86 264195
55 36 35439
19 33 967776
6 7 5678
83 12 244713
76 8 703495
57 2 320234
41 54 62379
39 76 995738
47 64 877312
40 43 954832
24 26 615401
3 25 459963
28 17 118392
8 7 304919
61 35 163979
76 43 182337
36 2 553458
15 11 80849
82 38 367663
58 15 43686
73 13 359247
84 3 482995
88 55 672766
27 37 291830
35 46 279051
32 26 702680
49 36 26216
34 91 478712
23 64 875523
82 34 70014
0 2 509667
78 87 733393
50 77 752449
47 26 903177
59 15 772151
36 14 735690
81 61 384121
34 53 419665
82 66 270790
49 25 539549
71 20 678254
88 54 980617
54 38 439986
38 77 76186
70 51 932092
63 31 361702
72 61 356557
53 45 60682
65 73 288192
53 56 905266
89 86 347166
74 27 190235
14 25 669824
43 30 314802
23 71 761869
63 86 863660
62 78 779351
44 71 161910
45 42 86900
18 65 478955
81 46 512072
47 33 300896
74 50 331760
44 40 925485
9 32 278136
39 58 835960
62 74 205323
18 76 39613
30 76 372927
40 42 651152
26 57 498555
7 30 295562
81 17 446943
15 39 628247
72 52 946680
13 34 459721
64 31 791309
70 30 247632
25 30 697333
72 77 375841
47 18 314185
26 85 501634
8 27 856431
56 83 153961
12 59 728434
42 56 193892
9 54 183361
83 3 479377
6 67 802956
29 85 61041
78 85 180331
37 12 143410
82 76 214370
23 89 247836
35 14 457242
42 66 455754
48 15 124366
64 54 207773
71 13 194593
27 79 742956
59 28 654716
35 0 430918
50 85 239186
13 18 440460
60 66 533097
85 23 952754
79 83 702935
20 51 657161
37 77 812569
25 44 691681
45 80 677535
13 19 414022
84 20 602541
59 37 888179
49 38 166454
63 67 534931
89 4 960894
30 40 374484
57 86 589875
43 78 643236
13 52 932054
81 70 438659
47 79 935648
21 78 717559
58 83 182965
35 78 285567
5 52 129302
69 5 881598
82 86 835352
22 43 602079
57 65 676221
0 75 113483
86 87 342690
11 85 272197
38 6 752865
19 28 489270
89 46 133246
90 46 431433
56 47 264720
69 65 254478
8 25 335486
53 79 476073
58 51 539905
19 55 92933
90 14 182026
50 49 537185
68 14 648075
87 42 994470
71 7 178884
68 48 489519
89 21 950332
8 60 363905
7 23 574743
76 59 742623
80 67 621277
48 77 853602
23 90 114675
19 27 239134
11 38 376323
48 10 193302
2 91 232263
1 55 601403
75 88 507154
63 43 493782
0 70 568673
11 65 541752
57 89 190550
48 28 134373
9 39 266388
28 32 722233
34 68 231792
58 16 127082
69 54 488564
23 58 959532
19 83 865990
60 80 213527
23 73 753823
27 69 970330
51 10 108794
69 25 272032
20 58 969090
85 17 486382
75 34 344404
54 5 63679
85 44 45675
66 41 399923
49 51 550016
81 71 100216
5 65 486955
54 13 450220
13 65 882797
79 52 510810
69 68 12512
29 90 749183
55 34 673572
50 64 708482
50 47 510722
17 50 118310
66 3 341940
34 48 867866
82 52 797837
56 81 310415
85 66 192863
1 23 353975
43 19 209933
13 30 444925
50 84 881171
36 37 951011
31 52 274386
44 5 686872
0 23 604580
90 35 240804
76 91 326986
16 69 690883
77 2 626710
11 90 798954
2 18 781650
39 31 832607
85 43 532616
23 19 683167
29 76 369769
37 63 872668
36 26 27381
69 74 595946
3 40 798773
1 18 467595
7 20 661659
82 46 128555
56 9 681383
24 39 274406
30 58 694304
30 36 908217
31 57 544789
82 36 813815
21 87 514530
58 61 956484
22 2 12030
49 46 621475
88 44 735986
1 6 613457
34 22 585045
63 81 625506
30 85 8740
79 50 418556
9 26 549687
80 41 997136
51 34 186304
69 85 872151
79 24 651797
32 82 806098
85 67 136824
5 25 299861
54 30 388210
27 29 928737
91 42 386392
75 14 803950
73 27 641833
4 40 295973
48 55 962284
12 8 520235
77 86 120757
38 45 944987
31 67 797129
45 69 913597
6 45 785692
34 23 104346
13 69 4039
44 51 278853
49 24 802907
41 76 346960
71 34 114323
20 61 458297
25 75 583124
86 14 643080
44 55 544104
66 13 111842
86 43 855247
23 83 788752
1 41 251400
75 59 247695
37 8 959858
54 78 723523
91 74 193254
11 54 315151
44 58 862520
60 76 490453
88 18 577976
21 38 716555
5 18 627214
48 86 690665
1 28 585823
88 3 599930
83 86 65333
30 50 50849
5 1 394631
78 59 458306
0 81 895324
43 14 664229
87 39 123318
48 79 759173
75 54 931311
59 86 571042
83 34 463974
39 72 13049
90 77 20270
2 75 387884
9 87 850746
10 50 763116
49 56 35864
10 16 31616
89 27 753049
81 40 800793
31 7 478251
32 51 820899
86 85 785278
24 75 164082
10 47 132220
15 19 452494
74 7 651918
85 34 210076
72 32 267150
53 13 410127
46 52 438322
3 69 280750
13 49 917443
21 64 425158
53 84 455381
38 30 914373
69 43 42951
46 91 967938
75 49 8088
64 86 154906
44 1 652518
89 47 931601
0 91 956003
22 67 879320
37 83 270252
46 29 787412
27 61 892261
62 31 392842
47 3 232979
11 76 283931
17 38 400951
51 57 51106
51 7 670949
37 81 749271
69 89 487260
54 77 925423
60 65 951648
22 90 296539
36 27 759666
26 17 883945
73 4 744077
9 15 424518
31 48 318039
38 90 684128
89 63 350998
77 1 222514
72 88 900580
17 62 532072
32 53 678345
34 78 265358
19 0 566937
78 32 874968
90 48 928179
0 33 843410
10 55 204617
8 71 272912
13 89 457537
59 21 957246
16 90 666102
91 38 562360
26 51 237856
82 25 741820
2 62 45562
91 87 579613
73 91 20248
2 46 801015
56 16 300357
18 21 152388
19 49 612486
69 10 288153
4 69 572255
49 61 792742
50 58 62128
18 57 882048
58 11 900193
79 33 482609
33 12 337806
40 68 718781
68 30 416127
66 78 849508
76 44 707055
29 17 448189
47 38 436019
22 77 718286
82 88 985366
29 56 10376
54 34 755396
53 47 839973
88 78 726281
79 38 457729
89 17 28817
75 89 311553
74 23 787755
15 36 675866
86 24 696898
91 32 152025
32 83 944105
40 62 333521
43 77 632609
53 26 290349
15 12 341468
30 51 435870
29 50 874290
83 30 819575
9 41 718116
67 21 975586
43 53 682290
70 67 171766
18 23 173969
59 56 959126
21 68 47437
26 27 163669
30 73 953586
13 56 522678
20 5 298759
68 82 594294
57 21 363866
90 49 145415
8 85 303738
71 64 531339
72 64 139393
63 71 765508
18 82 42614
2 84 738815
8 9 356525
10 44 687939
47 91 320962
51 13 489189
82 37 785542
7 33 604490
53 88 947165
54 21 240082
7 50 195287
30 14 165238
57 72 188403
1 69 967867
27 1 787306
66 5 752171
34 47 144832
72 45 348412
9 42 426333
34 56 421769
5 34 700238
64 73 182952
55 46 516923
91 35 725945
63 11 959192
10 88 998887
91 20 602542
87 29 324944
88 80 263712
10 67 651065
12 28 656910
63 60 734460
4 81 912228
30 71 579495
66 84 266533
37 4 688471
5 75 154262
7 78 23528
18 20 702789
37 78 149845
45 31 909040
77 15 501370
83 68 705525
83 15 475594
57 23 345623
8 50 447421
56 84 765967
91 78 153042
58 71 969789
28 89 228943
11 72 857550
88 81 217663
57 66 237800
47 24 809848
11 56 139932
15 67 214374
66 6 560538
79 15 324815
42 3 795510
89 11 395843
58 67 812623
40 0 312136
59 10 92233
37 35 172898
42 12 914926
87 11 10119
62 35 155246
49 87 269357
56 18 856880
78 20 582455
29 63 206580
45 55 494612
3 39 209188
58 90 144787
85 88 429684
11 27 570067
9 58 951976
15 52 17878
69 35 15031
81 10 438083
77 40 994629
41 69 932768
23 59 243185
19 30 199468
6 0 17931
30 17 480564
91 53 395538
66 30 70914
71 4 765944
14 29 354238
57 61 459115
78 51 53633
32 41 834112
77 64 384564
34 84 650524
43 8 522100
85 91 906944
67 33 215114
28 44 452758
19 10 988301
58 32 671424
46 7 834445
89 72 709462
79 32 214334
76 67 62832
84 63 280674
60 6 516708
66 29 887338
53 66 444898
66 90 295839
86 31 901873
31 54 665693
56 26 610787
87 65 450342
89 62 900597
88 91 537293
63 14 698306
60 84 978115
8 2 261686
90 87 205034
6 27 518137
71 39 484241
21 60 533449
33 48 798761
47 36 455183
32 35 777181
10 64 9595
40 16 893410
51 38 65295
33 58 886421
37 45 108699
79 19 462787
1 82 202928
91 17 615566
61 46 714239
40 49 408118
4 51 523686
39 64 910134
77 31 850578
56 40 375463
5 10 585526
51 90 291007
32 70 186655
1 12 775588
75 27 454060
8 67 764365
89 53 888789
91 65 880042
2 83 698165
52 71 775234
78 74 226367
4 74 715472
9 68 906703
43 21 852164
45 90 104827
4 77 444157
18 31 829730
6 64 117786
33 21 661195
25 55 514002
40 59 138888
43 80 272776
50 39 434146
41 85 993690
62 30 876803
63 33 697721
64 59 609545
15 70 332272
66 76 225191
24 0 7855
9 86 706325
74 88 290148
16 57 988733
44 42 1201
25 33 256
6 91 213808
82 49 170999
84 91 498521
60 14 181227
90 10 48296
45 86 524417
8 11 262924
5 84 640370
85 64 793863
39 46 202438
36 69 241263
23 80 248836
84 44 609427
74 22 41765
8 35 332610
25 61 86071
90 80 399423
14 22 123445
90 72 373177
45 5 646740
80 8 643813
27 25 384747
31 1 489507
23 31 765173
65 70 859334
48 47 584201
22 76 917494
10 43 336642
65 17 374710
8 73 583091
14 8 954281
84 31 408395
86 65 54079
81 75 31832
25 86 632959
74 13 8495
39 11 151568
67 87 209036
17 56 510096
70 54 570667
89 2 696610
12 11 592695
81 73 753445
50 18 341264
51 88 260956
68 39 808007
1 33 509890
16 89 577377
71 62 646967
47 11 20420
88 4 456689
67 55 604666
47 17 891423
22 37 938743
43 70 944021
81 29 665683
63 0 839628
16 53 590003
72 76 641184
36 60 178580
57 25 630348
79 20 248745
81 14 173899
21 58 743244
53 41 525630
39 33 360646
77 49 986425
8 79 15680
54 80 412732
89 85 207571
36 18 925631
38 59 263179
51 29 211794
27 2 337471
16 4 727840
59 48 709556
88 15 250254
89 51 524510
73 5 601343
68 25 948028
25 65 206504
76 16 287271
28 39 582040
0 32 958227
42 60 231583
4 80 780761
74 2 764754
29 82 201766
75 45 536981
80 17 103927
56 65 419210
87 52 169452
35 58 81145
70 87 360088
78 39 959616
80 66 733533
41 64 382009
2 78 223641
57 47 284739
21 4 884010
65 44 589235
11 75 182292
52 66 225907
32 71 174649
62 88 426180
22 71 838989
64 66 654108
11 41 984303
53 42 2069
59 41 323546
2 33 337862
23 79 96833
61 62 594636
17 44 148198
14 50 571502
3 59 331095
20 59 603547
47 59 666945
53 46 700148
31 72 789765
45 50 621644
11 21 88145
45 13 899865
5 11 1571
42 58 807525
40 60 717408
46 42 909278
26 60 714007
76 33 591639
45 64 181876
60 68 379345
32 7 458353
63 48 575628
84 27 513834
60 1 808380
76 56 529128
30 16 754832
76 27 373750
25 0 88261
69 7 374686
63 17 321482
23 41 56560
16 31 996399
80 53 700240
6 35 614569
0 27 444503
61 70 869661
46 74 39937
22 24 338767
57 1 43456
49 86 619608
57 45 454490
81 59 995241
20 62 607421
44 81 362437
80 52 242524
91 50 676820
41 35 421292
22 26 112398
2 56 294737
69 66 509636
62 83 81567
62 55 148222
67 28 962165
14 70 158280
44 23 729152
48 8 683221
24 46 452258
80 47 707905
11 26 10652
6 77 485107
79 68 406321
34 0 169787
55 89 234030
55 13 531596
91 75 707
90 39 443866
20 82 464073
34 30 28009
29 62 79053
85 81 535485
49 45 627673
54 56 48710
10 70 364825
84 68 815930
47 4 72011
84 38 375297
20 24 180634
65 76 477440
17 72 607195
78 83 853079
7 39 157620
37 70 580818
27 20 810423
82 56 895094
46 5 145756
76 5 743105
55 3 469891
12 29 706918
10 72 203717
75 16 444239
18 52 993521
8 23 901471
22 63 644655
66 55 902604
67 57 883053
81 25 363948
60 16 747297
26 76 476273
79 74 166288
41 48 572307
54 62 92429
10 8 551496
32 31 257835
36 32 481569
33 27 800410
89 77 84536
24 58 713279
36 72 746480
68 38 814324
8 40 560202
31 49 44936
43 11 248284
70 12 563144
84 46 473240
0 58 281036
41 12 591958
40 14 209088
27 13 313378
39 10 845814
40 6 202040
18 80 495063
90 6 965813
14 54 18154
47 73 836136
64 20 913781
46 80 818097
10 41 811787
56 69 218241
74 30 934061
28 56 47538
31 22 623004
8 53 113555
52 65 818346
59 6 661465
32 76 368838
37 17 388873
25 64 462781
89 54 490544
39 35 230266
52 0 675564
51 24 855661
3 74 39683
26 77 778154
67 38 471549
63 91 948887
59 17 298844
20 2 472100
23 81 275340
30 4 102772
63 32 917387
86 17 468301
17 19 183403
78 61 165515
2 10 408270
12 13 360865
27 18 2216
3 57 898052
5 29 22983
80 13 125954
27 88 29312
25 63 774877
80 86 770077
32 49 367800
72 38 658676
25 31 167942
22 58 713073
6 19 641866
67 41 446315
33 26 173026
14 83 248240
25 90 676982
10 21 306499
88 84 160997
43 27 717725
60 23 398187
37 69 774179
23 27 336867
24 44 980990
4 23 40091
91 51 934900
12 22 434404
16 29 72193
72 56 75995
33 28 609526
37 58 621902
52 26 726490
85 10 210193
20 57 872089
42 6 421852
44 66 768264
90 52 263228
54 90 23731
65 59 933695
57 83 410420
43 91 160823
1 86 248317
71 86 319555
29 4 355750
37 66 378765
3 24 928805
16 11 130403
63 80 935208
15 84 317895
21 76 545633
4 53 364552
7 91 121001
85 24 28848
13 64 541338
16 78 764562
54 50 40528
44 78 738438
37 32 517595
23 20 566384
83 89 729880
37 54 166749
43 61 593062
9 43 665315
83 53 849686
15 6 716153
15 64 173693
90 85 598927
13 17 60190
35 45 308415
24 1 978389
49 37 402958
23 3 91335
40 48 207891
59 32 713774
48 30 91209
42 73 577095
40 51 688308
60 50 13004
91 26 277344
73 57 892391
27 39 112388
81 11 308073
74 21 949606
21 61 836635
5 3 425260
46 17 29708
22 25 774785
5 43 20567
69 59 299034
38 89 586042
40 38 117644
20 68 852916
36 3 206645
89 7 780533
7 70 513731
70 84 634445
37 44 62893
48 67 151816
82 8 310323
5 85 837392
46 43 676351
35 54 100506
46 14 61086
27 38 666279
15 32 646183
73 50 496296
84 49 836443
50 20 48629
31 24 419573
33 4 775966
53 10 847477
85 49 519506
51 75 194537
23 45 901130
88 59 731460
34 72 306090
35 34 276830
57 41 679032
53 81 314402
74 86 338654
69 21 162129
27 64 81667
18 86 697885
34 64 464632
58 31 173880
21 14 925398
10 36 955552
69 75 992077
31 65 722456
40 19 363532
40 79 914422
19 85 537722
70 19 1502
65 84 166567
25 43 397355
59 42 280172
8 44 127556
54 74 991215
8 17 899647
36 75 544436
71 6 634916
1 61 882688
42 5 719611
80 76 46344
36 42 863077
90 7 945080
76 58 175384
45 4 895506
23 15 586507
6 34 473302
74 11 857411
29 57 784661
13 37 89198
7 38 138873
89 14 774786
15 18 854298
57 30 935940
29 24 196444
60 86 816635
60 47 316
0 43 824055
46 6 757519
44 18 192306
12 54 836149
34 70 326566
8 51 315881
83 90 336977
67 89 366477
90 33 604149
0 42 923351
22 11 81649
87 38 399100
56 39 655590
83 87 185731
4 20 308199
52 10 97773
89 91 119813
11 78 557617
49 67 240821
36 66 536567
83 55 902930
27 16 230746
51 47 242017
35 52 843697
68 86 804515
80 51 194132
29 68 115775
85 55 834204
0 61 338987
76 55 777197
5 64 167859
48 44 888963
44 49 608440
70 69 708771
17 25 150720
3 78 918471
49 80 330597
67 73 401038
44 50 392700
36 68 32210
43 64 322666
87 74 323178
82 19 89526
34 57 621909
80 30 138673
41 21 637572
72 25 613987
68 49 9636
56 74 492102
35 21 511416
90 57 361276
82 69 937761
86 53 652401
43 36 110319
63 66 994327
80 33 702738
58 65 717225
42 88 476514
62 58 511355
26 4 551303
61 8 779919
48 69 226183
83 8 972593
5 83 917409
8 89 256428
16 77 66523
43 1 494778
54 43 388512
18 63 799958
32 48 21005
75 85 518778
66 34 64988
43 15 757421
65 16 562039
82 28 107671
74 61 968310
26 3 702565
33 6 731128
30 42 894936
40 29 84549
28 66 594192
65 30 745898
43 62 206892
72 13 643368
41 78 427975
12 50 857413
60 11 35929
55 78 827443
2 24 595458
44 38 648962
29 8 555228
49 74 385579
9 63 331260
62 72 99428
21 40 333216
66 31 316055
68 41 427902
22 4 263338
64 2 41083
36 61 951715
45 28 393499
10 68 257124
51 74 829621
48 65 424024
37 33 233449
31 79 599511
16 33 927955
65 54 742707
25 53 772434
50 24 215467
7 52 559569
21 31 860945
44 14 294292
36 12 226796
34 87 682085
25 20 702627
74 75 858475
70 1 619175
66 7 357599
58 68 218721
49 54 726539
91 68 485945
0 89 164994
11 25 308943
91 5 273038
66 16 948050
57 88 340424
35 26 419766
69 29 27826
5 67 166698
75 39 530022
79 57 125405
38 58 81597
4 61 431370
47 27 997495
15 55 143293
64 80 744825
86 3 394736
9 77 252250
4 11 988268
15 14 733989
59 19 172632
29 61 527871
57 75 560957
39 80 274898
71 0 439254
7 53 192489
14 88 265707
54 32 426436
46 83 283386
66 86 295784
75 82 668809
36 44 470152
89 36 129166
58 14 491217
66 39 51894
44 57 478104
5 24 964577
68 78 958732
69 71 997121
18 24 77979
64 63 853691
71 11 255659
16 64 588899
65 75 527920
8 70 990903
75 30 920677
35 44 42679
6 2 20684
61 59 936535
80 89 967250
62 63 937749
46 11 529598
77 0 733819
74 48 748669
90 36 742500
86 32 487117
63 77 454454
69 47 98550
15 85 691569
33 83 890225
2 25 263395
91 18 402709
51 72 154114
52 57 913828
79 85 823446
84 42 685503
84 78 10881
71 61 801793
19 50 762858
24 35 221184
24 45 457758
10 91 868779
47 87 880728
47 67 693505
60 3 868763
73 11 912779
39 51 586022
68 8 937742
76 34 379212
79 21 285997
81 78 319478
61 31 37526
67 23 300553
18 71 850845
63 23 569472
91 52 487252
29 32 950682
38 70 214126
24 21 663723
35 13 654762
56 90 518244
75 80 808295
72 14 923797
71 54 781384
0 57 145372
36 6 205767
22 30 395629
79 14 862455
83 27 472204
7 40 3857
63 38 829024
1 65 663241
37 64 82911
46 67 339811
42 8 698540
72 24 774588
56 87 817004
15 87 912103
75 43 461570
43 28 207845
17 54 424133
86 0 746546
0 7 922728
0 66 161298
77 69 678597
40 39 417826
70 85 104727
58 18 892319
79 66 612243
14 37 343864
55 81 439876
27 82 290727
87 77 872684
74 43 935940
1 71 3400
39 5 298484
64 68 559844
85 39 820246
71 16 925743
5 23 189607
77 20 459154
43 35 142753
63 16 890818
46 1 888859
8 81 525754
27 80 652288
67 19 603491
70 23 937109
90 26 916736
11 20 617775
77 91 800648
41 56 372612
12 48 626424
69 8 202591
28 7 6805
48 78 694701
90 27 931704
19 29 648116
46 13 131739
71 2 808551
68 11 988256
46 66 800766
5 57 494695
85 51 816884
47 74 403724
83 63 370077
36 23 623832
91 40 141700
17 76 210381
89 39 436287
31 59 748292
47 72 96139
33 85 469113
62 90 323107
88 35 491192
11 14 51647
7 64 855620
45 54 532598
52 69 770487
18 4 88135
18 66 610066
90 71 548253
30 35 114981
20 69 688267
70 80 581317
86 40 28964
14 6 195857
45 68 869730
84 16 234993
42 78 860843
21 16 217993
69 0 932178
66 47 338214
43 38 428653
6 83 589346
24 6 958696
81 84 744127
67 25 298211
15 66 197078
21 66 332698
7 62 403468
8 49 912928
55 20 436705
84 0 536341
35 65 402035
71 75 264873
90 91 109281
4 60 320714
60 43 275216
61 89 158181
21 25 584606
3 71 308437
38 8 236213
61 91 155236
46 54 658905
70 78 51208
53 29 204420
49 89 107694
82 74 16027
15 68 164513
76 6 682051
2 73 515905
30 5 939465
18 51 300540
72 8 597895
76 70 22723
20 46 321669
32 38 754558
69 6 286564
50 57 908374
13 87 744887
0 29 18980
69 46 295880
4 65 703115
6 89 544488
13 63 563008
33 24 560199
41 25 496564
71 87 131539
83 9 913743
36 48 482458
56 50 844699
71 68 294933
14 0 901234
26 20 466138
30 47 409875
26 18 393782
18 37 194753
75 58 206721
74 0 150200
10 26 401726
72 26 736994
4 83 416290
65 27 142287
31 78 903484
32 81 674294
71 80 635452
86 50 737676
9 0 274755
43 68 97382
28 54 555393
25 89 377244
37 73 22643
1 79 172629
26 88 896302
87 89 150939
88 31 63570
44 33 747576
21 34 654433
80 10 656727
62 69 35958
27 9 268743
71 55 855639
44 52 369386
5 58 525337
83 88 378065
83 51 306231
84 86 773443
19 47 736721
77 57 821924
84 21 295994
78 27 764173
20 0 736431
6 78 287063
43 72 684748
84 12 299028
19 63 993742
60 81 824908
19 38 601006
67 66 563447
39 69 91000
56 67 241763
65 12 570883
70 40 71640
89 26 270590
29 86 746090
51 60 972244
1 67 865323
55 58 385526
13 22 846889
58 82 911164
42 69 265997
19 34 987604
36 78 158376
32 33 141294
42 76 206896
91 9 632673
41 90 908897
50 22 207763
65 21 910564
37 65 72416
81 72 120664
41 63 696867
57 4 122449
10 75 662203
28 70 407110
62 60 855199
4 68 766657
26 39 428897
70 83 598034
61 54 356605
56 80 932685
91 81 454258
24 23 392866
85 42 662989
58 48 87091
16 50 479369
76 9 974708
68 19 171715
89 9 878937
25 13 715367
82 43 607269
56 19 901184
72 37 325927
1 17 455129
9 71 896860
58 29 754534
5 22 194673
17 69 549517
39 63 623052
36 81 339094
14 71 9028
51 5 969198
32 52 751546
91 19 27688
11 2 798755
54 53 338213
19 80 418496
78 15 697388
58 66 895610
70 50 250569
27 71 936171
34 24 615144
65 28 535670
30 91 316585
71 79 336783
11 86 823198
11 23 42456
39 65 342137
77 66 557907
18 60 34319
72 4 363850
69 50 562224
6 82 735241
23 16 467125
87 51 640148
60 56 162747
73 54 33928
39 67 19092
74 59 12628
68 12 29051
79 10 10576
23 40 57891
9 7 321160
66 14 997158
55 63 244124
47 14 990254
22 53 695083
26 46 176911
64 61 932812
88 25 378106
75 84 179131
82 63 974017
5 38 738728
13 76 617816
1 15 588881
11 42 112588
45 10 404775
30 72 308064
78 89 841256
34 11 748919
28 76 98772
55 16 544948
82 10 259760
23 29 782794
66 38 422939
44 54 687146
11 70 427938
8 75 413257
74 14 122053
87 41 412735
77 85 476694
73 7 538062
59 33 631667
12 86 615687
74 6 693706
73 62 603556
9 28 370572
57 46 264388
83 49 124114
48 82 838050
54 86 41606
73 55 252381
64 48 745771
37 91 560734
77 82 562306
59 46 795989
41 79 651493
73 83 467160
74 17 28584
43 12 55887
25 36 340618
68 0 749578
19 77 872911
77 39 87009
8 58 295095
72 23 475448
76 87 282455
57 80 236681
73 9 247259
7 57 265977
58 26 723168
42 25 745455
48 43 273586
72 69 221580
17 43 493460
47 12 741094
84 82 734116
27 77 333541
54 2 558844
13 86 432747
88 43 435980
8 5 417235
77 46 952334
59 11 250690
31 60 29399
51 37 316936
73 87 973782
59 25 984988
53 5 904577
40 22 489090
71 41 108973
87 75 704716
22 86 208686
60 83 584097
85 16 113511
83 69 304928
47 25 31918
35 12 807437
13 58 683643
37 47 485197
37 26 611841
38 50 105431
79 4 192208
24 65 776583
55 68 487403
66 2 481403
10 71 342806
6 88 190316
19 42 659643
20 76 270612
7 29 529431
14 73 782621
89 42 852165
26 44 351693
16 0 703332
50 52 526710
37 48 542414
52 45 238027
91 62 883685
42 4 295984
20 22 568246
60 73 697072
2 23 210917
62 3 694081
23 25 50670
39 17 504153
10 46 674437
74 53 160599
36 63 646220
66 54 432364
48 22 259833
76 79 599597
57 33 686707
51 56 909439
34 8 962948
28 18 68889
26 13 885131
10 77 696762
68 2 299473
37 6 485862
37 80 584043
46 65 724164
44 12 82364
18 49 124000
3 30 316893
49 60 737933
50 76 402604
42 51 250010
88 8 490899
35 63 782181
10 4 469349
58 41 783385
85 80 13370
32 2 665868
9 45 582507
17 45 940098
68 54 427068
42 70 915560
24 70 410859
2 58 831452
59 89 401584
80 74 711108
23 21 525621
14 69 622692
62 15 138956
23 35 572377
84 13 690114
63 59 556069
33 51 851431
80 87 782452
52 77 388772
56 1 473221
60 29 795399
44 32 442500
55 12 62601
44 70 789092
38 76 812738
28 40 925758
88 70 762334
20 66 942777
19 58 16537
69 18 326066
75 38 347064
27 59 561980
34 69 721903
25 4 999282
52 40 279681
37 16 291562
75 33 756312
16 70 556307
88 17 728437
57 53 247596
35 57 970388
19 90 484271
23 52 159465
55 69 96115
78 65 242703
30 60 388417
60 25 418713
38 53 242681
5 19 399308
52 73 399864
78 82 731063
18 9 725193
87 43 237721
45 48 684822
61 69 452230
73 3 475463
3 65 847385
3 15 878980
66 50 98594
49 23 649405
54 59 156366
63 6 152207
14 55 915174
58 17 835087
27 54 984012
75 35 303155
35 71 214370
73 86 268565
67 50 357822
3 2 16907
75 32 315610
62 34 261125
37 86 261673
49 30 106727
50 88 253988
72 50 579324
10 20 268423
35 70 973427
33 55 795343
12 72 223261
31 13 293824
31 10 397217
26 23 667932
71 33 182217
17 33 944603
4 2 223
90 12 748845
28 11 843250
34 49 426689
70 72 90205
15 61 55873
8 54 437825
86 15 691585
20 30 53185
43 13 441827
1 34 652900
9 66 87445
33 20 85873
14 42 398834
62 21 547451
88 16 565295
62 9 186033
10 11 791785
55 72 330766
38 4 316236
41 5 497217
56 88 923810
83 7 345407
28 60 944363
35 11 109469
66 75 888943
65 79 234916
79 36 221441
74 57 498665
13 57 239907
48 75 495445
64 24 968955
76 24 370710
64 57 2997
46 28 630721
21 37 758068
91 80 842252
13 40 968641
4 17 135994
15 28 9141
85 57 864222
51 63 894761
66 71 987779
39 52 75549
83 81 835362
19 8 856886
70 39 144145
11 83 438991
7 14 464018
16 22 319259
39 4 344554
54 4 599340
66 43 722402
44 62 446553
0 85 603197
43 58 133872
18 32 786739
76 77 237364
87 57 70946
63 28 507649
73 1 880445
2 88 219149
76 47 601541
58 87 635145
49 55 313880
82 71 490878
29 84 376347
30 37 300154
17 22 957728
37 38 889529
84 35 330832
35 38 149801
72 82 473782
6 61 551828
28 61 943479
86 46 200795
2 14 244481
38 24 357608
35 77 544386
87 30 705990
29 41 363350
66 81 275357
12 58 562513
27 44 937818
45 25 927402
49 78 88189
88 33 258631
39 2 485466
26 42 43252
56 61 263972
90 0 512318
27 32 669927
22 61 151274
45 88 743424
84 25 256838
46 23 793348
17 57 241585
27 45 957116
91 72 406803
47 44 247570
75 1 703804
31 33 674437
31 2 872368
14 33 283052
85 36 703197
4 90 780114
82 40 229535
8 78 747304
81 62 284022
31 73 858249
82 64 37796
46 0 669298
75 52 585126
2 26 865268
31 12 559648
50 90 77743
46 88 31114
29 54 949779
77 58 511780
44 21 804392
85 48 629132
36 88 830613
47 55 177836
42 17 335619
26 68 381004
65 64 477794
50 80 629729
40 58 810667
49 42 928489
51 28 709580
55 8 21416
1 78 169149
55 59 7893
1 21 687426
44 61 909680
32 84 520129
35 16 914772
26 7 551570
6 12 569592
48 60 806659
70 20 701218
31 4 238667
1 91 628515
66 73 11790
27 85 574112
42 64 171857
26 6 386870
12 63 614641
13 9 709952
73 69 108675
28 73 542134
60 44 324641
28 42 615870
20 90 893020
7 63 214178
84 14 343317
17 90 308671
72 63 461850
1 89 61886
50 4 655176
9 14 367531
12 78 995560
65 68 953748
24 77 960682
2 59 837075
6 32 771465
89 35 456182
33 89 509759
91 79 749340
68 52 420535
63 79 894117
64 84 397611
60 2 585153
42 86 683653
34 33 363338
87 37 103625
39 57 845114
77 28 922726
46 37 760944
35 48 656198
6 54 925281
35 68 507611
4 27 975706
67 37 802544
15 65 718274
75 20 191797
28 79 126445
52 14 531942
68 16 816782
89 41 722890
87 5 77665
5 47 436144
91 57 14954
59 14 880246
88 66 17442
43 50 42078
33 50 627496
52 3 927465
60 13 266082
72 5 306062
59 34 763652
49 16 56544
47 63 64578
62 33 320170
63 53 258031
18 30 902583
21 17 209802
29 31 484359
50 27 957627
17 3 598924
79 9 62848
6 49 225545
41 24 84374
2 41 745147
51 65 896742
60 79 307896
23 12 22
73 91 60
80 85 17
56 88 48
12 19 59
30 86 38
72 48 39
34 28 51
17 2 1
13 21 75
51 81 13
61 50 58
81 9 26
68 53 4
32 1 49
11 79 76
16 20 73
62 43 29

