86 1887 1
34 76 168319
72 59 182859
45 13 847674
60 76 286580
72 61 218579
71 2 132085
4 13 670309
13 25 629131
29 17 651106
14 80 311995
1 35 111555
13 29 460472
23 30 216423
76 27 122054
67 43 925084
41 42 847260
22 52 801646
13 40 140317
78 8 443538
46 14 730012
7 83 163421
1 3 703650
78 34 468584
14 19 113684
26 64 540487
71 3 822147
71 60 111674
36 67 361342
69 48 79799
70 34 741728
71 23 469764
25 36 282064
15 22 347552
18 74 655016
19 9 854779
76 30 765510
53 55 28921
23 76 185309
83 57 648434
70 85 129256
2 18 340908
20 32 304963
14 75 158695
9 25 386394
73 38 124526
49 45 830337
44 79 656039
27 48 297344
63 15 739650
6 22 174611
77 6 594095
23 67 335505
31 8 469979
81 12 756185
14 83 245019
21 30 525273
52 9 569930
13 75 798669
41 58 788740
8 11 422982
21 85 352696
30 82 637217
5 8 755051
70 32 664075
24 6 297149
75 85 797927
8 4 461930
70 55 931908
73 7 557069
41 27 50504
46 59 316843
57 4 440384
61 4 314104
53 27 750534
30 18 193126
70 58 722347
18 1 994864
40 38 487896
79 31 636480
65 53 755834
28 7 320186
48 23 709505
58 62 760480
47 70 307604
43 21 173297
36 56 284089
44 48 232013
81 19 938606
68 35 359369
34 11 774265
8 27 971334
75 71 585347
58 66 161995
14 58 880907
13 55 622559
9 59 300491
68 39 358562
84 10 186407
69 71 105517
81 58 700874
73 10 972845
85 53 729147
19 65 582211
85 82 630823
57 70 747759
53 24 344213
19 29 402845
55 77 434945
71 34 461468
50 32 160798
31 82 43916
12 52 943553
41 33 855254
0 38 444722
53 29 235647
20 39 32137
39 7 868542
70 43 974280
35 37 808277
6 71 579936
25 44 37633
82 56 890816
81 59 750712
36 60 850198
40 72 745039
2 23 820381
14 78 764534
40 2 539689
56 0 122780
22 18 491432
7 55 577333
32 26 186036
40 76 363413
29 27 34226
78 0 381569
20 68 789388
79 60 461709
11 47 394439
76 72 240563
5 30 267703
66 0 259605
47 60 16948
25 18 936218
82 0 955416
1 74 341251
21 49 658209
18 73 94185
57 41 281452
82 15 210610
6 66 622260
39 24 565874
46 23 339482
78 79 316401
66 56 309715
13 57 926424
15 43 588535
77 37 826343
12 62 241146
29 16 345997
59 35 261738
83 22 623216
73 67 289610
38 81 888068
22 36 908259
41 8 636609
43 30 922811
62 11 578459
42 11 254896
77 62 447289
58 30 137591
80 62 370876
68 18 851685
28 14 56381
58 7 402539
82 58 531351
60 16 204216
37 18 62215
6 64 651275
65 52 92306
13 6 212880
22 69 632690
1 55 220665
68 36 92387
44 7 291919
34 84 599103
79 70 906492
45 9 849709
68 14 893258
49 4 665862
22 76 68677
40 56 479440
39 42 844881
2 57 784075
34 20 647047
46 35 220880
8 55 519574
60 15 402826
55 22 353257
31 7 840199
61 12 246760
81 10 566929
41 85 944012
21 8 317013
15 78 614202
83 19 200027
15 75 916844
57 43 778494
20 81 151979
54 15 392637
6 53 499974
7 65 606701
32 40 96935
32 57 395624
48 79 628495
53 42 498082
74 17 599382
85 42 627297
60 24 650526
62 63 750319
10 5 123883
61 41 477679
55 47 266217
53 8 167296
67 27 243527
7 47 922336
51 12 786341
42 20 401412
14 3 305275
35 67 997683
18 41 595027
71 59 429178
62 76 24539
1 12 304303
1 56 795977
2 4 367142
51 47 804300
28 47 204532
42 40 709560
25 73 785847
75 9 423460
47 61 177961
64 8 852257
74 13 88391
68 65 556836
71 35 371
33 13 96072
66 24 682799
37 34 421189
22 62 676579
79 27 759531
43 4 161616
36 77 34470
17 15 141381
42 32 501707
5 66 667833
9 30 85390
80 54 741384
17 63 6126
6 10 561938
13 50 573921
78 61 498983
66 83 154393
30 37 666073
43 16 851531
10 41 478451
42 70 129502
3 65 986443
25 4 744641
50 64 342516
9 70 321469
60 4 1986
75 0 118633
79 56 60366
54 76 92940
33 62 459894
78 74 157238
47 72 978503
71 57 342110
19 70 342707
23 55 38925
84 64 185003
18 35 658837
49 22 685001
63 67 654203
82 41 390269
63 58 338742
84 72 8990
65 40 339675
74 31 424596
71 18 325177
17 26 432262
9 39 294620
20 52 469930
70 60 346081
31 70 295111
40 39 828213
8 18 734130
63 30 578061
44 33 859336
13 67 91572
37 1 192663
75 24 320992
19 49 127545
56 81 415485
22 21 481521
62 29 556895
25 34 946550
36 74 840714
61 32 495562
48 71 211057
79 42 50526
59 54 201375
24 9 294538
73 61 392664
48 83 466224
84 81 269904
55 81 283224
47 8 551440
56 47 160253
15 36 245510
27 31 710475
68 32 840648
71 28 861867
71 39 323493
14 67 604495
47 2 280487
61 7 4188
66 31 787756
61 28 542627
79 64 294470
67 21 13688
39 23 742021
40 41 704600
8 16 372584
12 34 137065
47 25 62420
36 26 419734
17 46 921202
18 78 20667
34 22 949613
34 44 314137
74 50 750939
33 63 611459
82 74 837925
70 59 989187
53 45 41109
84 19 393114
6 69 783377
49 29 971621
38 17 963789
5 79 84026
17 28 562637
65 45 989277
17 48 474483
55 16 331987
9 28 132473
29 67 542211
54 85 825208
65 80 798193
41 32 889301
0 77 983108
68 6 438981
47 40 377149
66 59 286034
58 46 938333
37 2 382472
45 76 487560
52 81 630641
18 38 602610
49 33 128646
70 12 11610
77 70 261919
33 55 952493
85 36 644777
27 83 997109
9 13 172350
22 2 786912
70 75 13368
74 12 65766
14 26 326227
60 38 855390
69 4 448198
50 61 827588
67 48 610815
51 65 757440
59 76 633863
75 10 85925
58 48 620825
49 36 272518
11 38 838947
11 70 174497
47 79 612295
50 18 710922
28 31 285788
34 21 52102
39 31 361623
50 42 788149
76 16 516381
75 26 696148
79 80 259372
5 62 975242
76 5 564134
73 56 973779
77 48 444348
27 32 562146
19 21 990116
56 11 717502
53 74 722394
58 4 878513
2 72 328619
39 57 557159
21 28 866043
12 55 520312
49 50 806503
3 39 403180
37 12 348962
11 58 335047
5 25 71750
72 17 125508
34 52 334978
46 72 646973
21 75 696731
73 34 601355
82 84 967401
73 32 954290
9 18 613155
59 39 448662
64 78 408713
18 3 996816
67 68 980463
3 41 405429
4 15 310702
67 10 873498
38 25 79436
61 83 270104
44 15 736701
1 67 576527
7 32 22011
36 38 598760
15 5 135663
81 26 295771
61 35 642969
23 10 896435
83 8 37164
78 76 335229
5 75 217921
35 19 361450
48 70 628419
78 9 776207
40 34 82868
68 63 648273
36 31 329833
66 68 495581
2 48 996196
39 5 483861
80 32 784374
46 13 546601
10 50 909766
62 16 887827
34 4 395208
21 16 617278
0 69 786310
22 39 880752
16 24 270602
64 12 723728
32 66 359826
65 38 888653
84 48 104864
72 8 271786
26 50 759316
69 11 156061
43 5 618342
25 23 158075
23 49 222164
11 0 52155
63 70 128586
66 21 124449
84 62 890878
56 42 307349
61 49 195101
46 60 715523
81 43 229518
70 50 859628
54 61 626884
14 20 224222
69 34 9711
22 24 368266
13 60 152700
33 57 901069
46 48 403242
7 13 660224
34 75 426725
18 76 892180
52 64 889458
53 35 439345
65 2 108223
19 61 669121
51 39 809591
38 42 496947
42 19 861746
70 26 307628
15 65 245237
83 42 554796
72 83 429759
46 4 898412
76 36 401480
22 28 340276
35 17 743262
49 25 451190
48 81 255147
50 33 11517
25 39 524839
53 4 833107
30 3 483618
3 16 874824
1 6 852863
39 1 373066
65 48 296572
85 3 449184
64 19 240181
27 77 10813
33 47 552015
38 84 696260
70 68 907174
39 8 318806
63 6 694959
65 56 67429
9 41 812794
52 41 875645
26 11 445302
17 52 348609
33 74 920887
65 57 140719
50 65 575842
9 72 490609
77 58 837579
16 5 986060
53 26 696508
34 0 629718
76 7 449565
39 61 925479
72 36 146339
77 53 774083
62 14 894234
72 25 139342
77 1 5863
60 48 17808
78 6 651146
40 83 997956
64 81 896287
21 42 951139
5 24 604535
19 36 771831
28 74 394075
1 61 876860
63 4 968678
11 10 492370
51 62 397075
53 75 588346
24 55 512016
60 2 257884
33 66 610289
41 74 827811
14 70 351824
23 66 731170
41 64 662781
1 16 194427
69 83 543478
47 24 519077
9 50 366558
51 6 131407
28 55 523814
53 54 357125
53 70 698934
64 71 15395
45 3 893713
71 54 482225
81 79 12545
25 61 458154
64 27 494938
83 81 178560
49 10 972152
43 53 530911
46 29 848693
6 75 374610
24 11 33318
14 5 638549
71 73 941210
64 61 576963
33 82 220477
39 50 600552
28 83 849769
66 2 958683
45 18 419306
53 18 211020
73 81 23763
63 69 317723
54 72 595855
73 8 216404
6 23 37189
7 85 924941
26 27 483384
33 67 648389
20 76 377344
75 67 376517
55 75 403313
63 75 918007
6 45 149823
11 68 754741
79 12 588961
72 18 891079
49 51 95445
83 25 138221
52 2 133446
19 7 420175
82 83 690269
8 6 614381
52 32 604089
17 49 146911
50 25 868174
7 41 854649
29 36 159478
83 55 636985
41 51 660959
4 27 177331
79 3 610731
5 52 610844
76 19 310603
17 45 386412
43 18 73768
57 19 562454
29 52 408736
7 59 601288
82 24 410428
3 81 472964
3 37 993946
21 60 815321
48 6 794360
7 22 455616
70 84 481622
37 64 393519
35 48 359134
50 75 954511
83 36 218467
77 84 537852
38 58 229316
27 2 583451
62 45 962502
5 47 720946
28 12 966206
21 29 164165
28 84 651728
80 53 505439
27 22 269821
79 0 796899
85 74 712089
23 74 882682
8 38 411466
28 18 130297
16 36 70084
77 85 374297
24 13 554874
51 9 895105
18 48 732829
81 69 582171
85 76 457362
4 38 600380
47 10 665182
37 61 398551
4 42 261355
68 55 354716
42 78 530476
8 2 208313
4 80 746485
5 2 792462
72 34 326574
17 20 200055
66 81 701126
62 28 119590
32 53 520893
35 13 486047
43 79 496141
8 24 939445
8 43 169840
55 58 689668
36 4 211485
4 81 788448
65 81 238091
62 75 603660
69 28 77600
20 2 336966
45 23 272900
67 77 100296
5 6 577022
21 56 865036
44 61 18050
50 72 166622
2 55 962936
58 44 702110
38 54 68754
59 78 796128
62 34 308261
33 11 266774
13 32 893563
27 57 578932
4 70 296329
28 13 101697
19 16 483954
31 43 854774
21 23 469179
22 30 608785
6 61 819922
74 51 808920
75 58 75476
49 68 354167
28 58 604792
83 26 116959
10 33 752034
76 80 325387
8 60 424962
36 62 562510
14 7 484371
21 82 596690
6 84 762407
44 5 828779
44 31 498728
71 53 259894
29 71 225575
64 82 785967
24 77 55835
5 46 166298
81 49 475352
17 18 373639
47 22 922468
79 84 140356
5 20 953239
61 80 803535
84 59 920820
22 74 994723
46 53 286901
73 19 426708
23 47 344256
34 79 791291
34 42 202941
41 83 651409
71 42 863069
76 14 538937
41 6 990719
34 80 891923
18 10 763447
27 20 178248
34 31 378094
3 63 152638
57 12 251064
65 11 843465
65 74 164936
60 52 787257
36 34 123806
13 47 230125
39 6 918739
2 76 88543
40 61 558221
44 71 639754
43 33 675246
35 9 632178
84 13 17973
67 45 560670
43 23 411475
63 48 11181
71 8 732474
34 59 76618
69 38 989238
50 14 981277
69 8 689506
7 26 265374
84 14 281063
80 36 152340
39 70 114841
85 30 177490
73 48 133406
33 69 339958
49 26 95749
58 19 545970
61 70 600849
35 85 738403
6 30 843207
85 65 802488
25 78 616246
29 81 372275
75 80 549283
48 7 432565
7 27 815301
27 40 806581
14 2 36857
48 59 329909
65 25 807423
63 56 793131
35 20 300559
77 56 497806
65 35 7806
45 22 784114
8 82 587380
16 77 652723
20 21 416298
15 51 805736
71 81 995202
41 46 109741
18 44 501381
3 48 937325
77 5 500096
69 76 576141
0 72 544818
76 39 905804
68 7 178697
80 28 688273
71 72 699109
18 62 299098
85 81 70325
50 67 585635
72 62 499658
5 4 957497
1 83 688001
16 82 505581
40 63 284689
7 49 543689
79 10 478684
57 60 477885
62 0 829961
77 78 824169
32 60 400878
23 15 455796
43 19 856165
63 43 115882
75 29 93437
46 37 320888
7 24 375004
29 51 173082
1 19 583334
27 80 394877
65 20 164722
10 82 378359
47 34 319478
59 33 90681
15 84 140156
79 28 857330
3 6 573833
46 1 267695
53 66 75119
43 6 860051
63 1 17992
76 49 215962
68 58 843865
73 82 242679
47 85 691626
7 50 327205
72 5 565868
18 33 771114
49 60 61547
64 55 286320
77 13 838302
50 6 306756
17 1 245535
21 59 497079
39 83 537324
68 83 363381
7 12 733328
16 69 419183
27 54 300965
81 34 330649
35 28 579117
83 10 531494
38 55 657366
40 1 776944
67 25 582303
25 20 103198
30 67 64756
59 65 849872
26 5 417753
56 39 439686
52 54 855955
5 38 550939
7 79 698540
80 82 882388
24 30 110428
84 0 67884
64 29 659259
71 20 90787
82 5 471962
36 28 10262
50 36 685509
31 41 227196
20 19 22392
65 0 651096
76 61 632030
29 78 618464
40 23 725826
82 79 99800
31 12 771844
77 50 141132
66 13 15000
24 79 695719
67 82 165218
9 47 624542
38 39 70893
23 20 426827
45 64 470994
22 16 743474
0 13 540471
20 36 496088
44 80 816129
37 56 520986
41 75 634215
12 50 633907
23 1 439042
8 40 411716
37 38 228994
12 60 633184
74 43 629029
24 23 511000
74 70 446879
15 20 252329
68 2 726451
59 41 325511
65 43 217686
13 8 596798
34 45 931836
64 32 359167
81 61 817750
29 11 278293
76 75 319560
14 55 48001
72 79 956268
29 15 153354
3 58 883233
20 28 665583
75 40 793504
66 35 104690
19 37 877016
59 73 479080
61 31 451538
19 82 92697
15 79 885741
25 84 268521
76 77 454575
1 57 674453
31 18 616148
69 62 777013
68 60 466713
83 31 49187
85 46 764085
17 68 407889
36 3 727918
35 26 581258
9 64 835994
85 49 572737
29 66 487684
23 17 334197
46 51 529061
59 8 724091
23 0 49050
32 58 825852
80 15 704244
27 49 370884
58 60 821418
85 5 452416
20 31 60912
25 32 636549
21 11 354740
84 20 193815
62 21 819907
74 14 461328
68 3 12707
51 32 617816
41 2 21791
8 34 267517
25 3 908713
33 80 833482
4 73 899037
34 63 420491
64 23 795375
20 77 57527
23 28 982372
45 35 116340
26 2 10393
66 54 212501
54 12 412568
74 26 990517
66 69 932938
26 24 935175
11 83 167997
20 51 488468
7 1 494253
35 21 800810
57 29 531705
56 2 198061
71 7 491692
6 82 569402
74 69 149584
22 56 173162
29 10 10847
50 3 422244
46 79 579448
60 39 810240
44 49 981397
41 56 257376
83 35 868519
21 32 94056
38 85 670822
3 66 644753
72 31 999184
1 59 182195
16 49 724153
57 23 543151
49 0 497661
33 76 820494
72 11 468441
2 3 997557
53 13 873721
74 48 75586
30 27 989406
36 64 143570
43 32 417758
49 13 62941
71 55 405605
61 0 556080
14 4 669921
82 81 455954
54 3 533469
7 20 923425
75 74 228938
81 9 803533
34 29 729171
61 48 787937
5 41 990624
46 27 964396
25 56 581150
75 61 848421
55 84 563231
83 59 198635
84 54 90717
36 30 581486
64 75 250015
13 20 759643
56 27 133855
43 54 696168
84 42 178482
80 64 797104
21 64 753769
55 48 821813
27 14 699454
4 0 58095
0 53 910640
51 8 532308
36 66 165109
5 65 497925
10 70 576077
2 62 845491
35 75 467071
61 36 995674
69 3 63439
61 34 847316
72 26 773943
44 69 933079
9 73 437275
66 67 965648
28 6 68894
79 71 994168
27 71 881703
59 17 605844
19 72 945275
43 58 123982
84 76 311361
18 7 547393
50 54 354444
47 82 703888
79 61 781198
66 22 590313
19 4 509349
51 58 305377
20 60 131168
10 12 89830
63 11 553099
20 29 730443
46 78 73252
47 62 533766
36 78 631357
85 66 723929
9 79 226228
74 15 526666
3 80 492892
62 3 8937
45 29 435082
12 77 502901
25 55 898214
0 57 409066
79 50 726221
12 72 815116
11 35 936515
0 31 66884
20 58 386927
35 60 762088
44 46 15953
11 31 698593
39 63 4780
17 16 215956
6 42 385206
41 54 933481
53 25 37128
74 10 308278
70 27 441294
80 77 995815
11 17 853228
82 18 360452
10 24 96198
73 24 328603
61 38 536265
57 18 620321
3 61 984658
76 15 901853
17 79 343869
31 64 272801
40 43 301980
78 19 974231
23 63 817993
37 8 749568
59 45 529099
21 68 747994
20 82 404000
18 42 8876
74 54 890042
4 31 976920
19 66 932611
48 75 641268
38 3 306404
27 43 237858
44 74 614105
52 4 50379
78 38 525769
17 0 5284
30 42 756221
82 7 620490
21 37 255788
27 45 284396
53 15 285112
85 34 210689
81 8 402672
76 82 67567
58 54 737366
57 74 413728
28 1 928565
27 47 923655
79 73 312117
72 52 113797
47 30 284185
64 5 315247
77 68 410029
80 39 10012
47 15 479386
34 2 896084
16 46 768580
54 51 648082
1 64 258757
26 65 238948
71 74 107489
29 43 888310
31 68 348155
0 30 898459
16 35 311005
73 30 134733
67 37 468645
32 2 326098
33 54 743483
61 14 401934
54 45 273142
56 23 587387
60 33 960860
28 46 854870
43 82 366052
41 72 978679
40 68 368729
43 78 372630
68 10 730991
29 42 552179
49 69 926343
54 63 162665
47 57 666488
29 72 127520
18 60 959233
67 76 808274
72 60 612861
0 24 957566
6 85 257478
42 68 71861
34 35 345365
64 2 769346
22 63 233897
21 10 977235
39 74 180580
33 46 178693
69 40 405724
6 44 35170
22 81 424364
2 61 615376
18 4 359732
84 73 138476
58 73 871663
23 59 362852
1 45 445582
82 13 569132
40 14 939743
59 22 18579
79 18 506530
45 30 345202
26 51 666705
25 79 996138
79 23 856264
70 33 390518
49 46 842977
81 70 730364
14 53 863735
84 50 483572
22 53 785516
0 6 265199
41 47 667968
4 17 917236
37 51 335117
74 46 580300
23 62 94418
44 0 553018
44 37 86427
34 55 154216
37 15 119720
39 28 757891
19 48 731377
54 9 953134
42 60 206112
27 19 36909
37 76 355507
23 44 810553
84 75 970531
84 37 750049
70 36 209381
22 1 268137
42 17 552969
0 85 92940
77 54 881289
83 65 114198
56 6 785077
57 36 406444
22 65 283779
79 85 591714
12 20 505003
13 81 888987
33 23 421911
75 47 636067
10 32 266603
58 2 802525
1 62 943956
50 76 31722
38 34 258315
5 70 566894
36 53 677951
48 33 826219
75 28 119177
2 79 334204
19 77 402920
37 41 982856
76 35 261521
64 28 515085
34 68 792834
25 43 655962
39 27 108020
54 56 404808
85 32 53300
22 46 22586
38 19 886116
68 9 458477
25 42 616572
52 18 76975
81 35 924144
61 17 871777
73 41 838251
2 11 939488
7 23 716591
70 56 106466
35 72 460702
74 34 420042
85 68 329613
30 14 417971
37 52 824508
4 54 763080
23 42 807836
35 2 40800
50 34 416245
1 34 218552
75 18 457267
48 21 695459
37 72 391128
42 13 461567
63 12 928053
0 8 8762
48 45 185998
25 40 751181
84 71 346228
65 77 533697
19 71 744843
58 72 769613
1 52 523202
21 12 593161
78 23 958357
0 48 414256
13 65 439082
50 78 888791
0 14 331821
51 60 881147
36 5 79296
11 6 41416
64 0 384486
45 42 402822
76 74 666030
11 46 184640
39 79 863774
72 77 890078
85 61 630243
50 59 864248
84 74 875374
62 60 356282
39 19 500053
64 38 109743
12 29 933398
52 84 767011
57 58 401918
57 16 272440
73 68 848015
78 69 857816
49 9 62831
23 22 682467
84 5 235211
81 27 722734
58 80 922054
14 42 721887
41 76 461462
9 43 193540
38 21 386199
59 44 139817
62 37 650277
48 85 292597
43 73 121017
44 43 103356
51 45 102442
27 50 339011
38 41 936550
50 85 609713
9 15 796165
27 33 136491
27 25 55085
39 13 353834
71 4 849678
57 85 566061
64 58 775173
8 15 5296
29 9 722869
28 19 859686
26 61 518871
65 70 224641
37 11 372537
38 32 563122
45 61 558497
11 30 77939
52 27 496742
42 57 256651
21 69 758825
29 1 123986
79 77 803491
57 11 924203
79 4 721178
82 68 934684
20 48 92681
42 27 850178
65 60 53753
75 54 727530
28 60 384873
24 43 443739
67 57 290118
53 84 80008
33 39 324362
31 2 164161
58 35 193674
3 20 558765
23 38 44386
32 39 747118
45 68 165229
18 83 648147
43 42 553817
1 76 115497
31 10 644269
22 33 694972
10 3 577123
16 30 172494
29 60 620998
67 40 993807
59 49 620893
36 10 598279
84 36 807481
62 39 880572
31 29 49927
85 43 455160
12 44 207792
10 65 599566
38 20 677699
23 41 292038
73 80 790830
10 61 525761
15 42 853870
68 19 219458
54 39 202498
4 50 132937
4 12 861531
23 81 7177
12 45 39204
12 49 708122
46 76 990090
7 38 533020
17 19 587053
79 49 950403
54 23 867165
82 44 159052
34 5 790950
0 27 835573
30 40 897288
51 66 918148
41 16 652039
17 36 905022
53 76 886642
56 46 834859
75 43 649156
78 3 342249
11 3 705186
66 84 542857
66 16 141846
65 76 586419
10 53 931542
33 68 698331
18 23 572889
10 57 858736
78 11 562573
85 44 256853
10 56 567654
21 58 603607
69 60 5314
65 69 361921
33 16 349546
2 50 241362
59 14 901035
15 34 250452
29 23 714838
22 42 319992
1 49 71392
38 24 290072
63 26 902704
15 24 417050
68 4 37552
74 5 843050
37 79 568937
32 63 425479
53 28 709315
38 43 121061
55 49 413087
71 83 470057
29 25 265610
21 26 788953
3 21 145982
77 83 548005
52 45 123595
4 83 806800
30 74 318589
85 20 367737
24 78 126857
5 11 432893
45 4 598554
76 12 436961
75 25 592702
77 11 837183
31 22 841610
35 50 593512
16 32 510070
8 19 584579
59 32 211131
84 7 444050
51 71 521911
68 51 680095
58 12 61980
39 11 11320
80 1 100529
55 80 323278
69 73 453563
24 3 526736
17 7 682967
4 6 368731
18 59 6323
28 24 172732
11 1 210710
17 21 269717
9 37 469166
30 69 954339
52 61 240610
2 74 893881
8 85 942360
77 26 749101
74 47 348813
78 21 947936
80 8 749746
80 72 765789
41 13 97796
10 8 615332
69 9 893603
0 25 105409
67 7 517818
77 30 543576
54 35 480821
48 1 86528
1 15 929397
59 3 29971
54 34 686276
79 35 522288
59 2 348777
40 46 823991
76 73 589844
7 43 536105
17 44 58513
62 44 851382
9 58 439280
30 84 947590
59 5 843529
17 56 547360
50 51 519855
22 43 127994
65 34 12162
54 69 59538
35 43 678730
74 49 856252
42 16 98575
63 81 532267
17 85 754925
24 51 36730
46 69 338424
22 51 852104
17 8 516036
43 0 325305
52 85 788675
42 58 701395
76 44 272446
44 84 578362
49 40 22603
45 75 643263
3 9 770885
48 52 161356
41 67 807129
45 44 808848
39 2 49771
73 66 329543
39 10 107003
18 55 548141
7 56 294927
65 79 709791
77 59 714209
71 56 378899
30 8 517649
28 34 901005
25 22 133964
82 53 919390
60 40 112618
4 1 521093
79 51 163920
40 6 340799
17 75 859189
30 81 766230
71 76 825257
59 19 363789
57 75 967786
5 51 279114
28 8 846865
82 71 142964
7 8 783611
19 46 910286
43 49 612219
57 69 300726
41 70 958406
70 64 576653
57 8 920781
74 16 674589
26 28 649666
0 5 499327
31 33 640320
43 10 816831
78 67 169958
53 57 32963
13 16 846427
63 78 725511
51 2 830464
35 38 533527
13 79 569232
58 36 981259
66 55 972345
66 47 537888
80 37 141659
69 85 159875
39 34 194146
14 79 772326
26 60 660222
51 13 978901
0 28 796016
39 15 277464
4 20 708900
64 35 815969
24 31 765755
49 77 51881
84 9 160778
81 45 680814
17 24 105734
10 76 365761
10 62 221095
5 33 40820
25 15 379505
80 31 589478
17 37 146158
43 17 88238
64 40 494631
15 45 484125
44 70 803891
58 33 76100
57 38 6704
46 68 202755
22 54 819374
70 22 572562
37 60 773698
26 48 551319
26 68 125664
59 52 112662
31 65 568208
57 54 777285
25 63 624550
3 47 227749
19 30 295295
69 37 529281
24 29 999870
58 15 544839
24 58 851843
4 48 212181
60 67 960793
73 50 914429
72 32 843474
61 9 598922
42 7 646947
40 78 939656
79 58 541451
39 81 668794
53 21 167764
1 53 104032
31 67 397457
38 45 382409
74 37 989635
58 31 138406
21 54 114517
50 22 976235
61 53 326909
23 77 273136
7 34 962948
50 69 36772
46 2 476726
42 0 101361
9 31 625729
78 26 355039
77 17 435576
44 81 860264
16 12 817101
73 42 920519
74 9 886436
34 26 533096
24 46 953936
49 41 888600
63 65 460382
76 42 236735
17 51 406112
6 74 751104
5 12 31973
22 48 750237
84 16 529029
80 70 277997
32 76 805273
75 7 952473
74 38 382022
33 8 631968
30 1 706429
30 54 598655
69 43 345094
83 20 612915
53 3 378886
4 72 831718
25 17 166993
70 16 174162
45 7 567662
62 56 86216
20 75 962365
79 19 513008
64 83 861751
21 24 971121
4 82 870562
36 79 741945
41 63 12437
68 71 987761
32 8 183488
34 77 599133
42 36 777803
62 50 248416
16 23 94926
4 40 646592
59 29 464739
49 8 249668
75 52 524859
13 73 711793
41 25 957568
35 15 764702
15 50 644402
57 80 294877
80 45 281929
81 76 609262
1 47 550974
3 26 93699
31 56 880778
55 29 629117
85 19 202025
78 41 131772
22 11 525590
64 57 342389
70 30 907304
38 12 224107
63 9 24976
37 82 413900
2 53 895483
5 60 398635
66 7 132945
62 85 254482
54 37 246771
25 82 772123
30 55 470187
83 53 534319
61 15 704285
16 47 724108
78 48 288671
15 21 345853
45 58 903751
49 28 288472
30 50 975975
84 46 732653
81 47 392792
49 20 140299
20 11 877673
16 72 354866
9 62 436000
67 2 516515
36 35 755202
41 68 738661
32 1 922687
54 44 526983
48 25 56351
57 28 346054
84 45 567969
28 50 895847
51 7 355614
12 69 817625
60 66 514855
14 85 816150
19 52 862047
0 41 439347
6 76 868044
10 69 367856
67 70 712865
19 3 294939
56 45 920150
5 81 889167
17 62 209389
83 62 619598
72 64 957155
49 11 50864
67 61 421371
5 37 328310
29 68 566699
47 49 84556
52 8 627381
79 76 850098
73 14 658040
81 57 716941
17 32 522418
43 48 342929
75 32 753765
36 0 728655
31 23 102101
64 20 903595
37 58 288491
14 48 377243
0 46 210190
67 19 498931
75 39 604191
85 72 352389
1 43 277880
22 85 704529
58 13 439521
0 12 868300
76 64 51713
77 51 732643
69 13 958923
69 51 853029
71 30 695833
35 31 118119
62 74 30192
12 48 402900
15 67 728125
81 37 101344
29 6 431365
31 49 525552
82 60 791891
63 72 359887
27 9 364491
60 31 98452
25 45 515922
31 15 6332
22 58 326428
60 1 738154
29 30 202891
73 40 238838
74 0 874358
40 37 297823
14 72 331200
55 6 556158
58 83 658016
41 4 514746
4 51 282579
0 58 279119
78 83 967415
42 3 201271
34 32 406187
68 0 897829
81 15 224168
57 62 49491
26 56 990956
84 29 806050
80 59 758330
34 17 819823
3 28 467823
18 13 277955
35 22 277583
5 9 626475
46 20 906688
11 61 294866
7 63 460105
56 8 406624
16 10 85868
44 16 533558
29 32 435571
37 13 545286
83 54 879884
3 60 605964
57 7 497380
65 71 526932
52 76 297849
55 62 922556
13 38 273875
59 82 678430
85 28 539615
6 70 837967
55 76 510554
29 3 498438
22 38 177547
66 15 463479
48 50 221654
12 14 927245
61 60 862143
21 71 634411
54 17 430108
69 18 640284
81 75 580661
19 34 857710
6 81 545288
69 14 856826
3 33 154084
19 41 593554
4 50 85

