59 1472 12
56 34 863312
34 29 910826
12 24 161768
42 6 589954
22 32 812559
44 47 275592
50 26 616401
3 54 320487
8 13 646795
14 21 967924
28 4 569744
3 32 990802
47 53 146533
29 23 635086
19 20 296827
10 57 99343
50 18 92916
40 39 125455
44 15 880949
46 24 231480
57 37 152863
56 4 84038
54 18 317082
22 54 762731
54 37 618364
48 10 408874
28 42 71446
1 5 138751
29 5 753658
20 55 318091
25 26 946441
16 45 801632
16 48 360673
45 15 595438
37 22 940722
58 40 360524
19 0 807811
14 39 724334
3 51 998952
45 29 459661
56 27 346599
56 49 282099
2 4 520
29 44 132441
32 9 769462
37 6 22251
42 20 787548
19 45 914133
49 8 496235
12 1 926895
58 39 549782
51 57 255775
33 41 392544
47 14 300780
19 25 858141
57 26 472319
50 34 294439
11 38 516350
34 43 439001
10 11 76120
34 11 908312
30 31 940285
12 6 89252
30 34 207230
38 58 506203
38 7 279345
1 27 557935
1 21 404548
20 46 265141
24 49 170150
48 17 971054
25 21 641061
10 43 758390
47 9 137804
43 51 548576
16 17 717813
54 32 845504
58 27 505765
28 58 176195
43 2 244854
6 19 678722
44 48 334707
21 51 673091
31 1 915751
45 43 866538
4 44 624511
26 13 145559
18 49 906400
41 25 26088
58 7 618982
55 45 872309
26 48 120626
9 31 750593
55 57 804824
18 35 84512
20 5 743607
54 0 824871
11 49 298277
57 36 957087
24 32 537468
24 37 407115
33 34 758655
7 57 293254
2 30 404758
45 36 397240
12 18 584467
51 1 99687
22 26 855419
40 4 739189
4 49 590048
53 24 313425
54 6 319908
11 35 886075
22 1 604852
8 15 43925
37 55 594851
18 3 673158
11 30 68831
35 43 568563
8 47 1685
58 34 403275
6 0 975050
4 48 274738
33 40 60120
40 51 15653
17 46 204185
10 36 631710
56 25 49708
17 25 661456
2 26 508608
45 25 120366
29 49 903693
4 10 604251
24 57 715886
42 38 475427
38 32 327039
55 2 169922
33 43 555039
14 52 162165
9 54 937122
34 6 250112
55 54 303681
51 11 981470
46 0 439763
18 14 307050
44 10 203264
41 11 535333
58 10 462377
44 31 677566
38 29 825324
6 27 742085
1 45 159562
35 19 633214
0 23 367947
40 2 769292
27 25 976312
52 28 54510
13 25 221490
47 58 183644
32 55 508157
50 52 72396
22 2 200943
11 58 953096
24 1 804977
53 39 193309
23 38 451590
31 4 628380
38 33 342951
57 39 836934
51 33 979311
34 14 365536
20 32 307712
30 0 936268
55 49 941540
14 43 621070
44 17 114042
49 35 618916
11 25 1512
51 32 668722
4 32 222989
11 39 457041
28 26 611646
30 41 210964
24 51 449504
35 27 106570
40 12 385791
19 15 815519
48 22 62503
39 54 178572
29 24 300874
28 8 586873
45 34 759486
33 5 370322
15 22 281279
7 31 177129
9 14 458361
35 50 344391
56 13 161810
53 10 336934
40 54 893074
11 23 289605
50 21 188642
26 35 84587
57 28 833331
21 15 298023
22 44 197096
8 54 412193
5 12 263213
36 55 889134
23 35 889650
40 14 419375
6 25 938530
45 22 455206
8 55 795259
27 10 69191
9 28 733826
55 46 358980
7 17 396827
37 38 731723
35 45 987596
29 30 474835
6 29 687060
42 25 486399
27 34 856688
20 8 248721
51 37 242686
25 16 319590
58 46 42382
32 52 559797
36 34 120539
55 11 873078
31 26 191604
26 33 18757
49 39 676905
42 33 110959
36 52 312082
29 43 31191
38 51 442024
25 29 581813
48 34 81581
40 42 834483
48 57 709585
44 39 602955
43 53 224966
14 58 849696
39 15 255414
21 12 924504
12 57 789022
42 23 479776
54 12 110605
6 35 288811
49 12 406828
7 16 193697
4 58 439617
37 31 488877
58 52 358615
23 41 883549
29 15 764242
34 13 152712
9 35 37458
50 55 823069
10 15 489462
39 18 775179
36 49 90810
38 10 56157
6 58 871340
43 12 782658
53 21 239045
53 51 340411
27 17 332620
38 12 169952
0 28 853649
48 1 948426
54 33 43232
45 47 806844
33 17 618741
52 40 232446
5 10 583785
46 57 376504
19 5 149183
36 22 828450
22 19 260969
20 18 939434
26 19 909333
16 11 734851
0 22 148599
41 29 22247
0 25 407104
3 29 273164
3 5 622282
7 52 296388
3 4 116806
31 53 721510
4 33 219143
19 50 101318
42 26 438281
15 0 688517
10 28 493498
3 37 702997
18 38 432935
42 13 546099
26 43 142961
31 46 688669
2 34 525248
3 27 461930
34 37 878663
40 18 106158
26 54 297615
33 56 96857
54 23 251554
46 38 303710
42 32 576331
49 33 210527
28 47 878011
34 53 180338
12 20 163151
21 11 695792
6 52 902589
20 54 653052
4 45 244959
6 21 707277
46 42 58544
28 48 873469
4 30 434703
19 33 367945
36 15 592044
24 7 622932
11 50 126851
39 50 135293
29 19 545861
47 55 370849
48 52 704414
33 57 572801
27 19 935718
42 14 882811
43 32 974693
26 30 842358
49 41 709889
9 4 647667
30 48 421535
18 24 792885
38 21 917037
50 5 329256
34 15 949364
17 23 33099
20 58 425148
11 43 579336
52 24 360209
32 25 99935
23 36 297497
49 22 806864
32 23 145588
23 44 758480
32 30 426180
44 40 684601
24 22 907170
24 56 869639
41 45 471649
28 21 154006
25 7 667956
40 28 201090
48 58 823073
36 12 285430
34 31 327689
40 1 829591
53 5 504242
51 44 433450
49 25 716053
9 20 330465
10 51 525425
40 45 130267
11 3 161260
7 23 458793
50 38 643920
41 27 740492
30 39 438275
38 44 277653
55 58 58033
15 31 469976
16 4 245891
32 27 251569
7 14 368791
8 35 330811
2 9 626052
47 6 372686
1 54 946685
54 41 716139
13 39 397429
31 57 251459
9 42 325733
48 46 979955
30 9 678634
38 41 443873
54 31 778202
29 32 613770
58 19 89061
41 42 472231
27 53 994877
29 55 619442
52 16 507412
30 13 244974
22 35 69039
27 39 923962
44 0 248718
38 34 898846
18 8 904621
33 21 105045
26 53 668579
10 21 408355
27 50 669833
34 12 274748
47 31 292849
12 30 71662
55 24 510060
25 58 430699
15 48 402800
4 19 717088
8 22 166569
2 11 193208
21 31 38257
20 31 324661
48 37 783268
47 7 240289
13 15 923449
26 36 96436
24 11 152051
35 32 501645
13 43 657615
8 7 258234
18 25 933173
28 44 785036
13 2 491410
6 31 567816
53 33 20316
13 18 666908
17 56 195795
17 2 550108
6 55 701555
36 37 433089
27 24 695212
9 41 818244
18 2 183431
56 53 226391
21 58 225387
41 24 746809
40 10 670796
35 53 265649
0 17 6732
29 27 415928
50 2 155469
27 42 718589
8 41 48161
52 43 347979
12 2 160748
52 19 577586
36 19 36755
22 52 113400
35 3 954338
35 20 373367
39 26 975342
26 8 668852
55 28 169806
14 27 797592
54 27 318792
41 35 831311
8 43 322033
44 9 211724
29 39 922675
39 36 599846
45 11 130403
10 35 977588
39 9 978501
29 0 384842
28 36 49304
21 52 403574
54 53 424426
11 26 370300
42 15 215369
2 8 90597
2 41 238401
7 46 694758
13 54 509167
15 25 863546
36 50 933728
16 57 759230
54 38 318520
34 24 793001
14 29 288715
49 51 675666
12 0 989040
55 16 788001
51 23 186505
16 51 269688
41 28 930062
34 41 679601
37 14 74607
24 13 345304
22 6 721976
3 13 688319
46 54 954966
18 31 102530
57 53 194157
22 16 938982
11 12 552192
50 53 973446
23 4 992624
22 43 15479
37 17 972083
46 16 633862
14 45 621927
38 15 617706
4 54 101102
58 36 202561
21 24 450993
30 51 684551
6 11 734026
2 52 901898
48 13 547238
40 30 172053
53 44 859529
13 16 514275
32 31 186049
2 48 58687
24 44 892691
44 18 883317
23 14 710466
57 21 425526
34 44 922825
2 15 390417
27 22 19993
34 7 949126
43 42 991982
56 1 371502
1 28 973638
30 47 849796
7 42 977210
10 14 3997
12 3 133431
32 44 928886
5 13 253547
50 41 199780
1 32 508219
11 27 885380
58 8 84993
12 4 379323
41 10 655291
24 6 795307
9 25 603178
21 30 272072
39 42 879240
46 9 106595
20 57 243807
2 42 48224
36 0 879643
15 55 382531
31 35 64927
25 36 957564
15 28 701587
49 34 473611
45 32 43920
40 3 447742
49 2 330469
50 46 51799
24 50 357489
33 30 867420
30 18 335107
20 56 228958
52 34 613984
33 6 751758
2 28 251912
11 18 815101
3 52 332439
47 56 456607
28 31 467454
56 58 760699
37 16 281921
35 7 270029
20 36 446000
11 31 262713
40 41 655407
11 4 940382
7 3 707960
21 36 872065
8 16 749252
13 9 397304
43 31 948358
21 37 782779
55 33 100099
18 45 59580
43 57 415026
35 36 702420
4 52 85869
51 29 970082
48 12 460391
46 40 215854
44 8 582833
34 1 199624
44 5 464121
2 47 789949
7 15 885378
57 5 40449
6 32 980603
30 55 527933
8 27 565274
8 5 385466
43 41 574231
1 33 414856
26 55 262237
10 8 398240
37 2 423681
24 15 625405
40 6 451902
26 0 898108
43 21 426033
54 50 700540
9 38 10164
55 51 242811
8 48 214207
12 52 498454
43 40 57584
0 42 602104
57 52 329674
14 31 646889
16 9 946032
47 49 397877
25 33 280672
38 5 16783
16 47 111553
55 23 828247
16 18 968769
37 45 127939
26 32 831803
57 1 567530
13 47 918455
45 20 359164
16 58 514349
16 21 947407
25 47 684678
3 48 435349
3 9 246969
34 26 530538
12 16 723422
7 2 710
28 32 738546
18 7 566922
37 46 254794
48 0 550911
7 9 529506
23 12 309142
25 28 353566
41 18 269167
41 26 927251
44 56 798377
54 16 548939
42 57 475113
3 8 439203
17 39 890792
56 54 382893
33 16 409009
30 8 547471
29 46 978292
33 7 6314
39 37 175366
7 44 999527
4 37 475008
36 9 335469
17 22 833821
28 13 627415
16 49 54228
35 1 512818
35 30 786505
42 55 143012
22 18 126290
56 29 313951
26 52 614172
20 22 969312
53 11 374520
57 18 18060
56 42 54635
45 46 338018
7 28 463094
25 50 423164
21 22 72404
3 34 640869
26 16 454097
14 33 318464
10 20 979569
51 2 34441
53 49 969864
15 18 826908
22 23 167570
15 56 302780
8 53 546855
6 38 708897
40 26 96159
2 53 487828
19 1 866886
50 0 341747
26 58 276360
27 57 965245
34 10 621791
52 0 845631
40 50 914623
31 48 792185
19 41 101643
35 40 885392
38 3 174457
17 14 362963
47 3 27483
56 32 473948
0 13 844952
45 50 848973
35 28 513417
50 12 23495
39 47 96767
13 14 424163
12 33 44335
55 19 566997
2 10 688474
20 30 279273
45 31 395510
44 2 702363
57 41 821123
11 7 685633
11 36 695288
35 34 839647
40 23 206417
40 0 915150
56 37 667829
56 50 630303
48 25 72577
18 36 603907
9 40 630149
45 42 116799
16 36 2813
55 31 433880
40 27 404234
14 15 484008
28 33 261839
19 16 43405
0 8 32283
23 15 586854
8 38 969162
46 36 365556
21 56 304439
53 48 898825
16 28 42457
41 46 747282
8 46 811117
28 6 891637
28 20 406064
14 19 665477
6 45 638273
6 9 181310
50 9 172757
19 11 459765
6 49 406697
30 38 506209
18 32 79604
3 22 100826
4 18 496989
17 28 892038
35 15 57605
24 17 236387
23 46 144981
49 17 603485
44 49 457830
40 21 645342
18 29 909856
42 10 19842
20 1 444866
28 14 551880
52 42 531359
40 5 471294
43 0 12337
12 41 15555
58 43 524277
42 4 52755
56 23 24238
7 0 408271
3 44 115755
27 51 232198
23 21 470773
43 56 961844
27 45 597902
57 22 493660
58 22 192838
22 53 31059
16 43 150941
58 24 243146
1 39 625208
30 49 584211
17 51 127999
32 19 420035
58 35 89302
13 41 305318
27 2 718405
28 29 485783
19 44 606400
48 18 283172
57 44 529324
42 34 573225
43 36 433246
23 28 868512
5 0 434985
10 33 714031
39 28 683001
33 9 725556
23 52 545717
44 33 632942
27 9 569160
26 1 883291
25 24 805109
45 17 284761
4 6 777230
11 52 795291
22 10 900324
49 38 692933
25 22 564655
2 20 765546
36 7 355645
36 38 133775
28 43 303099
58 49 608621
9 51 751843
8 25 418291
9 15 98730
44 55 146514
24 42 46771
54 43 771820
46 11 165544
54 7 990584
27 15 255756
27 48 351613
18 52 430796
37 19 914058
14 3 806771
23 47 996670
45 21 886508
47 4 272144
43 6 402537
1 16 295139
33 24 819236
34 46 253320
34 25 286140
10 45 659446
25 2 501290
48 19 386486
54 19 382127
46 10 856588
38 43 159495
6 23 248430
31 58 381139
20 14 530857
53 55 288859
55 21 628476
47 27 933383
10 32 582827
12 27 685412
0 18 20139
13 52 393488
25 52 906982
41 39 928015
43 47 964334
36 17 75667
17 29 998126
38 47 451868
51 47 509724
16 2 667760
24 4 654310
42 54 291484
31 52 329892
14 8 91868
19 53 176290
0 38 616950
5 23 585154
9 43 777748
24 2 78192
24 23 200557
45 56 689010
10 9 55558
5 52 543671
15 57 701055
35 51 671727
37 8 702186
11 47 976329
38 57 694157
10 31 950317
29 22 81980
20 13 644379
22 31 556309
10 49 659910
29 9 926590
9 24 460742
9 58 15721
26 38 399425
26 47 893451
9 52 380664
36 2 130743
7 41 516002
12 28 172333
48 35 9635
44 58 47718
17 47 608362
44 21 427717
22 5 426881
19 39 117667
13 12 179962
18 58 243271
11 22 181641
46 33 70469
24 10 27658
45 57 881919
37 52 236719
41 52 273331
42 18 287950
48 54 743415
21 7 592045
58 57 899848
48 50 313747
32 57 508053
12 8 766706
0 35 339069
38 31 705213
44 35 154702
33 11 766994
15 47 566326
49 0 814650
41 21 475175
54 34 690031
5 31 400360
58 2 906108
12 15 152873
10 25 144920
37 50 972068
45 12 600668
17 41 169121
1 52 95511
14 24 723824
58 29 483629
56 22 262226
54 36 343943
5 17 722965
50 13 679960
45 49 70962
33 20 782723
36 51 563145
36 13 775442
50 28 110757
46 15 202032
11 0 662236
35 25 687259
29 1 857626
40 37 64718
8 33 823245
43 3 811411
1 11 714948
1 4 132980
55 10 684270
57 4 342811
17 30 106095
13 23 354386
18 27 330388
32 16 316638
6 17 807031
43 25 624826
34 19 645009
20 17 919415
15 4 794240
14 22 549887
27 38 634058
36 41 857043
47 29 114884
13 33 160590
21 54 265110
56 38 79231
23 18 419553
32 40 9817
46 5 987518
14 25 559333
31 16 832104
58 15 519929
37 43 552938
58 13 607700
46 1 713734
37 42 499202
37 18 177382
30 22 720577
51 28 492369
17 50 737267
35 56 172613
33 22 195554
47 32 278886
48 45 106705
41 14 15353
29 35 412716
0 20 647710
20 48 644791
29 20 139955
13 35 733535
16 3 379101
51 25 6155
40 13 406965
11 56 483850
51 50 379429
20 4 969966
33 58 617985
9 55 465626
21 13 994754
22 47 908682
23 16 654951
49 13 49266
45 54 592823
41 48 399325
19 47 986622
16 5 282004
31 42 368200
38 1 311795
48 36 322640
3 2 704122
44 37 242911
54 5 643586
13 37 929707
1 36 956917
50 44 388676
41 22 247000
48 32 304205
1 58 985626
3 31 468659
13 27 420431
48 11 767022
41 37 86086
51 26 263408
13 45 488650
4 8 757325
43 46 104842
39 32 873572
55 48 361864
25 4 119852
49 43 145589
23 27 353637
45 24 582114
12 44 808833
21 48 869161
54 2 606708
40 16 835100
26 7 753810
9 57 39780
33 27 204897
48 6 659385
13 51 121031
50 30 263687
20 40 175009
5 7 417130
53 45 153083
55 14 889759
46 52 404986
4 14 275437
2 56 549906
1 43 555555
30 1 376527
47 18 687577
25 5 548170
8 31 115453
48 39 920352
58 53 549722
29 37 621853
41 0 929969
56 8 900791
32 46 334279
58 50 71353
48 29 68475
20 16 14511
30 36 957364
25 57 161121
45 28 442089
5 51 524032
39 55 796357
13 22 888419
7 45 481186
26 20 198370
21 34 438755
0 10 137746
53 37 894892
13 29 56265
18 34 624708
45 0 79973
29 10 84849
55 17 917969
50 47 114784
11 15 844379
15 20 265246
2 5 873716
0 9 477900
5 39 921034
34 4 589760
47 1 465036
15 3 420949
24 19 543542
4 51 654021
48 43 903590
16 24 117099
2 45 914305
52 39 343259
32 21 64880
1 53 392864
38 52 992926
20 50 75908
15 30 936253
8 23 272999
26 17 817148
57 14 545778
0 24 240530
17 38 500884
8 6 338084
39 56 102568
0 21 403144
18 55 943241
24 8 110219
34 23 186743
31 13 527533
22 7 321018
51 22 712803
17 9 394448
35 4 738877
21 8 771057
15 16 461204
22 55 42784
54 58 617814
30 25 707407
3 42 113156
17 12 761945
29 52 116706
8 32 870676
30 37 966449
50 43 665433
29 36 785696
0 32 953127
1 10 908843
31 50 2896
54 24 963209
26 15 602480
38 22 841707
13 46 768434
20 21 21394
0 4 218568
8 9 656092
23 19 687946
27 30 98023
5 55 154477
56 18 885864
16 14 706630
14 51 75589
34 22 659232
18 10 397486
48 23 471705
58 23 611936
40 49 724856
30 42 883976
44 11 410787
39 43 826580
18 46 641999
6 16 757986
43 4 429491
4 29 964405
6 51 812163
47 36 96383
38 16 331296
35 16 282766
39 3 374818
43 15 595216
10 39 893313
31 0 283989
25 3 569511
47 5 272523
38 4 491224
38 45 152353
2 32 131757
52 54 924674
56 46 283959
49 9 195862
50 33 969372
7 1 186162
14 36 294823
10 50 72667
56 3 811033
4 39 815202
10 17 23879
55 7 889668
46 47 982934
35 47 869422
18 28 396407
36 32 285933
20 39 54475
16 27 382946
32 41 664658
9 53 780547
46 53 1347
29 26 977074
37 49 323844
48 42 646862
32 49 609925
24 3 443078
46 28 361781
7 50 323220
11 29 578370
29 33 8693
51 20 730791
42 35 192591
31 51 790746
18 53 324258
41 5 68271
44 13 620459
12 55 152562
33 36 609434
8 42 288614
37 9 651805
53 29 337860
43 7 670870
7 53 108106
25 54 78038
3 10 917826
30 28 497714
20 34 831105
56 40 437784
53 25 751139
46 12 785594
37 27 665661
14 56 688668
8 39 71175
45 5 479852
56 55 633317
5 42 466251
21 49 944482
5 34 713482
23 25 467362
50 1 941765
2 31 258689
34 39 969668
9 12 138789
8 51 433070
57 35 350928
4 26 63003
49 50 596829
53 12 750282
23 31 368838
46 21 484368
56 57 970815
34 47 933022
14 49 559957
30 58 214702
47 10 925810
25 12 688905
7 19 836846
28 22 260009
37 25 808427
5 24 219751
0 57 409916
0 14 592138
32 58 677464
39 24 945467
44 42 36593
31 25 881893
56 48 168756
49 20 534428
31 29 752836
34 17 850248
58 51 141305
56 26 109662
5 18 77292
40 19 292022
12 35 396527
10 26 251568
17 21 112922
35 38 620990
7 32 273156
20 7 532118
24 40 904228
29 40 492450
51 48 198840
49 5 511906
54 10 971533
21 5 760050
16 10 800180
2 46 4429
36 31 4020
40 47 845931
56 7 241420
6 2 944233
16 41 366067
19 8 172147
47 54 242551
34 16 612926
17 54 45134
6 39 780222
3 33 802841
39 38 535723
47 52 532944
7 29 327194
5 9 270513
27 49 740492
6 18 658534
25 46 437717
10 23 40941
0 2 47619
43 18 707151
57 17 739662
5 28 939114
27 36 570024
56 9 598593
10 12 865142
13 11 82311
7 6 144570
29 16 897469
29 8 918001
57 54 846469
3 41 739402
15 49 830820
35 39 995745
6 10 581109
42 19 401263
49 31 774319
6 20 349682
48 33 834976
32 33 813505
41 31 895498
53 13 535333
42 12 341914
5 43 763175
44 6 404272
49 46 560252
5 56 967228
10 52 438439
31 40 31920
45 23 895340
20 38 406912
55 27 269418
17 35 456500
57 19 399254
19 3 557868
42 1 340046
22 40 184297
23 39 64212
14 5 126783
17 8 273746
27 31 444396
31 17 479159
29 50 120250
6 3 274482
11 5 595186
43 30 412416
55 0 703019
57 11 34617
20 11 406826
13 17 357973
51 56 889796
17 18 308600
41 55 188535
0 56 887564
16 0 322100
11 28 675857
46 35 567449
6 15 546098
25 55 883403
2 23 525662
46 39 222564
3 55 415886
47 41 439454
17 4 570730
51 34 538900
47 12 379905
10 30 627101
37 11 655395
45 44 732760
51 12 984019
30 16 890619
23 26 205425
31 24 177386
28 27 568421
30 6 699571
56 6 928598
33 23 805824
21 9 508826
26 9 639580
30 14 230521
23 49 734492
1 25 888720
30 52 695753
16 42 911606
43 20 955669
24 20 766507
12 39 561946
37 47 507294
19 43 595215
53 14 770265
33 0 56105
19 28 449473
36 5 875772
31 12 869330
49 52 205998
36 8 926651
43 23 390844
17 40 105149
2 38 266336
51 42 51321
57 3 694982
36 24 519896
13 1 885797
5 37 532533
19 56 361444
45 8 7944
22 4 397141
3 23 449167
36 40 286919
56 31 3219
26 12 79034
24 28 439853
9 1 269788
23 30 278159
33 52 539624
2 1 373508
39 16 599756
14 38 892285
34 40 686631
3 45 680985
53 6 384819
19 31 452187
19 18 700459
53 4 254161
4 55 140860
53 16 610377
25 40 59877
5 48 719720
19 30 145503
13 19 904382
50 6 239127
42 17 547228
51 18 124966
47 0 648229
41 20 460286
4 36 416867
52 55 482015
23 1 433358
9 48 230276
40 48 3889
54 15 319252
37 26 598091
56 41 934155
21 2 404686
11 40 712550
8 50 437910
57 30 808489
27 52 149494
9 19 363850
52 45 482811
38 13 930971
30 56 419557
12 58 724100
53 32 715666
35 37 256376
15 40 140201
45 51 415438
39 2 702568
26 14 77427
24 48 942078
37 1 898662
3 1 760648
42 11 495679
55 38 151005
3 53 902376
52 17 943904
5 27 412171
38 0 2
55 33 39
57 39 9
52 24 58
25 1 57
0 6 8
8 28 3
32 11 6
29 52 45
7 24 56
45 12 10
58 38 4

