38 41 7
33 7 280486
10 15 786764
26 14 701509
35 15 538328
17 23 211129
7 20 88824
3 34 188200
0 33 309502
3 27 484143
33 32 97751
5 3 970309
22 1 77895
24 2 563152
28 0 431929
8 31 3052
15 21 514514
37 26 489041
1 18 985912
19 10 868482
7 16 963116
37 31 486788
25 17 982100
31 14 604736
27 5 779864
32 25 309627
19 4 840829
16 29 96556
13 3 799965
1 12 345651
35 9 156676
20 14 233440
36 10 269531
9 31 112056
11 24 239567
27 20 325738
35 30 216044
22 3 254351
24 3 168536
18 25 387385
25 31 267857
33 20 742483
16 20 19
21 13 1
28 37 0
4 7 19
15 13 31
5 30 31
11 1 14

