88 3695 0
87 38 78748
55 28 475315
33 85 3479
87 48 405385
0 7 881204
48 44 78205
28 52 832332
64 45 18624
55 78 468380
82 36 675704
77 16 588101
81 30 449743
9 22 909162
53 59 386885
44 77 223045
12 79 349830
12 52 778449
65 49 468359
59 19 811468
62 77 708891
5 41 906428
20 68 9561
58 27 529648
87 39 200707
28 30 303223
58 40 238099
0 33 408231
46 33 764456
75 35 413232
37 72 931125
72 43 161864
62 53 767887
43 64 868246
55 8 858999
29 4 760744
16 0 130910
15 12 894266
85 59 8609
7 9 130767
50 16 664149
26 36 228415
86 59 904823
75 34 819371
61 85 301291
84 22 989462
48 35 881985
79 26 989368
33 40 551591
47 79 566602
46 75 546339
34 86 911513
14 69 507016
50 69 977105
1 72 159708
64 5 277454
81 45 721059
5 27 288181
39 61 691204
53 46 369051
64 6 517157
74 1 112953
52 32 214184
33 61 369590
15 59 176003
80 35 593398
39 59 54872
52 81 982121
79 84 525266
22 85 57158
55 86 665896
79 53 11964
70 59 394800
27 86 591166
0 60 37574
43 25 186268
19 42 926784
47 42 794930
27 82 921213
52 85 34585
56 37 679324
46 77 892016
61 1 591147
71 77 511170
25 68 547688
7 24 602303
59 42 852041
58 42 609079
81 32 288712
76 60 270789
36 1 390285
73 64 824807
49 69 636170
13 42 376672
30 48 936598
22 18 846275
59 1 164552
14 76 564080
8 87 226647
48 52 464727
29 71 25451
24 63 78000
8 66 846341
21 76 74806
30 70 48524
63 48 821444
68 39 468769
81 40 751590
35 3 442934
44 5 829940
22 67 567600
87 59 9989
84 57 617622
50 65 595541
46 70 352594
38 18 247072
18 56 31592
79 72 90417
46 14 103878
8 0 268943
71 74 565388
8 2 751383
53 56 533447
20 66 586839
20 18 516260
9 55 829259
17 74 747287
73 14 302454
71 69 624309
76 73 948005
57 31 625512
36 75 675083
1 17 331952
49 61 306448
50 84 683680
74 67 666480
48 2 799183
63 84 85409
30 43 80420
47 39 632919
17 67 922606
45 43 320948
49 77 347305
11 24 505736
80 65 471160
65 87 866769
6 35 843894
73 24 265960
23 10 455464
51 86 10470
2 33 84223
75 18 867100
84 80 181782
38 17 84307
59 80 717450
17 69 636646
42 56 831563
53 4 302270
14 8 838028
0 55 84299
52 7 171216
49 13 911383
49 36 912940
51 16 561395
14 36 823949
79 49 41256
67 60 109888
29 65 4075
31 41 842306
0 48 74835
1 49 140833
34 49 119487
21 69 629449
46 36 997739
10 24 32091
5 32 326985
14 38 976484
27 46 419402
85 12 74846
85 28 749362
11 35 853992
58 11 708855
86 65 295774
21 68 843944
59 24 350173
40 16 509356
6 57 601166
43 27 345473
77 8 639618
7 46 13234
62 39 836558
39 32 51548
73 3 411944
41 85 235979
55 62 165842
48 11 509385
46 19 838901
70 54 504091
31 37 56300
30 74 930501
50 55 336446
78 11 683085
4 15 799028
49 22 46550
76 22 517566
79 68 508928
7 28 495171
44 65 996227
45 47 236191
51 50 411127
21 85 818034
78 0 489370
66 48 848919
26 43 828901
82 31 837894
34 73 835862
11 29 876295
62 81 791677
33 58 33443
78 77 343004
77 2 120521
23 48 615048
57 51 689798
72 58 750611
56 34 998209
28 29 135681
41 48 446517
46 72 331474
67 11 794754
10 55 484115
85 65 933086
44 36 633895
1 64 946089
50 30 362180
35 51 109984
61 64 986893
35 83 23548
53 78 380469
65 47 589684
20 10 830041
31 48 184223
58 50 454525
10 60 244248
66 50 494049
35 45 962624
17 43 397909
49 56 651861
46 29 158821
31 42 527987
47 11 908963
27 47 289674
1 55 415616
50 43 380635
87 71 929850
1 54 483511
86 22 602609
40 29 133785
25 54 69684
74 48 54735
37 65 4892
15 19 569961
82 54 769173
56 44 340373
36 86 280766
84 49 534485
80 28 135088
48 77 595795
79 33 501790
45 28 85501
55 84 205838
55 67 860784
54 67 16347
64 48 39582
50 4 453657
27 40 268991
18 72 442310
11 86 82450
53 70 858517
82 62 945105
55 71 698172
52 42 994086
9 86 284441
27 29 86385
81 84 616409
51 56 567022
22 40 171642
29 82 659111
24 60 838688
22 17 377921
47 2 329176
59 51 66207
66 21 264821
19 26 831128
0 9 420216
17 28 412232
5 54 293177
77 82 834092
26 5 687427
8 79 694317
44 29 113260
10 18 388920
37 73 794397
53 25 324216
55 29 896498
81 60 363843
24 15 730414
27 15 768997
34 6 697343
75 24 63705
46 56 216219
54 23 100218
59 49 825921
79 64 600676
73 17 262824
68 80 531105
56 59 345959
45 33 142872
70 23 728938
41 7 813847
66 19 531178
64 9 44256
69 60 737721
11 69 611359
0 76 829951
79 86 557408
11 75 26612
50 42 351543
70 84 325739
85 58 304640
87 27 745011
47 36 341053
34 38 657419
87 66 596191
66 73 40836
58 45 818320
10 21 163256
49 51 890272
8 24 173002
26 53 413643
78 47 952547
30 35 517342
47 61 778675
86 60 138673
42 76 82487
23 61 424404
75 87 322138
28 73 689024
86 37 13987
47 6 324231
87 60 883518
65 22 312955
39 4 184859
80 74 957351
75 56 394722
52 27 167116
23 46 85900
17 20 933839
60 48 55786
3 22 70507
39 70 956315
55 26 169682
64 30 186235
41 0 159760
12 10 412689
72 2 852295
36 21 615945
77 1 243607
71 82 531242
30 63 501565
74 43 494586
12 5 373636
4 72 705308
12 9 609921
64 20 985722
57 82 499433
84 76 549387
70 47 210755
67 18 118238
27 65 801848
25 50 122519
26 35 769714
2 62 827776
84 66 478850
72 73 354256
43 73 927715
87 35 819989
85 19 300631
66 57 364292
71 12 719274
21 87 50791
53 13 626276
15 86 583416
24 38 351602
53 35 200988
0 86 130796
13 5 19947
32 56 156851
8 10 39624
45 3 881206
28 14 224305
14 37 572061
18 42 372837
3 83 534503
86 35 466635
40 17 425774
74 65 963250
44 68 222803
84 32 524911
27 31 557550
63 29 380734
9 61 789644
52 3 988337
32 42 405079
50 59 72410
12 46 522977
56 77 350333
87 13 425951
11 10 429901
13 7 11466
35 8 531621
63 78 766016
43 18 344754
11 73 585755
68 13 157313
55 60 935376
11 32 570417
82 64 237861
57 0 290895
72 61 165996
9 2 442798
51 79 703013
33 3 298295
41 57 146543
27 83 109182
25 55 106771
72 48 240762
41 73 676839
22 42 323321
5 15 378406
51 25 282593
61 40 766270
43 21 947342
19 40 498664
47 56 654966
70 27 703013
15 49 557203
65 76 375628
23 60 25309
30 40 642061
8 80 483018
7 26 352568
17 12 466810
34 39 645622
45 73 610261
15 72 906529
71 18 381391
23 68 888675
7 32 52088
3 70 738632
41 30 280711
70 18 597409
36 50 616230
82 41 777377
44 30 108295
43 66 190110
16 25 490982
57 32 491444
21 42 431022
9 15 376450
15 18 886495
46 54 897012
56 85 93031
40 75 382007
69 10 598881
66 40 266513
29 1 886042
87 29 811923
61 48 636169
10 47 976323
20 32 629745
85 75 672919
25 27 309213
55 49 383753
34 28 290939
49 33 429284
23 36 353150
23 56 993491
45 32 98241
23 51 588696
73 84 422106
13 65 747403
49 68 488600
0 5 678379
72 49 90553
84 14 239536
83 11 87556
2 52 712305
83 13 684313
6 16 553335
32 69 499770
30 2 194983
26 70 971350
13 55 88741
87 46 848917
23 67 243957
11 52 65414
86 73 388011
42 4 852374
58 65 987437
15 69 598089
10 66 93372
65 33 358243
57 59 21028
21 9 500845
76 68 117104
47 54 397949
77 66 509341
3 30 747968
26 3 744513
35 27 66845
67 46 178411
22 7 25260
51 63 575734
52 29 391735
38 76 546809
43 39 815072
20 81 673909
45 42 419140
84 8 31112
52 79 595335
56 82 785340
47 76 477276
47 40 572109
64 63 106408
50 6 875727
53 42 93433
24 65 524269
71 6 913768
64 74 75432
53 54 531245
6 53 378630
0 56 758468
19 44 578245
23 74 383897
68 63 38527
55 34 39068
67 68 477796
9 58 594095
80 26 94687
55 54 936388
62 56 269804
23 59 615735
43 29 165543
12 82 526604
15 25 881053
36 24 150205
30 27 85083
22 8 994911
61 17 59819
19 16 580563
64 54 801837
52 55 522197
32 64 714979
61 60 816096
37 44 192482
13 21 714774
69 79 501591
1 84 557752
19 56 215884
80 87 191478
20 33 401498
80 16 279800
31 21 905241
6 43 927728
62 87 459119
6 46 91158
72 13 731486
55 3 772356
55 11 366997
22 74 833086
80 47 41084
61 50 72821
3 75 398793
0 29 710312
65 23 109462
85 74 31233
23 71 471755
85 79 945975
48 42 420601
29 15 273881
57 21 863955
72 74 909177
74 62 977807
69 29 510615
51 14 615454
46 49 93116
78 44 421637
24 80 406143
54 4 54656
25 77 12816
62 65 413281
29 70 465965
26 29 670641
86 31 125624
27 38 347872
83 75 854583
83 37 991472
2 86 973628
37 21 270474
11 84 96213
28 10 180919
15 37 692898
66 30 398203
53 39 260721
0 35 94356
24 6 922042
19 45 121379
59 10 380137
47 19 638473
64 39 196802
19 31 132081
41 16 737741
33 52 498489
74 81 765851
9 14 663141
38 65 570302
80 54 81119
39 28 258490
20 69 142659
54 69 701652
4 26 574333
43 78 483344
14 80 785872
86 44 763127
69 76 768242
60 35 576674
11 40 99985
27 17 282486
46 43 909377
46 20 665129
3 54 999934
66 70 449001
21 0 718809
16 85 615172
69 75 397078
69 33 480076
57 47 731362
76 12 93162
85 73 342594
43 75 64013
65 16 44336
87 64 715437
83 32 416003
20 37 458824
32 33 419983
15 20 997352
39 86 335025
20 2 202995
0 77 881334
15 21 270772
80 38 587657
23 58 17774
10 68 912793
4 64 396623
10 4 248648
8 65 601621
80 40 605151
67 71 699744
38 43 461836
33 30 146334
22 36 161001
55 21 337899
47 30 788804
12 45 867978
33 83 411247
4 73 649210
75 68 416096
37 8 257937
6 5 175486
39 20 346732
10 84 878679
48 3 665263
82 65 107203
12 42 831720
7 34 158868
48 40 288361
24 52 88349
35 82 109193
57 85 587515
15 85 863492
17 62 432945
27 23 984050
10 51 562052
81 28 941205
17 29 943048
2 51 16474
43 15 562906
60 2 877806
33 39 983545
39 27 239055
18 16 145524
5 2 996963
32 43 303335
78 70 70614
21 77 287058
57 9 8845
60 26 965905
50 20 403331
11 2 496380
53 28 425149
41 75 38986
63 54 53966
80 70 76768
5 20 29356
47 28 353581
15 73 34016
83 56 354425
28 46 472941
53 41 538965
20 42 532734
85 23 175140
16 83 159966
21 32 912678
48 78 572419
21 25 24974
36 54 914115
2 22 772859
15 14 161027
74 53 830135
54 51 571854
81 50 81585
36 67 484757
42 38 802422
72 3 748350
16 69 343902
19 50 982425
1 13 216823
5 60 791219
68 84 797716
24 26 46939
41 46 364931
59 2 819826
83 39 762505
56 25 493925
86 62 275804
1 45 728193
58 56 527995
10 26 454704
1 67 460356
58 69 707665
35 18 142713
66 54 891909
40 68 897035
73 75 838330
65 51 642717
49 28 604265
73 16 694079
18 4 248786
66 39 584757
19 65 504189
72 47 565206
53 34 820512
0 52 424010
66 80 700555
27 61 154479
29 62 311166
70 75 658774
55 69 466514
51 12 895737
42 17 265981
75 16 495795
41 62 802280
41 83 704654
0 70 810121
7 27 351724
8 48 141878
16 24 172452
39 11 734079
70 25 287729
35 10 22923
73 1 154947
2 7 393584
24 14 792455
14 50 901573
15 40 369856
78 65 654296
39 85 581257
38 85 625484
86 75 332639
79 21 900381
8 25 131162
53 18 889274
21 71 725213
44 70 51092
57 18 456352
85 43 726295
87 70 64970
52 73 282628
15 48 799819
58 5 690578
55 24 963459
0 26 710121
72 66 307583
86 10 342721
65 71 770996
23 80 517370
62 54 920150
51 80 45848
54 21 502522
78 29 978275
0 36 553874
77 17 370151
32 80 684048
40 84 934503
39 16 168504
4 78 462882
56 48 119185
37 19 483748
57 74 999956
45 78 24340
82 86 386171
48 33 299867
57 58 675242
57 56 398727
64 47 849983
32 27 903197
58 48 638969
61 8 510920
67 45 656275
14 43 184736
1 65 675803
9 52 738971
0 47 989617
80 48 408749
69 40 249784
24 4 91422
34 77 858266
69 56 941392
13 50 646921
26 37 348793
4 35 624400
82 63 279760
85 34 620694
73 62 22174
65 79 907593
50 48 186476
58 37 398670
23 57 885473
37 39 611390
6 45 586450
66 71 835887
21 22 573571
15 82 563447
24 0 149332
50 75 962144
31 32 662000
11 37 133725
76 11 55352
22 63 605880
55 57 870441
36 16 329468
29 48 72046
79 23 585642
13 18 453940
35 81 224571
69 86 742532
24 64 704314
21 23 316794
52 57 44360
73 59 163415
23 43 855458
83 55 509711
14 65 248
61 22 530838
9 82 909857
34 35 390244
68 35 731390
69 19 574304
16 14 697547
50 70 191335
85 14 543923
21 73 591642
12 74 893090
40 7 528771
28 26 637032
43 31 746224
5 66 654181
21 5 18257
52 43 701692
55 7 634787
63 37 826795
40 45 26698
48 25 972546
27 51 107171
6 38 129846
46 64 57248
38 5 773968
56 29 454623
32 85 667344
58 81 884053
53 7 896954
26 82 333750
0 67 689010
42 40 791469
14 13 51461
35 12 980882
56 7 887966
46 10 830707
37 55 475818
69 64 108206
26 20 120312
74 63 699160
28 57 452841
14 11 17014
82 32 638544
14 59 743532
20 35 641567
77 36 725697
66 26 847182
32 41 644994
60 78 269141
60 21 739712
7 11 103292
67 15 331850
59 34 529768
39 54 470435
14 33 118654
5 77 686125
42 61 182732
35 40 997782
66 24 735640
72 35 366448
42 49 542195
36 38 654420
32 67 95465
25 0 710276
17 6 497190
50 79 880316
37 34 762141
79 25 312730
17 2 481183
2 85 209521
23 45 380419
38 64 3900
15 71 55709
30 11 615782
21 14 614225
36 30 15133
62 66 518111
74 44 524105
43 40 343383
57 2 653266
14 52 644815
5 80 687625
22 77 266586
21 39 375369
45 68 111905
77 81 901984
48 26 371680
32 61 379164
3 23 694695
34 80 374127
21 28 713673
2 3 637546
44 58 927176
21 24 397640
20 78 266020
80 75 195124
35 74 293752
78 62 332094
71 78 22393
70 64 998885
76 59 829725
62 80 853573
83 46 130966
11 20 668963
12 66 671744
0 72 186270
5 56 450466
21 72 600634
47 59 287684
54 2 930723
40 53 206654
81 55 282157
37 80 690812
55 43 923310
65 69 22092
33 13 61202
57 5 677162
77 85 863014
65 73 384646
39 81 982317
77 73 904030
31 39 692386
64 71 110620
37 4 166800
87 1 787157
4 71 536634
21 19 868125
15 58 182963
84 38 800005
63 23 125228
81 3 438587
1 82 195580
56 67 360089
66 55 293932
6 79 769537
12 0 593751
16 54 755699
41 38 678105
55 56 167088
0 42 598081
73 63 254333
6 63 521668
53 67 251720
25 72 274430
46 57 167619
23 86 32647
23 2 133928
60 53 886677
77 31 441706
3 68 40952
66 53 115830
77 6 122770
56 31 105215
68 4 333932
55 6 786485
67 21 601117
9 17 380814
83 57 281864
68 33 779104
34 24 321366
2 67 483091
41 10 505554
9 16 882217
55 5 488007
50 3 336889
23 5 561550
2 56 193939
83 65 932259
67 65 635377
12 25 909306
18 12 580284
26 39 133444
34 50 231705
80 55 345866
87 74 618343
33 57 975280
83 76 394772
47 14 253376
24 22 653184
65 7 271210
53 49 302473
54 24 394892
31 63 637586
34 26 576704
87 78 345878
34 42 824767
18 5 547571
84 51 208308
50 18 518949
82 44 338990
63 66 103227
81 87 537678
4 44 959593
32 74 188988
78 25 911805
65 17 426660
29 72 657300
79 1 515722
12 68 182976
71 61 505232
73 81 139858
87 33 58345
87 34 20992
51 30 425005
57 34 676752
37 74 915021
81 49 576239
47 63 646353
9 70 44805
41 18 147770
13 0 383388
68 55 402686
13 61 585729
17 66 839778
4 31 102597
49 39 619791
44 49 71453
76 23 278575
32 22 318964
72 65 333581
5 84 515682
67 47 854866
43 33 988587
1 25 769058
63 33 661983
31 62 526729
15 55 285331
71 14 969951
85 70 265052
32 73 980092
19 73 417205
23 38 658739
64 10 250842
68 26 491632
12 29 781598
20 48 115560
13 74 965632
16 57 67687
74 46 417603
63 14 554254
83 24 950089
37 41 771091
44 55 177028
39 78 582632
38 7 435419
53 38 662305
57 86 472044
54 71 439547
57 10 147574
60 47 286141
52 18 254574
34 33 385740
50 45 44861
19 82 558307
70 58 810055
17 51 770736
42 5 266210
41 79 272356
63 26 131033
74 61 902106
35 5 436511
39 63 163211
12 13 315595
76 39 538542
34 58 243568
1 20 166206
16 81 98924
61 12 810521
34 25 849844
80 78 373932
35 71 101932
18 63 47255
26 25 141969
18 83 623144
20 22 904882
53 2 614932
48 7 369019
23 16 134415
0 49 253497
35 52 775873
48 21 345241
67 13 193274
38 2 521870
75 63 650799
34 32 397588
69 81 580277
9 24 597816
57 64 231319
4 47 609212
17 55 853830
9 36 144737
40 86 796913
38 47 807496
7 17 40847
47 81 177813
61 29 586723
66 15 452991
58 38 849512
18 29 852685
84 15 333047
25 58 246434
32 3 650416
62 20 111069
61 34 449249
34 51 110278
58 31 910004
63 28 428912
23 55 36187
87 16 842818
24 35 214479
83 28 391910
29 59 130136
14 83 129231
84 64 753580
76 44 9076
86 68 704195
14 72 577851
45 14 258909
27 1 843886
8 57 852729
22 35 22698
80 64 538821
5 16 804833
28 20 692835
36 12 947853
57 71 188997
25 28 598292
12 56 502994
21 29 751151
27 41 259827
50 62 388059
9 77 101123
66 75 816429
39 65 811242
30 39 914871
31 46 63498
12 50 349872
77 52 980750
13 58 274871
59 30 86678
70 74 723326
63 40 512736
35 66 767813
52 75 522185
14 10 196492
44 50 691669
69 80 26404
59 5 885955
8 4 184269
83 45 639499
11 82 85807
53 87 807608
37 76 419552
61 18 410216
41 15 31240
68 6 518987
57 65 963642
49 54 169722
36 66 690580
40 64 54197
2 16 140845
26 57 4733
55 30 211244
77 75 755965
39 18 350956
75 10 42559
77 29 674890
75 25 80625
16 27 827098
76 36 284405
55 79 264925
52 5 799406
3 84 817647
27 28 725589
25 71 261870
44 83 182413
45 44 798859
2 6 83086
25 64 213357
69 2 373001
53 44 830172
85 8 201061
33 62 154755
65 60 507743
85 55 193648
42 35 255876
70 7 930611
56 50 627552
17 16 276181
84 82 112955
43 60 567985
3 36 297304
45 18 701285
76 77 889830
81 68 567938
36 40 324438
44 26 715495
79 73 512150
66 56 71547
81 85 275583
67 69 110543
55 64 357922
9 23 707512
24 77 785658
23 75 382495
30 85 933397
53 57 545818
57 27 820251
48 49 89609
57 40 771630
71 60 729376
1 76 543622
20 31 634411
58 22 596255
62 16 572845
73 80 364636
33 84 63671
72 63 152279
65 54 250910
64 58 371278
78 2 723165
53 15 95928
29 5 3916
28 78 304709
56 81 30503
42 10 219427
26 52 266250
54 42 887361
73 0 758326
24 46 913714
36 43 742412
19 83 516958
73 83 21608
23 17 700825
66 64 328672
66 78 921408
37 9 647280
54 20 974
28 12 225673
45 2 97164
51 9 473105
9 54 621709
0 32 741010
24 41 63949
8 83 243127
9 44 588670
48 67 753129
5 45 295553
36 61 886920
78 8 175438
80 61 449043
22 11 832796
14 49 786376
28 37 370795
19 29 568640
26 85 553043
20 47 721807
23 50 275561
9 5 727112
61 57 362741
15 7 184000
78 38 624380
66 51 871691
15 63 538755
19 53 977917
48 84 409409
64 13 917625
56 73 878156
60 46 90936
60 25 661054
36 53 268990
5 37 149515
27 42 126596
19 75 52045
67 51 469899
61 28 404872
81 34 737712
77 63 2831
13 52 585094
81 7 320121
12 57 207513
37 45 105147
73 25 409106
28 84 712251
38 69 255800
80 72 277494
3 42 275155
56 13 999842
76 58 425311
70 31 453446
37 16 949475
5 24 329887
45 13 874337
50 72 23213
18 82 228370
11 79 588830
7 86 92952
70 51 622477
24 30 92307
32 2 966802
19 43 702312
18 3 722798
36 8 958399
13 36 794717
72 8 949137
52 78 183500
15 35 260633
1 5 336090
59 83 857002
54 34 43636
76 81 408055
46 34 572929
54 56 330890
86 85 221920
79 46 15722
7 51 985148
22 73 508826
10 76 265552
49 9 600663
12 7 682276
34 74 123965
77 57 833461
29 8 611760
16 30 404465
4 61 891138
11 38 262905
35 73 946578
82 23 840143
51 47 113527
18 68 151510
1 34 900703
11 63 213265
30 25 64491
72 54 159553
24 19 370265
57 35 284791
61 31 695614
28 86 227396
62 83 922260
40 14 495145
62 21 735704
1 24 129600
36 28 402952
64 51 606312
7 61 68824
64 8 226338
18 36 601474
35 16 152728
60 74 881112
84 16 331256
37 46 849011
61 87 549721
3 56 214793
77 43 227198
25 33 39916
45 63 985872
69 35 280601
9 39 629173
35 2 172990
38 0 539135
54 58 390192
28 43 916876
80 77 396566
79 83 533278
86 52 693626
33 26 655877
35 49 465639
54 6 205897
77 30 41711
31 36 928489
30 13 890133
3 25 388505
25 65 591554
12 65 162647
75 55 452928
1 2 651025
56 28 939151
15 10 241488
71 28 787101
76 71 230802
47 16 464324
4 11 309045
48 83 666219
26 21 342912
81 25 128656
36 58 963396
0 20 191618
52 45 802932
64 60 184224
3 67 61150
52 21 622885
49 38 267962
82 78 946706
1 60 328280
52 36 778670
21 61 760853
62 76 497918
11 12 298563
40 82 526140
22 10 847270
3 13 869814
8 31 989900
75 48 264808
6 59 592389
68 56 497745
23 13 525608
13 79 760588
11 71 251599
24 78 23925
9 32 772971
21 45 320115
83 74 767547
39 52 588707
87 3 351808
26 86 464756
87 7 831707
1 10 471349
17 68 990497
6 37 46506
59 79 124924
79 34 53222
39 44 471294
53 27 122515
14 5 793305
22 41 921589
16 64 45417
49 7 411220
85 4 138787
71 49 469362
36 85 154855
73 53 893752
32 36 769497
53 71 190203
29 49 632121
9 65 698448
44 64 970832
57 60 858690
15 34 11279
43 81 910947
28 74 110446
53 55 858978
60 19 938385
34 62 59979
43 84 652360
62 24 923426
81 15 342519
44 28 993502
42 2 344685
75 33 27048
40 31 389226
4 34 357267
27 9 309670
19 39 12841
5 46 285628
87 30 147167
67 10 612446
12 53 125985
20 43 629495
35 84 752579
32 37 340158
14 29 528127
41 6 359764
69 12 284804
60 73 28389
7 14 68718
87 14 396074
13 77 853573
28 67 534183
32 55 62145
57 73 703532
53 43 554352
32 53 591997
66 52 243978
34 11 40299
36 2 784796
4 55 60724
84 37 819669
79 61 348150
43 2 646610
80 49 448751
10 27 782327
1 7 881113
64 50 626096
56 35 114593
2 76 992097
69 7 381532
65 21 151813
19 12 523233
48 14 832263
76 49 26028
74 7 541061
83 58 779190
21 6 316614
38 73 459251
67 63 956137
81 31 659085
30 42 191614
11 46 786454
18 46 882488
8 17 67028
60 31 35977
74 38 985804
52 65 526401
19 74 839087
62 10 519678
40 49 785800
7 57 707516
5 50 712829
0 59 5384
30 67 595856
76 86 813308
50 17 956965
72 86 809846
58 86 445325
48 17 488497
65 5 168063
49 6 190058
49 20 722549
42 84 738757
8 75 627269
49 74 591075
49 60 710303
44 13 32738
19 55 265304
25 40 2005
12 86 261618
43 7 271103
1 71 134218
0 58 22789
44 31 500731
13 86 835150
84 30 973672
10 80 3499
70 49 649214
30 1 249718
39 6 947217
72 82 424648
3 51 828189
74 86 196241
46 2 34248
5 11 516694
34 60 626614
69 42 657367
66 6 181844
66 86 503349
26 13 31048
74 6 504203
16 28 290590
29 32 380903
71 31 927011
31 24 64570
79 3 977450
25 80 935873
31 12 462146
51 1 401121
41 8 734127
4 86 446400
62 46 362629
12 87 121871
17 31 247527
21 1 956397
44 54 1706
41 87 319023
31 76 59054
47 21 403157
52 87 247332
46 9 372008
45 0 772037
17 10 996831
76 30 50364
59 66 315540
11 42 707522
65 36 809508
17 18 780255
42 16 89352
10 25 998894
75 4 404170
10 87 515506
57 24 488333
9 59 786089
77 32 547923
84 20 636147
29 42 788205
52 54 132251
22 29 869263
12 43 796920
74 58 913954
81 67 80109
27 2 437939
40 71 617701
5 61 143503
10 2 270955
17 72 117244
83 81 930815
63 32 256359
37 48 109217
75 79 49584
68 87 588696
40 23 401989
50 47 697019
81 37 779348
58 14 84725
33 59 998013
37 87 596688
10 74 886352
6 15 498893
49 32 466064
10 40 213426
5 36 163616
54 8 248870
14 22 142258
25 67 782164
48 13 915691
34 44 959670
46 39 570511
70 57 485658
80 21 554237
3 7 303403
30 61 400438
52 82 567024
17 11 970022
55 73 202252
82 22 146752
87 4 28023
1 42 743296
71 56 257623
19 7 439301
33 82 745801
74 39 548802
10 70 184032
68 58 93291
58 59 169658
84 85 473440
10 78 414947
15 77 822128
8 56 547188
87 22 972326
85 35 264017
83 29 776476
49 83 130360
28 68 35561
33 77 281614
29 38 729469
62 48 807165
41 19 692546
31 35 567156
50 46 386471
57 48 970929
51 69 73451
9 62 170838
82 45 386053
69 61 359578
75 72 920794
27 48 402449
33 73 531836
46 44 775494
64 68 442300
8 60 564576
6 8 852451
71 51 888249
84 26 139442
78 68 52924
61 59 347410
84 31 57137
80 20 40741
19 34 149505
76 8 802394
29 3 29244
56 16 316417
45 25 543392
72 5 290849
42 60 251364
64 2 202912
3 57 63501
57 14 781635
10 16 401752
7 18 71831
15 3 950146
74 26 670524
63 61 447877
40 5 330903
15 22 808926
51 36 478017
72 11 248443
83 10 935674
79 70 32838
49 87 98261
76 27 855504
75 71 776977
0 85 146402
71 30 12851
12 33 680454
87 45 899123
11 87 855228
67 7 785201
87 25 101373
54 13 410717
25 19 521589
26 69 394138
29 66 41502
49 82 672453
48 39 772020
57 87 88622
62 63 478770
79 27 442279
64 7 942404
25 84 365399
71 72 516724
25 39 553649
39 35 546832
16 13 979049
4 51 986832
81 6 357467
57 54 579424
64 19 61041
53 9 952299
23 37 598898
20 24 725621
59 55 689712
36 45 897541
62 35 823965
62 0 83368
37 64 664886
73 18 414350
84 78 997831
52 61 645508
47 75 824360
67 14 120887
6 18 637165
58 52 101832
17 35 733037
74 15 246305
15 2 798282
42 87 420907
45 55 450893
53 45 622807
46 66 872357
56 38 599884
58 10 511184
46 38 723523
44 72 11794
23 11 496367
42 82 729321
26 8 572756
11 45 816105
67 79 947487
87 58 820696
65 35 269292
59 44 477317
64 75 401217
38 82 923292
68 71 819815
52 30 558799
28 23 474057
62 47 154230
10 31 74470
21 3 545468
0 81 903664
72 60 407253
14 18 774469
4 21 551483
58 43 245588
14 2 358071
64 65 676710
61 0 10303
1 86 405081
58 78 726747
78 34 812087
69 53 598849
58 46 571975
81 26 814564
10 49 841132
78 17 987051
51 37 993424
45 76 563038
38 9 142963
65 28 620093
0 80 560527
26 2 402001
34 48 38575
5 17 590706
22 30 799199
25 63 278047
27 36 26259
74 59 203153
63 17 149721
70 34 358931
75 0 423483
61 70 702001
2 37 290382
39 24 402411
81 54 594945
38 1 103549
29 6 557962
75 78 913453
52 15 386421
41 64 83227
0 34 798771
66 25 540809
61 78 497491
4 59 370652
56 72 776878
13 75 738751
74 31 100440
33 23 372623
73 69 105011
60 13 725148
37 29 694561
79 43 974436
48 22 104162
42 62 17831
18 49 315881
74 45 308112
82 25 494907
67 8 317558
60 36 232315
68 5 506411
27 62 384275
26 40 936287
17 13 791845
32 87 500800
25 11 572399
8 32 388025
81 82 124626
80 3 692557
81 48 488671
71 81 359608
78 67 94328
27 73 800101
42 70 581681
62 18 354051
18 37 527230
61 84 692321
60 20 378480
47 69 726756
25 36 765660
47 31 692096
54 31 598901
6 86 764158
59 81 995284
27 49 985070
55 58 52935
43 0 306392
38 61 534855
64 49 481007
1 39 170528
79 22 244929
43 70 877603
85 54 888070
79 32 68031
36 42 115181
41 59 948147
54 73 908244
22 55 6480
18 85 784372
41 3 707227
38 3 935095
62 15 482335
69 62 410077
39 82 884300
63 41 193737
39 56 35455
53 75 22860
83 47 303958
15 1 648433
54 12 317342
69 9 994281
59 71 221558
8 33 845251
14 78 989639
45 62 127255
62 84 442146
0 79 32722
41 47 600811
36 33 590706
17 81 295938
29 13 204540
4 69 957985
19 6 768408
6 83 163814
53 80 50652
0 37 378608
32 4 736498
39 36 718738
1 50 54329
47 48 661623
41 21 170054
76 18 291444
1 75 102209
83 82 747720
16 78 342102
2 44 18100
31 13 577798
44 60 942051
79 58 655575
69 63 779135
24 71 855336
76 87 458319
0 65 656268
77 45 227690
41 35 133775
26 78 880442
78 69 898132
87 5 161634
3 16 529015
60 15 327193
42 37 700238
48 65 556461
23 62 496457
8 53 734804
79 2 383790
16 45 646996
4 56 859637
41 33 881769
42 83 458013
51 72 810633
46 22 358891
29 74 100202
67 37 339007
13 38 206663
83 86 714431
10 9 44518
78 36 861721
56 65 392044
12 8 855818
33 37 39384
11 80 171659
68 48 745048
16 21 825424
43 9 902574
81 61 724796
64 78 185326
39 0 157104
33 7 905467
69 70 193723
41 2 712619
8 27 249353
54 30 808298
64 56 213259
47 12 389307
15 54 273739
65 77 925220
76 64 959828
19 48 399631
64 86 165131
86 42 460236
83 67 659032
79 60 274745
43 3 495159
29 33 264239
24 40 736693
12 16 229274
68 77 229774
45 60 1074
10 32 891874
65 61 23543
49 86 174341
1 52 95335
81 38 690866
36 70 656621
83 50 292940
11 6 6728
0 71 339185
84 46 147081
8 38 325835
45 22 919447
27 6 134124
44 15 815925
19 27 550322
78 22 931388
83 71 852483
44 21 491048
41 81 546713
84 45 541075
40 1 422303
13 20 64979
47 35 140824
63 59 734587
22 31 797665
9 60 452667
73 26 983305
10 5 179907
38 20 311990
79 4 66193
50 85 504941
78 57 617552
18 11 209127
83 12 655597
23 44 508325
58 1 108900
0 46 603065
10 7 551898
23 42 896210
58 84 56503
33 81 616681
11 27 384233
18 19 598800
60 12 919584
32 28 283341
9 1 494770
85 42 756082
39 60 734974
74 4 923757
20 14 126172
42 8 495843
74 78 285906
34 2 591762
86 5 139832
17 87 545794
32 44 95004
51 82 683059
48 86 572134
71 39 505091
33 66 609809
7 78 649647
61 3 143437
46 82 148437
9 75 1261
71 46 712607
23 69 382889
61 41 498372
63 60 947892
77 74 497859
0 40 909823
67 38 440020
28 76 318
64 29 95991
3 69 564767
58 20 805853
86 47 220499
63 9 624669
27 22 379915
17 75 500184
36 56 767289
6 30 217137
9 80 651165
3 59 7113
69 68 471239
5 51 714788
11 56 874225
60 28 609623
33 78 573135
78 32 587480
28 35 812526
78 21 757220
65 40 382513
37 59 636606
59 54 846932
20 73 72517
69 13 265384
59 72 316123
57 68 278107
52 64 664643
66 42 782723
65 84 667117
59 77 243311
12 21 946745
24 68 641716
73 51 329936
58 12 591778
29 86 513180
41 84 115991
48 45 482372
79 20 882662
19 11 602773
61 19 886145
71 42 374379
76 9 295966
7 5 674159
3 34 770173
76 54 30243
15 38 710634
81 75 244550
34 22 568653
27 72 609922
86 87 479460
29 68 649515
23 7 371220
86 14 233313
29 85 679050
7 76 405630
68 66 461307
16 63 358931
58 35 632604
59 28 379209
52 20 866926
40 18 872192
75 38 712325
47 8 233472
38 22 165659
75 45 341055
47 15 368872
20 63 592166
21 18 695703
25 2 267109
33 47 242966
70 12 255034
70 33 611873
8 58 251097
10 45 768689
82 21 862468
35 59 296770
36 74 862594
25 7 253168
12 73 569896
49 25 181075
85 78 542474
64 31 64358
36 19 91551
6 61 430500
26 77 129380
64 28 752332
56 80 915418
19 54 71358
25 24 642475
44 75 49042
1 43 793149
60 4 652675
26 64 507938
68 42 668813
17 14 584076
52 6 981096
69 85 554109
3 4 540970
51 76 286567
15 28 708785
9 47 597357
79 87 562253
65 68 897754
16 55 785216
29 58 381729
32 60 510724
32 71 481715
84 12 942854
66 67 392554
20 16 974278
39 57 815087
72 31 717096
42 6 279444
43 54 198518
59 18 509736
52 53 364527
40 77 895943
60 58 704029
44 67 566456
4 16 646008
44 61 607612
85 63 125763
20 40 472686
83 25 147513
33 56 550980
58 24 94805
21 30 421854
55 77 505673
26 14 65760
22 26 687283
84 4 900403
66 83 375672
30 65 12507
54 38 806994
19 57 698211
31 34 894596
85 20 781672
13 19 919766
30 5 851695
8 71 98057
81 66 794691
80 4 511704
40 78 9489
74 51 619789
34 65 91858
16 59 785865
66 32 953907
41 56 854384
70 32 802625
30 18 826054
41 70 813607
53 47 393994
3 6 443875
5 74 272087
87 26 402447
30 19 741603
49 11 765358
60 27 695243
5 39 23432
82 2 870230
79 18 63690
65 32 79829
31 11 382969
24 81 188601
76 43 381367
34 16 682393
52 56 458407
13 41 707905
5 25 741532
4 6 945584
3 31 897127
54 7 101093
45 34 740959
4 28 75407
71 16 826755
50 76 277249
62 85 325247
63 38 36174
56 15 755287
69 31 788192
73 70 679282
69 41 636020
53 10 877862
44 42 128331
12 67 28764
29 79 969971
3 76 692781
87 24 875642
20 29 464051
62 25 204806
30 0 126958
29 31 507259
19 5 505409
25 76 847009
45 49 498646
78 35 815603
72 7 281170
38 48 229577
69 5 458989
18 60 262485
14 12 847353
24 23 563043
9 72 369717
20 44 602173
3 49 957198
21 53 748769
51 42 640829
54 50 186999
19 67 972186
13 71 845590
80 57 270230
14 25 653572
74 27 451936
40 38 341984
21 7 551736
80 7 320791
87 6 809720
83 72 916727
39 75 913543
44 63 33365
50 28 137610
29 34 333564
66 79 966178
61 37 538074
44 17 397322
71 3 296974
66 85 886750
31 78 504745
20 34 657079
7 36 634576
24 67 902941
38 77 677442
74 50 127460
40 79 564336
87 20 967695
74 75 678410
74 41 420960
62 37 597060
39 15 28146
75 21 414905
87 50 116749
72 78 340326
0 14 161888
24 17 875716
27 71 860742
73 6 928953
62 7 919106
79 37 910691
36 37 918054
26 65 594088
24 48 20504
31 16 71632
3 64 234491
19 22 156518
48 43 455725
41 86 372057
30 34 232680
12 64 771690
15 61 108401
20 3 684744
17 15 668899
38 52 448463
66 44 401714
8 45 858368
75 14 525438
21 49 24911
68 83 324525
75 67 668908
22 60 265331
39 58 28754
70 6 595612
4 83 584760
33 76 996152
38 26 243991
28 13 417041
36 15 941901
35 1 109292
82 70 838174
71 34 289655
83 34 970437
30 73 626053
51 18 59841
45 17 418542
1 83 662717
3 28 971163
63 21 888732
79 15 330049
78 42 347101
30 78 704415
37 53 906075
31 9 678321
24 28 56000
23 77 206565
81 1 899603
4 0 584080
1 78 325765
87 67 203108
60 3 691121
61 66 873830
87 82 208102
87 18 851676
0 54 110579
36 4 916824
39 22 843092
31 5 439157
21 74 22156
82 58 493661
23 83 294278
69 39 699765
75 6 552032
2 71 18613
67 86 842986
32 40 556287
42 79 368303
0 23 682242
27 4 73283
87 47 306930
80 82 182190
83 0 922159
36 34 850986
80 86 443863
64 21 463716
28 70 545086
75 22 686657
24 3 340020
85 6 406699
52 19 856561
21 40 756415
13 82 381056
2 70 100552
26 42 760667
12 59 345190
22 13 989403
30 26 827602
62 40 799506
69 36 887926
32 38 14003
84 19 747928
9 66 59576
15 64 494286
73 36 583285
55 46 154982
57 13 256000
76 75 303894
6 9 484425
73 58 49951
58 6 53191
46 1 801477
83 31 610375
29 67 104595
14 56 351967
17 33 258076
61 68 821377
15 23 396896
74 55 534387
59 64 722270
62 43 851214
7 58 618524
53 84 75291
71 5 611633
50 2 407879
18 65 670142
35 63 249317
64 67 82576
70 8 722812
70 37 970245
34 40 470104
37 17 953757
43 34 593104
43 87 209299
84 87 313792
38 70 325168
64 35 112134
34 66 377871
68 34 929358
5 70 193810
60 77 933725
84 47 532523
31 0 272759
21 38 776627
1 28 790619
2 4 848558
24 45 754049
24 56 750597
46 21 688714
51 13 840175
55 76 723685
57 75 517338
86 33 5864
77 39 138571
1 66 893778
57 11 997341
80 1 617171
41 26 46943
41 68 855897
79 57 272322
79 74 534218
80 85 511113
84 18 299819
58 2 793552
62 11 358407
79 56 140889
52 49 64515
26 49 505478
80 12 387258
27 21 722608
5 76 324151
28 75 985887
59 67 908180
39 17 659136
30 12 388635
80 58 495366
10 34 399922
4 81 529617
9 56 588719
76 57 845197
16 26 478854
72 55 864914
52 8 264067
3 77 757476
12 40 910005
51 20 705114
75 5 816838
69 59 963707
20 36 32922
33 19 757546
57 1 85636
37 50 219069
30 45 727509
16 67 983120
4 1 113297
46 63 593451
40 70 97195
61 77 882914
4 22 252362
60 37 520615
0 69 711209
76 52 207620
49 37 489638
4 77 689664
13 34 902455
47 17 330555
10 13 362287
74 68 180197
82 48 84483
62 70 134670
15 42 111196
58 66 856799
0 84 710660
46 80 775093
5 48 908194
46 8 142098
50 27 883963
19 51 857037
63 3 646234
63 58 903661
64 62 641678
3 47 257535
52 69 354155
40 67 508042
1 12 19547
9 13 867073
83 60 163220
38 60 402898
59 78 806318
32 48 514237
9 71 812729
50 52 406535
13 46 117243
41 42 754026
59 82 284581
35 33 543480
12 22 633341
68 36 185276
3 27 378836
2 66 510732
67 52 94079
1 14 334523
70 17 866485
57 62 955402
1 70 395654
47 32 355466
1 22 160714
80 83 414524
82 43 840170
4 70 302461
25 23 623167
23 29 846307
38 37 809354
74 52 218530
47 68 741440
12 75 699794
61 46 546383
24 37 969960
26 58 863813
83 78 778041
24 69 505968
60 33 811615
25 47 454645
42 28 386071
44 73 243594
28 38 395648
6 26 449396
69 22 844490
68 37 207194
73 46 884987
53 68 289154
26 59 720381
67 42 320268
50 9 748260
32 35 975356
13 70 110457
6 31 417272
83 54 889792
17 41 64035
59 31 181733
69 45 45430
83 38 962032
18 58 756946
44 69 320641
10 65 383472
45 72 787182
61 43 915420
86 71 986761
27 44 562053
3 82 406324
27 13 899715
17 4 287227
12 4 759377
9 19 942790
3 74 760492
75 31 636380
85 5 908178
85 11 189954
70 20 206174
38 31 460582
53 82 733200
39 12 114599
52 10 934177
18 47 570059
44 0 971373
52 71 952505
63 65 533231
63 57 547194
67 43 771953
67 9 107671
27 78 876099
10 0 766518
73 74 949864
73 5 935728
25 20 285440
9 42 566752
12 44 201600
20 57 336122
18 8 62395
19 77 300889
77 72 617744
1 8 409825
8 81 879870
39 50 721915
53 20 410556
25 22 93988
32 72 400566
67 5 689698
72 53 155916
20 61 778034
30 75 117282
15 16 871574
58 71 647299
73 39 52165
62 1 660969
61 24 666355
84 24 583112
67 41 482408
44 87 781960
67 20 500389
85 44 369320
73 49 406551
33 6 990577
74 2 384065
64 0 639282
5 47 505425
6 78 609089
60 16 584807
19 1 672668
59 52 832747
74 14 342265
76 79 350356
69 27 558400
43 22 801547
23 41 733629
18 2 106957
15 33 397761
38 33 940655
16 74 74317
5 8 443539
60 68 438195
56 6 186328
68 30 566976
69 46 722751
85 82 370855
31 25 300188
49 31 363690
33 18 512573
18 31 288869
8 44 443812
73 61 718541
47 26 47061
43 68 944535
46 65 44355
87 40 84787
54 75 819981
34 72 774859
5 22 247020
56 1 623418
39 45 113980
66 18 287002
17 25 484006
48 70 297419
74 24 719812
84 77 630184
80 33 72978
31 68 479162
42 74 919183
4 45 104120
3 86 851910
1 11 470711
50 71 667841
27 75 717438
43 51 341198
39 72 160173
32 26 395042
60 51 251616
66 11 36491
17 26 458666
31 30 151749
70 24 200903
36 64 732847
74 54 746555
5 3 304171
43 63 116840
4 20 536040
37 3 988956
80 13 958762
68 22 334802
25 59 424592
6 65 853616
42 43 835087
28 62 610063
5 4 304789
84 54 832159
55 39 265109
28 58 318100
54 40 765557
85 53 823739
49 58 231375
19 2 49604
13 59 852292
23 72 385177
65 2 66537
2 80 400665
32 14 373306
43 56 631843
13 37 688329
72 62 879514
38 68 416407
12 78 39410
58 19 325374
83 36 801371
54 32 74515
53 48 829797
87 2 651498
66 41 164324
10 81 142644
28 22 810606
73 42 110661
26 31 237383
50 67 912404
68 0 762894
5 43 841696
85 46 633626
60 80 373625
86 56 794942
1 68 30351
41 39 593405
25 44 437
76 66 430194
13 4 7718
54 17 582242
53 16 473960
19 35 640847
67 39 256756
79 63 327014
82 5 432414
31 67 412178
3 17 514007
2 49 535185
41 34 193107
47 23 328046
66 65 78618
52 23 197541
54 18 704343
22 51 402931
20 82 786276
56 22 595065
85 60 459502
43 69 792628
44 18 619801
83 20 655475
49 85 886519
28 9 112192
63 87 215293
6 25 94313
77 42 594586
66 22 621537
25 32 337880
21 59 862595
64 34 403344
43 11 125368
86 32 166623
70 14 445158
79 5 396757
85 51 601745
84 44 960322
61 62 627283
19 10 481897
63 80 61102
24 32 315915
33 16 868560
82 17 235034
70 76 823664
70 72 681588
76 46 559978
69 82 95038
50 80 994940
69 48 815181
60 30 902041
69 1 385686
39 2 729900
4 38 695922
23 66 308150
27 33 150489
11 50 901707
26 62 933238
33 4 599880
54 61 349324
73 68 142096
66 38 748652
30 82 760729
19 28 755507
84 59 956373
9 45 504503
67 80 934687
34 63 855191
56 60 872539
55 48 485251
36 35 331043
16 58 623111
68 54 805000
61 35 191588
75 65 134362
20 9 609318
18 78 28310
26 11 768113
60 29 520793
79 31 553402
59 48 684220
25 74 11438
71 48 82183
18 9 416133
58 30 472493
87 36 667781
52 63 306132
33 9 560561
1 44 20436
69 28 292425
63 8 137751
59 8 456111
6 10 678634
76 29 355027
68 9 633712
21 33 315774
18 0 510283
72 69 60539
47 29 432599
67 6 13560
15 50 954517
84 17 101945
23 39 755763
60 70 870978
35 54 840794
37 82 303774
49 30 931904
22 70 79885
25 69 842722
52 41 26923
44 10 899269
13 73 630973
41 14 924215
78 76 399307
4 14 618842
84 69 558375
21 2 71985
55 82 534399
76 26 659118
53 65 234298
72 20 785792
43 57 151513
7 6 771915
81 18 724398
79 44 123227
14 77 56549
7 8 55007
34 17 273374
20 6 838241
84 86 669027
68 7 483539
69 37 948414
16 76 720636
50 49 923800
56 78 873657
84 7 115803
80 15 241980
36 72 880711
18 28 966077
15 83 761098
44 51 375246
30 7 281293
22 71 853811
3 66 751524
33 44 869801
7 16 113169
22 57 300579
29 75 181494
5 53 530221
44 3 230069
63 36 793124
67 73 343301
22 64 790610
77 7 317853
28 8 904842
59 17 895096
53 61 968454
79 16 530465
62 36 746380
56 70 332901
6 51 844898
41 1 737736
66 69 88597
63 1 519239
63 12 460675
24 72 132429
6 72 490457
19 3 461563
32 30 648509
45 70 23219
47 77 685012
14 35 29169
79 80 469309
81 36 37545
68 72 948799
33 64 60403
70 81 97055
53 76 705198
11 70 704291
38 19 54323
45 86 178928
51 33 780256
62 19 330353
13 78 804087
14 61 411644
84 27 139144
21 11 868483
8 20 730130
16 82 292110
73 29 487387
63 0 259686
84 6 116964
0 6 988653
58 32 620678
87 15 159581
84 39 663239
51 15 544474
18 55 89214
52 80 218316
46 4 402298
48 46 614629
78 81 974488
71 70 148420
66 45 821985
45 71 458906
46 45 426019
17 32 391300
30 9 19769
37 54 184260
86 24 780050
1 6 992104
12 27 765561
13 43 950568
41 55 519767
53 23 41762
7 35 387735
49 63 936272
36 17 422255
23 64 569620
16 1 79219
56 45 443515
73 9 690097
7 71 966620
86 78 413114
66 37 301003
80 39 223401
40 55 775423
14 44 752605
48 16 818605
52 51 634850
61 82 665709
80 29 276871
6 62 724255
65 41 241607
26 72 308019
60 17 20867
41 20 896481
16 68 98942
8 86 149985
85 31 936164
11 53 601115
17 85 833728
61 58 986221
76 67 101659
15 11 847239
41 11 996376
74 56 298449
30 10 951014
23 4 828282
63 86 73035
33 1 526593
56 84 606493
80 18 993638
13 40 207215
6 80 943288
51 81 823917
12 26 827538
30 8 57962
10 85 402927
42 80 835916
87 28 582192
68 19 379295
78 15 601100
5 62 845324
24 33 298994
82 74 477743
26 67 530370
67 49 712880
44 47 297552
51 45 964529
87 56 843755
40 83 90098
79 82 324073
87 51 411080
60 7 143371
50 22 162551
39 40 263481
85 13 897468
67 61 517654
60 75 163282
13 2 130409
84 71 55652
75 58 15001
43 37 548941
81 23 106497
55 87 157348
28 11 578374
21 17 667828
61 26 100049
46 30 171705
72 76 492059
52 60 250756
71 33 703410
40 85 720272
51 46 869632
26 46 287490
87 0 458541
10 3 614302
70 65 843194
1 31 654505
51 28 521183
3 40 159096
56 20 520138
28 40 683910
21 50 984498
65 55 642823
68 50 357015
55 14 559759
59 27 340010
24 76 346079
47 73 613456
23 31 380285
87 77 206465
40 2 286413
61 76 734163
44 80 525079
45 38 911518
81 79 884896
3 11 24882
75 7 456952
50 24 323462
60 66 926262
34 23 997269
41 29 493376
44 7 872126
34 5 315155
3 46 701908
21 20 165622
21 51 224425
83 7 370657
64 85 522863
44 57 49559
27 24 629181
35 44 809167
52 31 348235
55 63 687130
28 6 129457
23 26 311095
5 78 820577
58 62 701569
70 15 18364
67 33 331092
40 76 735695
30 86 695179
35 77 424200
57 50 323772
86 61 805846
8 43 837033
22 72 511893
47 43 703896
30 79 68163
28 72 654855
62 49 115879
84 9 793563
60 50 78979
33 50 237548
18 1 127198
50 32 683838
85 68 239201
11 81 884623
48 54 743305
26 1 389277
60 82 871232
12 77 206610
3 78 313108
25 41 325096
30 38 485682
75 61 764928
22 16 213173
35 23 376336
23 78 31032
45 54 976668
63 7 255514
10 82 817123
41 4 239469
5 63 181374
16 49 930153
31 45 508189
85 83 193575
30 17 614386
8 13 519228
22 52 330603
3 65 998206
13 76 472245
53 24 800862
47 24 469906
85 47 745686
10 54 121064
59 11 213554
37 7 219566
1 53 824828
55 2 10141
57 69 740502
6 36 220633
69 34 932547
59 46 106080
71 38 986394
70 83 173214
81 9 442181
64 17 130403
44 38 344672
52 44 828614
69 30 581197
12 62 419064
2 31 279828
4 9 724552
29 51 389647
62 51 487098
43 16 510960
10 36 995116
50 41 638481
68 62 593927
73 71 413927
87 69 92429
40 72 328783
38 57 876645
12 48 792986
8 39 246611
49 66 310521
42 57 835546
9 83 206762
50 82 193532
54 78 525635
51 26 710235
0 53 30488
42 39 610734
25 9 230573
31 33 797135
20 55 831673
48 76 457888
79 36 992378
12 2 954302
87 23 726018
76 56 145331
65 4 814188
56 30 759766
18 64 57268
62 79 249033
64 27 979650
8 19 786084
61 51 40711
46 25 219678
11 33 725306
39 14 723067
51 11 427918
50 0 536366
67 34 376648
10 73 731681
1 85 176890
45 27 280271
71 10 266465
33 5 913479
47 58 121787
11 68 394915
22 44 525484
4 40 625094
29 39 282263
47 74 356294
62 60 409214
73 50 457107
66 14 855501
4 7 210917
54 87 994143
27 77 927128
36 84 739105
23 30 955031
14 60 208216
58 17 73218
52 4 285639
27 81 534056
9 78 295070
54 79 12334
79 45 336852
80 76 424829
8 11 336898
79 48 296470
8 69 730492
27 54 888696
6 82 655681
6 76 877346
63 2 986512
12 55 655548
35 29 531399
15 8 189453
37 71 394864
64 72 446567
31 87 145648
7 82 635299
71 79 624120
10 43 563102
79 39 477785
18 34 835689
29 57 526802
31 50 118635
53 33 980064
77 10 972024
25 29 294457
81 44 768978
25 86 46319
23 1 130371
80 17 849789
59 75 132949
83 77 161643
62 67 209532
67 27 658613
77 28 424035
71 36 365222
40 6 333265
84 2 412252
14 64 831130
52 37 4818
55 70 636485
12 20 525591
65 11 508939
33 22 189062
63 83 147161
7 50 119006
84 21 641248
45 41 704712
7 39 976690
72 85 523303
4 62 295800
9 87 695443
44 24 80607
19 80 49904
62 52 393818
12 6 411577
74 40 170633
47 82 350342
81 63 495321
84 75 17384
59 40 587277
40 52 933122
42 33 590293
0 15 899920
64 11 723919
35 37 595521
61 2 392454
10 50 178044
53 29 654786
80 36 739781
41 49 588924
75 62 826904
80 41 19948
18 26 100006
20 86 393033
47 13 759336
75 20 779442
64 83 667137
33 10 715950
46 42 683744
34 76 850843
51 55 853481
81 80 123027
28 79 875527
39 3 462900
4 43 624897
67 77 346457
82 4 829623
37 27 703467
41 77 404082
84 29 536416
56 61 39471
21 83 859746
35 25 440236
17 56 462525
75 51 289541
19 76 146428
83 53 265754
35 46 39723
38 35 776162
50 8 922849
53 58 692631
32 62 501991
38 86 626956
3 53 266573
72 38 659839
42 75 580039
14 3 523727
44 62 762856
7 29 402832
14 42 646346
87 19 595811
12 49 569970
7 47 971434
82 24 989709
65 81 590290
52 34 395019
19 63 793003
84 74 189525
73 82 477127
46 40 506178
84 52 378591
22 37 732851
68 2 391451
4 57 424446
56 21 956059
9 79 67445
16 86 190432
47 37 819950
0 28 21819
10 48 149018
4 48 6309
57 45 848806
73 48 293433
12 38 391266
38 62 669560
3 85 329760
39 51 773427
60 59 142222
70 86 763075
67 35 728581
25 38 922346
4 67 789768
4 58 718338
72 81 886262
14 81 925599
29 54 821947
65 59 644813
82 66 428611
3 0 196427
60 54 498597
15 30 330834
57 81 407689
27 68 905565
13 24 85331
46 32 118068
23 20 768885
1 47 371639
71 47 933244
31 55 709365
29 10 246610
21 34 651103
40 8 38112
22 54 320964
20 27 730395
63 76 73735
81 42 831621
11 54 537709
23 73 858732
24 79 254305
27 18 359360
8 3 144623
68 14 194977
27 80 678528
26 9 721264
38 79 921440
22 62 71208
58 77 978090
15 31 682376
86 21 846915
63 27 290410
28 5 927734
58 67 780693
25 61 639944
86 19 611803
25 18 695394
85 67 931634
8 9 990904
42 25 88667
1 48 970036
23 14 707739
77 79 834807
46 86 19331
30 57 329134
57 17 628105
15 13 752084
80 22 248834
22 59 954270
85 45 898202
46 15 365941
19 81 471750
67 84 29599
68 52 883522
53 22 663981
86 54 417571
58 3 275748
28 2 337838
79 7 146061
6 14 678800
82 75 815926
86 77 917980
50 29 971135
78 37 624869
56 26 787524
55 61 601847
20 30 235758
41 40 974731
7 73 261281
50 86 22066
12 3 11343
38 50 517044
8 68 172775
48 9 128352
35 21 965985
57 37 467431
3 62 671058
27 85 783217
53 81 7485
81 46 940197
10 56 904669
15 68 612534
7 20 145367
71 20 721513
41 71 85308
63 42 797038
26 15 873331
18 32 22424
70 52 675028
49 57 377375
75 49 865048
64 81 645589
5 81 128410
42 72 144654
34 8 114484
54 26 38880
75 26 740392
23 32 824368
31 53 950694
38 59 467893
16 8 262818
28 33 15047
49 43 823947
63 10 394157
71 44 845203
76 74 93084
48 85 345855
34 47 56308
51 58 675014
34 82 828165
14 53 8334
84 23 37135
80 45 768033
43 44 424302
24 42 565452
49 4 336704
16 29 452258
71 17 347829
9 85 530668
61 11 953301
44 40 23971
27 66 185526
29 9 542349
41 12 536312
12 37 581664
38 39 73195
59 36 856864
19 70 602601
11 44 623624
56 40 919610
78 46 841215
41 76 108356
4 76 422869
46 68 442793
63 53 135464
10 37 981065
7 66 686778
86 17 82380
81 13 296328
43 86 203529
67 82 356192
79 17 375380
11 13 98814
84 34 915724
52 25 468223
24 49 462619
30 80 449540
71 26 547423
72 12 78087
31 80 384449
23 12 523458
21 8 871497
55 38 301667
77 69 193467
34 12 935095
32 68 401622
32 19 370523
30 72 907772
80 43 633143
29 81 842114
36 55 170099
35 43 693367
6 32 882634
33 74 513509
59 68 709331
24 85 937969
63 71 319
45 65 474343
22 81 701294
43 83 743671
71 85 404078
12 81 329261
14 31 145986
86 81 736986
14 79 423612
2 81 658670
47 22 538262
14 34 962239
18 48 263043
83 17 124732
17 53 276753
77 51 292622
19 4 893726
74 11 929603
83 87 939559
57 25 680903
72 57 926247
74 8 896280
55 27 966475
84 60 476678
33 55 432281
83 2 3383
31 65 770499
35 55 399392
36 48 172367
15 57 341012
66 0 872398
11 16 897300
37 75 787626
10 72 107505
83 26 523513
18 23 932788
19 0 996682
43 59 393496
29 24 576849
45 61 618890
35 9 542668
3 1 833745
16 32 999019
72 19 211395
8 23 573657
81 21 525286
54 28 6408
23 22 369219
36 41 117010
18 24 30822
51 32 242381
20 65 871309
56 27 244794
12 24 825071
20 59 206283
48 28 851076
29 30 102289
35 50 837424
17 49 550843
29 45 940437
23 6 180042
71 43 545818
73 78 821062
40 73 794346
40 9 272104
61 16 631626
49 78 962781
41 78 959840
53 77 898732
72 41 929463
66 28 561075
11 60 448829
19 79 17908
85 37 169838
49 8 692347
51 38 935140
9 34 955435
18 77 925999
47 52 455410
15 65 141890
46 52 893552
22 83 152233
46 47 216422
71 19 460702
67 72 786449
38 10 937970
47 55 905050
8 82 789169
83 84 827235
41 28 243154
16 46 162933
29 36 821261
45 15 13519
85 76 46156
27 14 497354
51 0 465839
0 17 331052
19 23 557969
82 76 340953
40 50 561912
32 12 488669
20 74 620894
64 42 53319
44 16 256677
43 41 838719
43 65 489156
32 1 706261
49 47 715050
6 60 14019
63 13 517071
8 62 593401
20 76 559526
51 41 858782
30 62 233942
78 79 533467
4 63 349126
79 35 79740
6 44 688687
37 25 229227
21 70 151549
13 62 487464
7 31 796932
4 25 697444
29 2 545484
69 6 768714
3 9 714613

