81 2253 0
71 2 539933
48 59 432581
59 53 587600
45 15 653581
19 51 150282
62 44 439956
4 26 243098
0 68 695815
33 41 401356
77 7 601987
31 20 901848
50 13 683719
36 11 346338
0 53 726565
76 10 196127
64 69 553493
22 78 397526
10 58 5163
80 28 989854
36 34 119487
63 34 410754
0 34 799374
65 48 745298
19 48 915567
47 19 774170
16 38 93540
12 14 792889
22 33 635309
0 69 295430
29 4 873036
61 46 761621
72 43 390420
27 21 895620
49 48 566688
74 33 14669
3 25 578708
46 40 644234
27 7 128508
15 67 145781
69 29 111435
28 3 473932
66 80 675905
41 55 838611
27 26 685986
62 20 784026
57 40 931987
74 70 9083
44 66 983632
42 77 705167
10 74 402115
74 48 364449
2 10 157877
14 24 103923
67 34 953773
78 48 468635
8 10 328874
11 46 878171
72 31 552734
55 67 187027
22 73 979557
70 69 343118
80 72 955026
50 4 297282
2 18 30769
53 49 1703
8 58 745276
41 30 815160
58 43 137504
40 31 570266
30 53 592248
1 35 129552
38 33 134501
16 57 788799
32 49 691087
39 69 650554
39 35 197222
76 64 920696
1 42 760448
9 28 38135
21 47 255410
37 28 259515
5 36 681086
51 54 698688
57 2 782131
21 36 609735
56 78 576573
17 45 616870
6 2 262774
74 7 182071
27 8 607333
19 65 589871
36 3 546120
30 63 235138
53 80 109171
80 24 215007
7 31 444195
27 23 895846
42 14 872684
22 32 585135
77 3 616849
67 59 715554
41 38 479961
25 72 484437
73 36 791610
67 41 310618
20 33 505558
40 73 123576
7 79 551021
54 5 756923
68 66 709113
77 30 870653
20 59 903814
40 71 545622
37 55 578192
3 9 131088
35 48 292068
6 31 859135
60 4 123792
73 55 124642
69 79 637805
11 72 442578
70 50 390528
63 11 725403
73 24 617467
61 4 145642
6 58 608182
25 0 482345
36 20 454130
1 61 718179
37 50 626130
74 9 320812
3 63 63746
48 25 255783
13 23 346805
59 47 705228
4 22 489644
16 79 737306
65 64 483121
51 75 698213
20 12 13770
55 50 561376
9 15 78657
65 68 831227
34 71 143107
11 8 740249
6 11 561094
60 42 431422
36 40 810960
39 9 995617
77 50 438924
8 48 895818
22 79 939004
48 46 183907
18 64 553121
2 11 117376
20 6 720382
57 3 506758
42 33 422823
76 49 35037
54 22 361434
28 10 422764
49 57 282152
68 60 633897
75 39 540208
75 19 679185
45 4 19343
15 77 129689
76 22 86717
79 40 220429
57 72 532178
57 38 437606
17 8 878334
32 23 943597
62 19 186314
54 15 770894
60 7 123149
70 66 891536
25 44 795974
7 59 879117
40 18 530281
40 56 187430
63 67 306789
52 69 80766
42 23 780460
20 2 352821
42 75 546677
3 74 875881
41 21 850436
6 33 402035
5 33 559559
27 69 640477
26 67 23374
29 22 722731
27 32 83486
25 49 54279
30 38 583367
35 72 919171
77 38 273471
1 67 691535
64 34 163370
35 21 236950
69 71 858940
68 19 904263
45 42 65394
45 46 918636
75 61 409347
41 25 760189
35 25 84626
30 3 776770
79 19 946727
21 76 487055
53 64 517460
13 43 716707
50 73 124800
54 74 110267
63 7 273262
11 69 744908
65 26 481831
62 51 829035
23 19 707332
34 48 337167
74 11 565681
10 30 19907
66 61 319201
33 37 45714
21 61 581366
51 18 10381
69 75 864463
7 40 656078
5 12 329217
9 61 617311
72 6 475288
1 41 823011
63 71 582575
41 34 209080
17 7 314257
76 72 330075
73 46 11736
56 74 824804
54 0 149753
24 2 429615
61 69 691342
77 62 65780
58 70 615985
79 59 829513
46 27 383529
37 43 907142
23 49 774669
52 3 665568
52 27 270907
70 71 938373
15 69 594745
6 41 422706
75 8 738507
79 53 187481
18 24 496267
2 75 140001
75 44 296518
10 21 346576
55 13 902289
30 8 3672
2 47 52630
21 11 784348
4 6 861215
80 62 558187
72 55 816005
20 55 221107
56 79 648171
6 75 378938
49 22 606376
73 15 988783
51 8 335532
77 17 391694
32 29 193391
51 42 401424
40 20 449955
33 29 146049
78 35 992395
5 55 618111
38 4 216370
11 75 364646
56 8 41235
36 61 743582
28 17 346287
80 3 138807
66 20 464721
60 3 73880
76 74 779979
27 48 530140
31 12 868430
11 23 445713
12 80 491996
68 23 542628
75 72 304231
23 6 964558
46 3 645660
75 4 55415
68 12 414190
68 59 228002
42 72 607827
49 21 566594
67 69 39577
7 50 200988
65 50 396043
37 62 974464
72 20 722750
6 71 874911
29 61 657622
51 43 985954
34 58 149577
19 61 168673
5 39 790642
59 60 32726
57 39 682031
26 13 951347
68 15 532007
64 49 528325
42 13 430822
42 46 445499
7 1 572925
15 42 647077
73 49 925891
11 41 89574
48 70 133460
79 23 496167
56 63 112760
49 75 988749
56 58 713505
36 66 828474
27 15 178369
8 20 803245
20 63 109839
35 31 638552
34 62 21461
30 60 637510
1 36 758874
18 49 144190
40 22 252555
72 2 2697
46 14 897423
15 71 165780
14 27 739598
63 41 712725
79 52 867651
50 61 173657
54 47 761799
78 28 500625
80 69 405407
58 36 519954
68 24 145968
14 57 238372
3 31 905188
22 16 814870
14 31 184627
48 54 525472
51 59 415558
42 24 388176
1 13 402978
44 56 470862
1 38 878289
76 56 513840
80 43 416408
69 78 727640
29 7 718225
37 11 525951
63 37 442656
78 53 925986
59 61 464798
74 64 488575
21 59 54519
54 7 996259
63 27 99128
0 42 816077
68 54 129784
18 1 575750
4 74 105987
17 39 623989
66 41 422895
60 1 449480
35 71 542829
15 11 450638
63 46 703875
33 8 461013
12 59 232824
57 75 364814
54 62 637824
52 36 459387
33 75 268320
28 35 403429
51 28 992382
38 29 996920
39 18 225040
73 6 783020
69 23 463185
63 36 8451
69 53 966973
28 57 141351
53 25 184634
72 73 335381
66 55 144106
69 73 701889
9 68 267471
42 17 651190
63 17 53026
66 73 247976
9 36 334833
38 62 141511
12 78 842780
40 19 411140
48 76 285911
22 23 756558
58 37 430003
48 69 286751
30 51 44156
10 53 17592
35 63 562014
74 21 108885
31 13 435168
26 53 337078
14 78 331678
3 73 31742
3 66 271397
12 53 459300
26 62 212184
4 18 741032
64 67 559848
3 21 224783
42 63 382738
49 36 236025
15 74 526890
75 58 754998
7 52 287357
50 21 336433
26 49 726576
70 60 212982
5 9 634207
54 73 589512
3 65 186070
44 38 629425
13 52 898422
29 53 463326
70 27 930181
72 37 15434
61 63 338769
22 72 984345
78 24 497602
5 52 260621
70 23 207765
63 32 939722
9 34 452912
31 0 892037
50 32 664397
22 2 970037
80 71 710020
32 76 397756
62 3 333625
10 23 710475
61 35 246850
13 68 824307
19 29 272849
28 76 160763
5 63 651402
4 7 147925
34 66 910524
51 22 760162
58 67 710837
3 32 790603
36 48 421948
30 68 896298
65 31 159765
25 12 473070
21 34 712737
56 72 578212
7 21 331351
74 71 23345
61 70 115397
60 54 797578
27 44 728877
50 33 382197
1 68 313822
19 57 44307
37 59 41272
40 11 408005
75 50 690239
7 45 664972
9 35 392604
66 6 293935
45 65 325539
50 44 629092
57 78 195909
7 11 685208
4 49 493459
21 40 118177
44 48 575639
0 36 120219
45 49 911374
80 78 305730
62 40 866087
52 20 749127
0 50 937612
73 78 626821
8 36 626095
72 10 564722
17 34 192355
58 64 438218
66 37 952902
72 13 699578
22 68 213251
65 41 393558
14 62 856614
17 57 669151
6 13 525749
0 20 437598
2 3 295210
24 45 251060
26 72 964661
16 44 943915
41 53 366576
63 13 196013
57 1 996926
16 46 593589
6 44 571104
5 41 628369
61 13 577488
0 44 811443
47 34 640411
15 80 474108
74 52 990671
74 65 461367
20 64 755059
10 35 789900
14 49 639825
28 59 510672
16 29 94180
34 59 998555
71 58 462
23 52 867595
19 20 487164
1 44 112467
27 45 865889
79 2 423026
54 28 873304
25 51 444478
7 65 749362
72 50 906852
22 3 323795
17 12 559454
51 39 281895
67 13 177034
76 69 729184
5 31 920697
1 53 144419
12 54 823159
61 64 978799
80 39 841498
40 74 611614
35 27 309881
8 32 635890
32 69 742742
42 31 532428
22 48 452245
62 24 670105
44 58 9877
37 47 991155
23 4 309587
4 62 859485
57 0 785705
1 8 486738
10 34 423282
31 49 515787
22 44 497942
61 14 57302
73 64 535138
12 48 255771
40 51 227774
23 28 290411
26 69 652958
23 75 524143
40 41 955969
25 74 180238
58 4 168238
13 53 758464
10 27 35274
29 15 302170
33 44 604838
72 45 375614
56 3 260875
80 48 947244
17 46 846845
29 58 768524
79 12 578681
18 33 428306
27 16 291032
78 58 323001
76 16 289520
69 55 240974
9 79 47463
28 63 597721
5 32 631444
43 76 627482
46 76 243567
44 51 626879
39 25 390952
55 25 89291
69 22 387509
2 76 659441
51 72 162213
66 77 595145
57 52 989255
22 17 816445
75 47 288840
6 55 296229
46 18 612844
5 68 868751
37 77 965846
15 47 982967
27 55 122205
29 21 159486
41 19 359099
76 79 141444
77 63 411134
77 32 487996
66 40 518706
28 1 539732
30 31 176670
47 60 99698
71 39 451648
27 18 62663
4 25 839889
74 41 547757
42 22 461227
8 59 304466
35 54 773769
50 42 245157
58 72 494046
2 35 256765
34 29 980135
11 58 796009
17 14 906778
11 30 155752
29 56 310858
8 3 41128
67 32 142974
33 31 76655
42 40 265145
17 49 847817
56 59 215936
39 67 342684
13 39 345520
62 28 960421
60 49 562944
44 19 590254
16 10 447818
58 54 130140
47 43 958342
65 70 90574
66 13 331300
32 55 678183
2 54 208176
25 58 31958
60 50 811744
39 32 701529
50 34 952385
37 35 776391
29 18 903945
55 31 216490
35 26 789139
65 73 405811
6 65 794954
16 69 13525
11 54 74224
35 74 686959
38 68 732175
76 68 507009
78 29 36758
43 52 525461
45 76 381137
0 28 532470
7 48 217181
65 13 449636
70 22 482081
53 35 453131
29 48 789682
71 77 423950
30 7 777908
77 24 545508
6 7 925874
71 54 904529
30 57 255297
38 49 144144
6 69 294106
35 6 913161
22 21 780667
47 79 441952
15 24 477298
5 79 411933
12 41 740992
59 71 862376
37 23 976527
20 3 906955
44 77 608906
32 52 763729
33 55 747873
48 41 725049
31 56 216807
24 41 448256
76 71 731724
65 59 655796
77 29 384678
44 8 128489
0 30 319212
60 57 503530
35 15 812178
12 8 933307
71 47 560784
29 3 399848
2 7 974036
14 71 307144
6 29 2960
6 17 949198
29 8 908455
20 5 907399
39 38 545859
50 68 544865
71 18 460565
21 14 726786
49 19 701765
47 31 513275
15 79 135419
57 7 389004
76 41 462051
76 36 680156
54 66 165942
16 7 986171
60 45 382661
53 55 35908
67 14 749994
61 7 757255
72 23 52652
56 33 814892
42 57 354310
35 55 677504
14 26 374911
68 72 807592
32 59 21694
17 75 845714
15 40 72590
75 76 556349
72 15 281343
78 64 665129
10 79 417914
51 50 560271
34 23 24198
74 62 215520
30 56 887479
37 31 936965
28 22 808256
40 4 265607
48 53 607376
13 49 109703
52 17 498022
27 59 5306
79 20 783408
54 76 224046
76 11 869942
49 56 264575
48 20 645369
31 50 853459
1 34 17754
13 9 261205
59 39 829198
79 45 925925
11 14 380664
76 58 561469
22 34 728714
33 68 560874
38 54 80977
55 51 978681
8 7 17784
23 66 573186
4 9 885567
64 52 1520
63 25 131549
16 49 882587
12 29 510037
5 60 393636
44 9 625082
38 32 449214
80 27 334398
54 61 137460
13 36 288066
78 9 721066
36 12 159105
78 42 69881
72 61 231806
3 33 999809
35 11 674872
49 42 526628
70 43 203754
65 55 241600
30 66 696277
15 36 555387
0 78 152507
52 35 629216
47 9 651607
30 34 828828
78 3 901592
68 10 907021
37 36 204768
54 69 540847
20 25 19442
45 57 422206
8 64 484480
70 44 975929
49 78 360141
66 50 628823
29 72 426266
6 80 536282
41 27 159659
33 32 334572
41 49 203984
68 67 674935
74 67 601846
20 60 92060
72 0 289470
76 73 68157
17 25 86723
8 23 780072
70 46 959322
29 66 489874
40 80 176946
79 73 120341
32 21 508551
46 8 500594
11 3 917271
64 19 528076
25 7 846493
55 68 653471
58 65 404854
4 34 760310
45 61 877543
4 71 638364
10 29 15475
61 30 977662
47 7 346710
73 68 442303
32 40 893869
18 22 482035
5 53 263327
65 61 796524
12 13 325204
46 24 748144
36 17 48925
79 32 676241
60 64 232467
66 64 322892
33 2 186493
45 11 559270
11 42 306284
57 51 468894
40 12 969226
41 50 313304
11 57 958863
72 40 577947
2 69 277281
54 16 568378
59 23 803463
36 56 255789
58 69 222783
79 36 751463
20 14 88288
11 4 282435
44 45 409514
61 42 140773
17 58 572404
44 57 2788
28 29 693324
4 43 749802
12 56 7884
63 49 916896
5 71 373191
68 44 182410
38 9 278950
34 24 572121
8 62 760752
49 29 101526
41 4 964052
65 30 690859
80 29 103283
44 76 552480
22 62 341959
22 37 481651
73 62 569542
55 63 730658
69 34 701684
17 56 985302
44 72 794648
32 36 333781
71 8 524750
25 30 424538
10 37 838632
23 74 835201
56 67 963509
0 6 952196
8 57 657027
50 47 763404
31 21 402798
72 18 228728
61 20 841405
60 6 456549
13 2 386899
24 54 43302
71 24 642534
20 10 43777
35 41 969858
25 64 842597
12 19 379731
39 16 364544
37 34 327758
13 17 198652
73 37 920110
21 37 429303
36 28 103598
20 65 458896
55 79 337023
5 6 469359
0 29 8311
13 74 482209
27 33 564738
20 50 575688
34 77 693410
20 78 992333
58 7 620353
16 33 524809
67 9 185981
45 68 959057
22 59 699779
41 45 934918
69 31 451134
19 66 903283
20 47 49243
51 60 374683
23 35 137024
51 26 303728
3 58 863438
1 21 444122
51 61 806080
46 10 637573
22 13 689558
74 55 42143
16 3 580357
19 77 385450
5 50 189857
78 45 43923
78 23 375078
61 49 388105
0 48 444009
52 76 9098
56 6 455728
55 60 454782
61 18 151220
76 14 295273
14 48 987105
5 25 958201
49 39 456121
17 78 950427
21 13 347472
27 11 979710
48 57 941315
64 27 9311
4 68 19819
68 58 352351
52 55 825801
69 4 890520
71 44 111028
16 61 819429
68 74 433195
49 40 510016
52 16 485140
20 42 767655
34 75 441506
35 33 979342
74 19 818185
51 35 525119
57 80 613979
29 2 243590
38 24 426493
80 18 999475
57 53 281413
29 17 76089
18 31 38139
11 33 493382
78 77 68174
38 60 810021
4 0 892943
72 8 309128
48 55 492253
2 56 317270
39 14 230472
63 16 148950
14 6 801544
15 49 946319
46 66 440211
1 79 807579
11 16 366076
34 51 188335
24 19 17076
41 10 440160
38 21 477033
20 69 575080
23 71 619249
3 41 64701
26 66 468197
47 66 727147
4 51 564422
24 61 399540
57 56 818633
16 80 380218
43 17 78860
53 43 338744
30 33 91316
4 33 969851
56 64 164667
52 10 930509
59 31 796082
39 43 888475
65 75 224712
79 14 793653
45 12 943479
4 24 765845
36 80 801668
28 21 245403
20 9 490253
18 58 820730
34 46 253462
44 7 101821
73 14 547807
75 55 142704
31 70 823265
62 71 130668
78 25 803454
5 44 442180
12 33 293416
10 39 924881
24 55 888247
33 67 914091
25 38 861437
45 50 40532
44 73 61259
40 24 2472
15 6 461063
59 52 330767
29 63 997136
15 53 982007
63 14 1757
4 63 651810
29 14 511891
49 6 581507
50 8 100372
76 0 928092
65 51 510013
75 13 713969
71 20 328753
14 55 584338
59 25 898520
66 31 45200
80 61 594122
43 29 282549
52 71 66758
55 12 266930
43 32 629033
77 9 671102
51 41 546036
39 11 197200
65 44 909824
5 62 302656
77 4 848809
11 25 847056
51 1 821932
9 43 44925
28 71 565158
38 10 491203
76 80 259633
43 45 967694
76 4 210783
78 60 493448
29 57 202908
56 69 600285
5 29 820816
75 73 919445
33 64 627370
4 8 719703
44 47 645342
71 38 87472
2 5 108938
18 56 424845
78 40 594614
64 16 385395
45 19 45878
56 21 705440
45 8 168816
25 18 178557
1 16 365940
17 32 211260
34 5 206359
68 2 223341
79 30 188154
32 46 239262
38 69 728213
52 34 796049
70 72 215678
2 36 579684
61 34 720335
25 6 283265
19 71 805469
59 35 6639
64 41 880510
66 38 108004
48 51 6424
77 40 943457
38 2 493023
43 60 73097
25 40 112409
0 37 306217
65 43 137513
31 11 572080
75 80 260183
42 7 235232
65 34 252219
43 33 676631
76 42 852429
5 47 161411
18 17 122009
67 45 564784
5 49 973364
63 0 353385
42 41 944881
58 14 85718
74 31 782470
3 39 718311
24 29 532199
41 75 50631
2 73 143148
78 54 990185
58 32 58740
47 69 830952
67 30 490837
53 17 180353
8 28 246902
65 72 217370
0 61 218671
65 14 387815
53 65 65239
36 46 172680
17 79 985511
75 46 56414
34 80 832384
3 70 329495
23 14 533453
56 22 413766
45 16 436968
21 5 305741
58 13 969899
44 42 781266
10 4 380207
52 31 467825
1 64 297433
60 46 917245
24 53 537684
73 16 573642
0 35 814640
14 70 410589
59 63 593868
62 57 880240
69 1 474007
48 13 765885
46 79 105765
62 58 564937
21 43 452616
23 45 307180
8 74 621780
76 61 261805
8 42 323117
65 11 999184
78 65 571156
13 15 798739
74 12 817329
43 62 886094
63 68 258830
36 22 162167
0 58 823591
17 54 460660
78 38 194692
71 48 932381
44 40 314720
78 16 263019
62 39 95684
12 21 330531
39 64 542460
79 60 325429
54 30 532697
6 16 751185
4 42 134324
61 44 309736
80 5 567797
44 34 497198
34 6 903443
19 28 56274
32 45 464145
14 7 350466
15 37 175282
73 25 11825
13 77 882278
69 10 417781
40 8 154558
25 19 66494
56 66 48472
66 48 751710
19 50 306687
19 53 764993
60 27 437774
6 53 951880
53 42 809500
40 59 278545
47 1 687472
51 58 734817
23 51 15101
78 55 316788
28 7 263586
3 7 137274
19 22 58728
38 7 882927
43 46 945644
2 17 71826
17 50 659111
54 18 131016
75 70 509344
18 30 727066
72 19 963356
33 17 935024
0 15 22499
55 9 57731
77 18 769654
4 31 916299
80 67 498471
12 70 952815
56 13 907863
64 45 703559
73 60 493285
6 27 27181
58 12 87682
68 77 748055
76 27 801736
36 67 811020
27 3 570251
48 3 612738
64 48 273400
54 49 543327
26 76 974771
49 69 362155
22 46 369039
3 19 595411
51 71 132506
71 45 238871
17 80 833093
15 65 308854
53 4 18461
7 64 867275
72 60 92752
23 80 910983
19 9 541708
48 63 848830
1 62 689198
72 54 677247
55 22 647988
65 28 990194
78 1 792001
53 45 46069
66 9 464644
6 52 164085
22 63 223011
24 72 982601
9 27 8474
59 58 166517
71 25 76825
77 53 103109
69 43 45655
37 69 227945
33 80 548480
67 47 866869
44 67 250045
11 10 96088
40 3 887825
37 27 749646
5 14 166043
31 25 585035
80 32 574600
27 58 988942
35 62 124783
43 67 721922
45 2 745791
80 25 356108
1 37 507529
78 68 991920
2 46 395511
79 74 813166
74 14 131978
18 43 705566
78 36 387719
19 73 796512
67 28 756841
20 43 403522
52 44 419650
64 14 699283
68 21 660420
57 77 662200
44 55 371667
65 80 597648
46 23 860019
15 75 519554
67 76 359697
62 59 618836
67 27 940371
3 54 103010
11 66 303307
31 60 88469
28 18 628418
30 5 887856
30 55 773482
28 69 750017
80 30 282240
13 57 901942
8 25 925107
73 17 186515
80 38 861268
78 10 936154
36 41 622530
77 48 177515
26 43 704091
39 20 756015
47 72 276970
0 17 655161
32 20 155818
75 21 594451
77 46 293860
54 13 965572
33 79 500837
41 61 688277
20 75 15122
11 73 102464
47 74 31358
54 34 306866
19 56 653511
40 58 100101
32 34 869261
73 26 393594
7 24 129476
12 16 182306
18 79 457644
44 28 323345
1 19 841078
28 30 124812
28 4 319125
23 31 647749
16 37 315945
77 26 314704
19 35 726374
69 9 851302
23 64 224069
79 71 310465
23 47 342442
77 1 451887
45 13 12351
57 41 873661
62 48 574673
40 14 340014
22 5 690588
27 34 848477
79 42 405995
8 67 574494
2 61 815984
80 49 463369
37 65 82486
5 13 370606
32 28 625077
14 18 5780
38 73 615258
36 19 250827
64 50 498659
65 63 196722
79 68 865976
7 68 763692
42 43 898688
40 76 109511
53 63 149808
39 40 311070
61 48 41465
50 58 951215
61 43 858330
26 40 202335
57 26 807796
2 26 589129
3 1 448690
23 60 797544
34 33 777733
56 51 876038
16 67 179833
75 60 141921
79 57 487499
11 78 667915
16 5 307204
60 77 477227
37 40 743039
68 27 147329
31 24 484248
71 13 881339
72 16 385375
43 23 983985
17 26 872662
46 30 412751
15 25 421024
17 21 499856
53 74 318032
57 68 211168
32 44 974507
76 53 257679
16 2 389242
3 0 364447
1 56 85795
16 4 345286
24 20 74204
49 33 36312
7 49 257246
17 10 62434
28 31 624975
50 24 51994
29 36 535537
33 13 782926
31 63 345962
2 15 842766
42 39 848138
27 49 424324
70 20 167930
12 61 389705
77 8 905558
65 76 562158
17 9 667323
34 56 678255
63 23 810568
6 67 886973
11 68 676982
0 14 137891
77 36 557297
24 36 172504
51 76 86748
65 46 64036
11 79 643276
27 4 884591
14 2 382652
30 32 194066
62 16 810436
35 20 874216
62 11 728837
43 74 410575
53 51 602317
55 43 826740
24 23 897628
71 50 793617
38 52 20711
61 68 748064
54 63 596231
43 56 416609
1 22 598564
34 8 121502
27 5 42789
16 71 497023
21 64 865872
49 79 606716
29 74 598542
43 24 271358
13 10 925441
43 63 783779
64 22 915412
64 11 945543
3 15 454268
10 66 736679
39 27 529139
39 78 957637
75 43 987138
25 1 898269
10 48 54096
39 44 568910
63 74 701294
0 80 305967
16 47 240369
20 77 217225
6 30 11472
18 13 898718
68 51 269057
37 54 128322
0 46 598029
64 28 331826
2 39 487595
75 25 521530
39 73 971869
68 49 464588
25 16 217579
19 58 394077
47 52 776200
66 67 478195
15 48 857427
59 75 808542
67 24 667416
26 19 293766
15 21 228769
45 21 999280
52 29 191779
22 58 816057
72 5 244648
59 19 996083
22 39 765091
37 51 53086
44 36 440533
66 72 678172
10 1 467162
56 16 909140
74 17 301536
62 69 692127
63 57 170378
32 37 271639
54 9 967395
75 38 364159
55 62 521929
73 74 890978
67 52 672635
59 13 803469
76 7 491746
36 30 456994
22 41 136036
59 46 779543
34 49 461055
11 50 407892
77 23 788963
15 26 839511
56 71 582835
78 51 33492
2 30 637798
43 40 816498
41 80 983891
1 48 29826
58 42 674771
47 65 981760
78 74 516766
7 32 720058
25 62 111652
10 51 782647
59 76 90978
12 60 909172
52 30 331620
10 14 463138
74 6 274636
52 66 65747
41 14 512552
10 77 41368
49 30 364235
17 47 247303
41 73 85833
67 25 267122
46 12 886501
31 9 901375
7 20 588318
42 36 297910
74 32 450709
48 73 453890
64 80 137681
75 66 880004
26 29 177419
58 45 951731
22 7 654264
30 19 569458
3 47 618393
78 37 622109
32 42 933586
47 27 223330
53 40 629463
39 6 311377
35 69 6376
17 66 650046
78 61 186585
55 34 465984
43 78 450368
7 37 672137
57 12 602350
10 70 748911
1 74 420232
55 7 907187
71 49 170209
44 23 228027
35 38 462801
5 42 434686
15 76 437149
31 41 180328
68 3 96681
78 21 952733
7 73 773824
36 68 647806
45 54 105784
43 71 477594
49 58 271768
4 5 136446
76 20 61052
73 5 703853
10 33 178944
16 55 416538
28 11 906472
20 27 654552
14 13 552104
13 78 876917
2 80 667616
2 34 358289
1 31 102232
45 77 845503
79 63 290584
39 70 559987
77 33 258212
47 14 615133
62 29 353491
16 68 683894
65 60 361238
8 16 444250
61 52 895523
55 45 704760
5 11 772033
51 49 108165
36 4 914603
70 73 835815
51 77 184316
31 79 614393
30 24 87860
44 26 554124
4 57 82757
54 8 984572
47 76 733460
39 79 869235
63 1 806978
34 11 888041
21 6 501985
0 12 854113
17 15 401069
72 14 909041
17 62 801967
35 58 865135
80 74 115154
1 2 471099
53 73 533741
0 70 468510
35 65 189970
36 62 303853
3 75 129360
55 46 560637
47 62 602991
47 40 119430
39 1 916990
67 11 764570
73 13 403245
80 10 193048
52 26 276313
32 71 239516
0 10 386049
40 27 141078
73 0 339750
80 79 310719
49 11 659592
68 40 332554
12 75 168928
57 25 713736
3 55 914011
76 19 432545
52 78 489943
38 56 107645
14 37 442984
66 53 514933
35 66 508420
64 17 642951
76 17 575442
26 36 90588
24 13 378142
9 65 215813
46 74 692145
52 63 450517
33 46 78526
47 80 398593
64 9 525274
5 15 314759
16 74 327645
74 34 815764
44 59 415317
50 39 920702
48 79 273010
32 75 99127
48 40 692786
43 50 7694
52 48 925572
21 58 673050
65 22 192065
52 2 219966
79 41 112526
39 53 197256
53 28 495021
36 54 595265
54 70 949208
33 57 768999
76 50 625266
69 46 467178
24 56 989207
54 27 862358
71 3 371892
11 55 444392
9 11 371703
17 68 742647
21 66 221196
1 49 544548
59 55 789597
10 49 540123
2 21 304617
72 33 292729
35 5 30954
14 19 587935
39 19 74449
38 79 289511
73 9 483355
30 17 251113
2 9 901633
69 36 26299
20 68 586483
31 29 189472
66 1 344151
60 62 849212
47 58 912289
62 76 974236
36 33 621382
65 10 552936
10 43 192673
9 72 187761
5 70 188621
46 26 882855
65 21 402227
0 67 993959
18 47 262004
9 58 343898
48 37 601550
77 59 821915
67 31 552023
33 65 18864
59 43 30034
54 52 48798
28 52 167710
1 75 69644
38 50 954266
64 37 713472
31 2 847248
28 43 707812
8 2 316088
26 32 582857
67 37 844460
20 73 488549
63 40 889200
14 35 22283
42 52 855893
69 59 341373
69 24 745240
22 75 196209
79 54 686693
48 75 184637
52 70 48067
78 76 972527
14 51 42555
14 15 436262
33 40 956449
53 68 737731
19 7 837456
63 76 826327
59 30 642338
19 42 230029
0 11 721484
4 17 703117
6 26 319209
20 21 173013
67 22 242419
53 7 879751
35 70 482184
72 78 223998
54 77 445871
55 28 974714
65 16 836540
79 51 999143
66 57 246285
24 63 173918
4 1 927289
57 6 269381
16 60 263066
0 71 511964
74 28 117669
5 57 21111
56 53 599236
61 31 985755
78 2 21115
47 57 14773
37 13 557773
53 8 217587
24 51 690201
37 4 721836
77 74 738830
66 25 186374
71 75 833631
71 66 541631
68 41 719175
42 48 994648
50 59 86493
55 38 981175
10 9 353680
1 80 461912
64 47 26284
49 62 773650
25 56 466942
58 48 201894
43 2 115338
0 55 231647
42 68 858380
56 4 805855
80 44 313029
8 35 686476
25 26 559916
0 24 258418
64 4 771343
52 1 58552
51 69 428814
44 29 472034
4 54 129280
51 21 77656
66 16 476265
27 77 801658
17 19 588019
53 18 718571
77 69 35210
6 61 444867
74 60 541390
9 76 501084
22 12 873797
19 37 550716
42 67 569373
45 37 796111
15 61 726333
55 57 497479
6 36 39584
16 35 462318
67 7 685702
36 16 704012
49 3 957743
70 6 682318
29 60 124471
8 22 523764
38 12 421533
10 18 303015
19 10 348435
70 21 752547
78 15 229545
48 16 380655
14 3 665317
71 30 854769
50 54 114944
2 12 14845
14 77 452290
14 8 892884
50 46 113485
56 42 387685
1 17 994284
12 32 774653
50 67 146334
8 21 356812
49 43 732899
73 63 649080
38 18 502931
70 15 306980
23 17 571492
9 42 403695
52 12 332632
21 63 214354
54 39 370443
66 24 852954
27 78 959493
18 20 666850
2 66 915735
10 32 118863
59 16 857197
47 53 527405
45 14 415967
50 49 36566
4 79 839417
26 1 993059
19 67 62164
19 15 40672
54 33 295657
55 49 750045
43 19 62614
37 12 71183
73 34 29984
33 63 708917
62 67 592582
73 71 488451
26 50 267344
0 13 190448
58 23 839520
3 64 8830
35 18 191381
74 2 157625
55 26 244765
4 32 634019
0 32 93754
70 32 129951
33 7 185164
48 11 898702
51 66 949076
49 65 945807
8 55 922008
57 24 307110
17 35 14373
18 45 109928
17 67 973275
28 33 419624
80 46 498586
70 59 934529
9 75 885503
53 16 852524
52 21 61426
48 23 901541
33 15 150323
22 47 900967
0 49 288547
11 29 431415
37 9 40362
70 19 143070
41 32 614246
43 77 759997
12 26 895618
3 18 769285
15 57 286064
20 16 874804
50 1 796758
49 46 909646
36 14 126234
1 12 849988
53 36 746348
12 43 913742
29 75 278598
45 51 560843
44 53 462646
51 2 194005
24 74 952800
19 69 205527
72 67 715995
8 15 518074
75 30 416770
8 9 887885
45 40 970659
10 42 500064
51 31 675605
44 24 839468
42 29 76546
5 28 884042
78 30 862420
68 47 15570
58 60 920829
24 32 558571
29 25 938164
10 55 263249
0 66 499479
61 71 372477
32 53 594563
46 35 864986
56 77 10714
6 10 342810
7 39 476647
62 68 135680
14 80 767912
55 36 331630
37 41 190578
13 8 960614
38 37 378342
69 7 615800
34 7 469176
65 52 931700
61 11 751350
18 15 212366
66 5 982512
62 63 319243
6 50 348612
48 67 960249
64 38 63085
76 8 720446
80 35 773171
30 37 675036
29 39 504688
65 79 71663
44 49 331785
18 65 938723
62 64 188941
55 40 475162
15 55 910210
62 13 713367
43 68 291865
49 70 14840
56 70 65304
40 29 393128
32 72 215063
60 8 109234
75 52 121701
75 26 629930
22 10 550072
13 47 447728
8 5 250455
60 35 658219
59 26 240086
4 73 166616
19 0 33911
30 48 272422
25 22 593321
47 26 878289
80 51 484774
60 21 179235
21 23 808545
45 29 339549
4 21 494132
56 20 522568
8 65 718504
23 26 841501
77 28 848531
40 70 581574
1 71 285951
77 75 374834
1 24 216878
64 26 155157
28 45 927469
27 1 326609
54 20 475189
63 12 973991
77 76 596993
29 64 620055
50 36 34948
5 43 935119
31 77 763034
79 6 476301
66 8 437825
3 35 504732
12 65 697244
41 60 629684
0 2 175222
62 65 796553
47 0 972544
44 46 573947
68 25 499772
63 66 520667
8 61 619856
27 42 542480
59 36 753435
13 30 570138
47 33 43308
46 37 538676
50 10 2492
3 59 538037
78 18 554014
50 62 708207
42 55 979246
34 42 103686
9 21 256596
16 9 631585
76 5 561376
21 79 269297
38 23 155928
21 46 855609
18 57 864293
10 44 959532
72 77 89124
55 18 977181
12 73 475727
62 70 936078
30 27 597235
0 23 588994
80 54 835844
46 56 452975
4 12 225889
63 9 994442
47 32 766749
26 78 393126
21 71 880293
45 52 292847
48 24 520394
64 51 943736
61 60 198202
25 37 841136
20 45 761768
70 28 800546
54 31 248831
40 61 524967
54 1 21758
33 25 705981
10 71 454400
34 35 791012
17 11 144828
41 43 966144
61 74 615404
59 74 861107
52 51 446191
41 26 475696
16 75 627866
62 78 49597
3 43 889988
70 13 759155
38 31 264396
38 46 90139
32 65 930353
19 18 304122
35 43 986353
48 18 81497
43 36 602468
8 39 249715
41 15 256507
79 44 512104
3 37 817061
5 38 904386
43 8 229317
18 73 868123
46 25 824403
46 53 271028
5 37 207381
66 49 229856
70 33 582108
21 33 505148
42 18 734706
5 59 87458
61 79 139128
75 36 45075
18 67 947440
44 63 74677
40 67 431439
47 10 661206
36 31 907075
2 77 563978
37 29 729831
35 57 426227
64 42 141696
51 27 166368
17 61 506038
33 48 621749
71 33 355020
64 5 384116
54 67 464439
9 24 795347
53 50 785147
59 72 971095
59 11 153533
38 13 634976
0 51 701934
2 53 840042
0 7 313240
50 9 616488
16 18 906997
6 63 905346
70 55 360586
73 8 506313
18 9 464506
50 69 957495
8 78 152927
25 70 631199
0 74 120574
47 39 603218
60 9 853887
31 71 255584
18 70 86483
45 74 654831
25 24 849805
37 80 769198
35 13 221444
2 48 168645
2 64 394793
45 80 985283
38 22 836626
73 52 820448
53 58 578056
6 43 321743
61 23 118202
25 77 384947
53 3 131562
25 13 860173
32 1 472761
22 15 545666
48 47 782574
33 23 200533
66 43 614914
25 43 999284
33 62 121180
9 46 496084
9 53 539383
65 40 838108
26 3 420479
53 31 612464
12 64 33971
33 61 921404
13 16 664681
72 49 440385
64 57 126060
59 49 738320
57 21 338389
80 59 982253
60 71 728445
45 22 286699
23 9 592805
12 49 208975
46 20 628310
64 68 395094
36 35 302649
57 71 376001
28 24 311051
60 24 65983
79 72 677125
16 50 249444
4 30 336374
15 62 675124
69 5 318334
69 14 354009
6 38 567036
12 27 54349
24 10 66510
17 31 504547
52 14 243054
5 65 984377
80 63 301206
79 0 670717
2 59 490435
20 29 59464
36 60 337972
23 25 667081
46 78 445038
9 59 425041
77 16 643078
2 55 984950
56 48 616328
67 4 380566
3 67 344027
4 19 84895
15 10 230569
13 28 446065
62 31 876227

