73 980 8
4 67 924136
69 31 450761
37 40 415014
20 18 510023
1 7 604593
1 23 423243
69 6 520598
45 7 657578
35 46 790384
2 8 75880
31 56 470464
65 24 796317
59 16 278339
19 54 993019
69 10 67857
3 2 240051
22 60 623209
46 28 951556
16 68 573671
51 42 326232
4 5 272883
5 8 784058
29 47 953482
64 11 713219
27 67 798392
58 3 37968
38 18 446413
23 16 650548
69 15 271740
27 45 811345
4 50 658
47 5 587996
30 71 334305
66 37 141162
61 39 261393
60 37 279098
70 37 326840
41 6 640434
25 28 593216
39 38 359561
23 28 827166
7 65 193082
72 63 565395
70 68 22178
27 58 802238
28 35 952138
32 50 11511
24 33 124328
15 18 362717
27 56 686461
20 21 542316
39 46 222687
14 2 740452
71 5 260423
45 13 254433
32 46 220015
29 40 257231
50 61 618159
56 21 599193
28 53 607641
64 21 23471
47 44 394773
27 72 253266
31 44 428548
21 42 415670
44 46 896289
0 41 374407
56 68 230284
11 53 845608
44 34 323785
49 3 850701
58 56 449603
67 8 542740
54 45 654768
11 21 229223
10 32 605367
66 69 901789
34 49 193552
34 2 381481
55 30 297059
13 34 86465
37 12 111378
45 15 836065
67 37 28845
35 68 412058
51 32 779621
58 50 194102
22 69 452836
32 18 428300
43 39 150951
62 2 215709
28 34 665101
4 46 963857
24 45 231635
68 20 578429
46 41 896169
30 26 355022
67 32 825666
60 32 836298
0 17 16813
70 12 483263
32 0 913096
41 55 85858
8 37 264120
61 7 323723
52 44 379593
55 1 297075
23 47 801455
46 15 425939
52 0 203593
21 53 921896
63 44 11548
34 36 159138
16 53 984754
41 58 946612
53 24 767882
59 13 41997
71 16 360192
63 25 314133
28 21 9200
29 33 498228
2 38 759362
34 5 842035
39 63 175961
23 50 807217
51 5 554908
67 50 242468
2 68 567300
27 12 661000
39 66 381976
8 57 166223
0 57 225602
60 58 814534
54 6 340343
56 64 191273
53 32 790017
42 36 988468
37 57 265707
58 26 198567
0 43 62024
16 36 618720
9 2 732750
0 18 554063
6 40 320165
67 12 910634
49 54 944782
54 25 188501
3 62 999157
31 25 222946
37 18 137116
50 48 263499
14 26 461438
54 43 793125
2 33 372642
34 46 173031
57 31 233576
31 11 556271
67 2 673829
14 58 842298
37 26 154921
39 28 276206
6 28 427165
19 28 306503
63 67 15440
1 32 729924
44 59 123759
4 38 697449
42 45 847530
58 38 945720
54 44 749619
16 9 324738
55 12 126476
27 50 873838
65 31 381404
51 58 116544
8 18 979385
13 24 400318
61 12 442362
7 25 260991
20 3 414283
21 0 526287
72 12 445027
14 65 114260
32 41 598359
37 52 951503
37 33 772405
25 32 375723
20 38 36877
8 59 871306
48 39 66108
10 37 853218
23 62 29773
0 22 984360
20 72 462156
8 45 37655
17 22 514787
21 57 402137
18 21 562737
13 57 434846
52 7 908926
53 45 373007
16 63 186847
41 14 915130
41 64 555701
2 57 735118
4 18 661253
55 65 507934
2 40 14140
19 17 817459
6 7 231106
10 22 995008
8 56 150060
4 24 417733
64 34 546689
48 40 484468
2 7 129232
48 1 910578
20 65 908178
61 0 110028
30 7 964110
36 47 743597
72 36 630850
32 11 167001
18 54 967874
8 43 243902
44 72 57804
22 38 621036
23 61 601705
30 23 853101
64 70 843998
22 55 973433
5 60 12324
42 39 999501
32 26 862198
2 12 116537
52 10 632101
30 72 244361
55 40 243777
16 1 889341
20 29 189609
42 37 118063
10 28 306106
50 22 528192
9 10 345597
4 17 160514
1 19 823167
18 1 11566
4 28 298868
27 36 141530
25 41 334773
40 28 862761
6 42 85113
32 44 756517
45 22 495061
30 25 418441
28 68 278243
46 61 249359
12 8 169222
19 72 705395
21 52 939053
49 15 632800
21 26 404374
60 70 652703
7 72 114874
7 39 613291
26 13 964323
57 55 185164
9 27 237626
54 35 721986
50 13 905791
44 27 257062
41 21 518858
71 65 399895
0 62 159664
6 71 613367
30 52 51451
26 36 644827
33 38 131546
58 24 311302
10 50 353699
40 19 382131
13 11 3734
51 12 395671
28 15 901456
71 44 182698
43 28 844193
53 4 253408
30 17 827379
10 44 957052
49 52 876151
18 40 111395
6 18 695245
34 15 484299
22 35 200822
24 40 861460
44 3 735103
3 63 189707
48 32 772019
42 68 710914
27 66 547414
68 51 714745
46 66 179096
16 40 806276
23 14 757979
3 36 34082
46 29 407106
14 4 387602
45 31 105929
67 64 153572
44 55 758711
38 67 148132
10 40 434599
21 37 822409
59 69 731583
27 52 981598
58 70 223270
65 68 322403
37 16 727342
43 12 596124
45 26 187009
59 54 246630
13 40 928456
50 62 790060
8 4 588364
47 55 708942
10 11 594668
31 24 486072
61 11 269379
40 41 920227
70 49 948014
45 10 843319
63 45 954848
12 4 943241
58 16 187351
8 51 171462
61 25 436899
5 54 379707
69 42 590919
15 27 296544
45 12 753590
16 14 764522
13 2 852530
27 68 167283
10 13 346870
9 13 661874
25 19 618553
0 69 748766
57 67 857056
66 4 766041
46 48 549981
56 52 774608
61 55 97291
5 49 530123
71 17 271403
23 15 727975
33 16 418375
40 71 499476
38 28 597501
40 56 307436
26 56 469269
64 54 418841
23 43 256961
43 64 971863
52 11 355211
36 50 263882
13 70 889276
71 47 90579
35 43 108672
33 32 959935
2 71 630500
50 18 440469
42 48 562152
2 39 894282
10 3 93822
53 14 47704
66 71 792750
48 17 750699
20 69 590063
62 63 931269
17 61 491798
60 10 279157
3 18 843918
66 60 706157
28 59 957797
15 59 276872
54 70 183755
53 17 747209
65 60 746267
55 10 371159
7 31 489266
42 19 943953
43 57 382627
6 55 688131
27 61 249301
4 56 937672
8 26 383667
70 33 681104
44 53 487431
34 30 657497
66 45 164677
58 32 514239
25 59 348809
17 46 860685
4 9 13368
12 11 574250
61 47 556242
46 52 406588
19 5 403135
9 36 619544
1 65 357287
19 31 988361
22 47 555176
9 51 890560
14 13 639775
25 34 370481
4 25 825475
9 70 548450
30 64 195963
51 64 265659
19 20 992672
55 50 175197
72 62 188503
64 62 216182
34 3 852992
16 32 171798
42 65 906257
0 71 462432
59 61 348453
33 36 839200
70 39 986192
69 47 45368
51 56 658865
40 64 378935
13 37 510977
36 28 314391
18 67 129399
36 12 495884
9 53 902197
23 18 555687
48 12 203871
37 38 63844
57 62 691212
72 17 45489
31 33 843729
69 43 243768
28 47 397261
9 28 717308
10 18 605531
13 6 325584
18 43 237321
44 8 421637
39 64 484419
51 48 731874
30 4 230492
53 56 234712
46 24 853223
64 72 978760
37 46 986300
56 11 510805
4 21 520428
48 59 63114
49 7 970442
33 69 904404
1 39 597351
44 25 15599
57 25 969393
28 31 972038
56 42 433766
1 6 796753
39 29 468186
55 11 863109
6 31 458367
65 35 48329
29 14 679092
58 59 380228
36 64 526702
14 62 208626
7 23 516610
26 67 165443
31 40 448976
44 66 541308
19 46 999168
0 36 934591
22 29 118954
29 44 264291
25 23 923718
36 49 19542
62 69 73112
48 14 614748
68 48 316803
15 8 245459
31 53 168054
62 29 773404
52 57 279250
58 48 573865
6 68 57886
27 6 814395
12 25 989161
49 46 399626
27 49 115485
71 9 833789
69 57 956090
48 7 311970
25 10 350283
70 55 496082
72 18 900944
32 54 553523
22 67 599580
49 45 974394
38 41 108490
23 51 645775
14 17 799001
53 43 444342
59 47 995971
40 42 335875
4 68 199608
48 52 436477
58 0 237051
70 27 493783
46 45 230958
48 62 72416
6 16 240356
57 30 492669
53 69 48975
17 37 159861
20 12 368034
1 67 536241
16 31 448698
19 27 446466
62 24 62908
68 62 225155
23 63 233467
56 30 83922
67 49 241854
71 28 221204
53 36 23186
0 13 54229
61 48 175149
2 37 978809
54 10 729675
24 52 544572
23 37 30379
68 54 308627
64 66 69805
66 11 905119
63 32 300004
61 65 631364
15 64 17774
60 17 775432
14 5 36582
63 9 22831
10 26 418751
17 33 377038
17 2 359397
7 11 541631
34 61 237815
22 19 374782
36 15 741342
54 8 786429
34 65 769690
52 29 59059
26 53 943295
47 53 877429
60 19 968505
13 42 368380
4 71 213046
55 21 118393
44 36 549639
2 32 106269
2 47 297505
36 37 716639
65 40 941120
57 33 551711
30 47 874261
3 61 405671
7 0 166020
42 67 475797
12 46 39565
33 64 265525
57 40 492081
18 14 275815
25 42 575989
69 30 967212
52 26 812222
60 41 85973
10 48 416361
50 43 712431
55 69 594819
0 26 545326
65 63 882695
10 27 717710
20 55 905526
2 27 57567
65 37 207678
26 59 284659
8 20 573075
72 46 167725
65 44 139875
62 19 598508
59 38 349296
15 10 907225
53 72 583313
51 55 17848
41 9 446832
24 30 452837
10 47 923964
11 23 613921
31 55 360897
43 3 50152
8 47 204765
64 58 432383
15 72 542086
37 34 514124
47 31 665474
19 58 582374
51 47 275385
8 11 761644
70 22 137170
51 46 167899
49 41 22678
71 61 30777
10 56 601004
0 11 84273
61 43 301236
0 19 426070
8 24 358572
0 46 638671
55 68 14679
51 36 654638
2 50 271586
54 1 535536
68 14 705918
4 16 363871
33 72 715912
49 55 528519
59 32 221538
2 48 299193
3 21 20177
39 33 287693
49 38 658638
21 49 255455
43 46 790243
17 41 441958
15 32 843214
18 2 812226
63 53 452530
7 34 912797
66 18 856268
20 64 875174
39 51 632549
63 8 108692
54 40 732942
28 56 208658
39 57 15478
63 71 5117
52 17 32136
38 43 700218
53 20 740449
25 38 869098
36 1 835761
6 32 18936
1 30 909920
72 69 628018
19 69 741863
55 45 112901
44 70 768384
38 24 973298
43 44 736412
26 40 256353
41 47 644846
44 30 606187
65 27 3615
62 45 646949
28 3 674035
9 8 416535
66 58 722736
30 66 490257
29 58 235142
26 39 731969
3 55 378806
49 32 999159
13 52 623488
71 51 255792
21 33 998078
56 1 32681
26 51 640381
10 53 961331
55 67 294621
26 29 890383
6 9 199214
46 30 351362
35 4 357603
17 43 510576
4 44 995551
9 64 790689
7 62 124957
67 53 429747
66 7 672777
0 16 81746
4 29 515586
14 0 914305
41 66 439665
24 27 499392
6 11 599310
70 3 684990
57 14 429061
28 45 841000
59 62 574092
13 69 15773
43 37 598001
41 5 992690
19 59 353927
60 28 426076
14 1 840292
21 9 791919
71 19 990471
4 3 639784
70 48 478820
30 62 471016
28 50 71541
67 60 383877
66 20 932322
11 9 912070
28 42 514274
49 22 763938
68 18 444599
51 69 323878
13 29 604822
20 51 638692
33 11 234138
71 34 280782
26 1 139165
58 31 636095
11 48 555522
37 51 851335
61 67 249976
37 44 166214
11 58 969722
14 42 454796
9 30 417600
37 11 877657
33 71 549836
49 25 313096
40 36 561075
64 26 522232
26 31 531886
0 68 25148
16 44 906767
50 56 997762
44 49 204899
65 41 862962
71 20 175899
29 71 499796
55 63 370243
59 1 462511
66 10 824835
57 16 164776
51 2 850062
27 48 573395
15 53 622316
8 53 952299
59 57 202781
55 52 290771
68 8 610634
35 9 330870
62 61 899937
19 65 73227
65 3 315194
39 11 812221
56 49 411862
29 34 243072
55 54 136308
71 67 184564
4 1 71826
59 70 641667
19 36 274491
23 22 105236
58 57 100549
56 57 463101
21 30 571420
36 32 431753
48 47 66043
5 18 668707
66 31 34894
69 67 332387
52 28 985865
16 60 646475
16 54 119831
68 44 377105
51 34 797491
71 37 8487
21 58 185916
64 28 664030
16 39 319133
34 33 290583
23 8 809203
17 67 634755
26 42 89064
58 1 332458
40 0 93357
38 34 434382
5 33 433697
60 47 506240
11 43 866712
12 13 612220
35 59 294480
55 36 996169
71 57 143769
61 10 822002
3 56 673920
17 34 415066
50 21 396462
42 44 202094
67 23 954585
49 30 566775
60 3 293258
23 65 231453
56 13 779612
31 10 789006
49 14 943669
41 33 269990
29 56 665731
26 63 772353
7 14 401872
6 0 804723
70 2 580966
47 16 604021
72 43 195093
22 62 421981
65 47 49451
12 10 740858
29 63 41366
32 9 667683
43 9 584932
57 11 948544
71 68 192572
33 52 71630
68 66 423303
53 68 26421
12 34 692380
46 3 275979
18 48 785870
17 25 148126
4 61 161454
72 11 449513
28 5 747242
7 12 225271
33 50 914032
44 5 107114
44 57 705830
1 29 263923
62 46 722996
35 66 868266
21 39 492005
47 26 157600
22 48 489164
26 65 665150
42 59 23276
45 1 314474
19 15 77893
62 71 743177
3 51 776625
33 65 523125
68 25 370561
70 23 896679
7 53 21677
58 35 363235
11 68 628023
23 9 128548
37 31 745813
34 48 982163
20 67 543590
43 31 637759
27 28 914427
45 47 164443
20 7 334114
1 70 157933
70 47 141710
7 19 726247
41 15 105863
60 57 653488
19 6 630547
69 50 826812
68 29 489238
62 28 610606
17 38 389
21 16 59691
9 20 760254
19 23 54903
29 6 185282
55 35 200183
29 23 497833
3 24 380389
34 10 501732
65 48 276781
41 16 528751
48 57 784956
55 9 126840
47 9 53235
43 2 628739
21 1 640413
30 60 913953
23 72 608671
33 20 494348
23 3 827289
14 3 532801
37 68 245287
14 21 307169
15 30 370215
70 7 789546
51 67 77678
62 13 290819
12 29 670807
62 55 745244
45 32 527274
59 9 545313
14 33 373514
27 53 567451
51 61 793026
8 72 482745
34 67 985090
63 46 718577
4 55 810114
3 37 193390
29 9 109522
19 49 153624
65 4 379660
33 51 684025
16 13 696402
50 42 621852
41 2 755470
18 19 959714
37 20 107880
24 23 559833
51 19 695485
24 44 308153
14 10 256278
59 45 587262
62 4 648698
7 32 598750
41 61 692108
66 48 487672
35 38 977827
25 70 180835
45 68 851942
70 56 263502
4 59 845695
70 29 526382
21 40 809033
18 44 36507
47 35 310554
22 24 805899
61 14 852176
40 32 617720
21 61 622912
17 5 681466
42 35 969419
1 24 375379
69 12 215851
25 15 553364
4 52 249026
21 23 86542
38 14 928584
28 51 193966
18 36 671675
67 35 629450
13 4 196380
23 49 364315
38 69 146763
65 21 976506
6 50 334127
35 31 697348
49 16 277017
61 35 434838
35 14 961803
67 31 555462
35 11 790019
45 11 782498
28 66 305655
39 19 806857
64 45 25
16 33 34
30 14 12
55 71 59
26 53 2
29 71 46
42 11 22
32 67 0

