54 1191 2
10 43 520198
26 14 328574
37 5 188535
43 6 620274
36 26 763309
48 49 314509
7 26 926088
10 18 327842
19 17 842506
34 31 411263
33 45 147686
43 27 180795
41 24 903737
8 52 953718
39 4 751952
42 9 628705
5 43 932615
28 35 640469
36 46 817961
15 43 714157
19 18 856581
44 46 557441
23 4 986491
21 3 921801
51 8 292666
0 49 937313
46 43 278152
22 46 647783
45 13 579292
11 38 93040
31 37 936552
43 13 361386
30 7 584971
0 10 51255
25 15 237668
7 31 120268
8 40 407734
35 23 889014
32 25 802670
26 9 837658
6 48 687235
53 11 503727
46 1 716519
34 2 624196
47 42 841748
27 30 560103
11 37 697850
0 51 732768
15 13 770839
49 9 147999
7 18 300873
14 31 685917
27 23 342560
25 16 45990
21 36 498873
14 39 328020
48 38 624401
39 18 690864
31 32 876471
48 15 773544
49 11 156857
23 47 376899
34 40 12096
10 33 705327
11 39 471099
0 31 871349
27 9 311568
23 9 31730
21 17 293462
30 4 110223
49 14 807819
17 52 406430
53 32 865693
52 39 859791
12 7 697943
42 41 878885
27 52 380533
7 4 303086
2 17 673757
40 35 120771
9 20 419777
14 53 198645
23 49 216942
28 37 257428
7 48 794761
32 10 141617
3 17 574079
2 45 122154
43 8 283616
5 28 918975
33 14 613545
24 11 628415
38 52 286843
16 24 806954
18 21 513586
17 27 598278
17 8 430863
53 21 714936
10 44 945879
32 13 204299
3 18 209645
38 10 24993
52 42 89304
13 47 937964
31 28 478624
13 9 310410
40 49 987328
38 12 572662
24 8 9562
45 36 894512
49 24 695668
4 29 544583
24 35 278689
2 26 252172
17 39 952731
28 15 580455
44 35 350674
10 20 297668
19 3 320124
47 15 649957
10 7 993815
28 46 386746
49 46 763595
31 24 516760
2 25 703387
39 1 790250
16 33 954401
13 51 585633
1 47 826445
11 2 50144
45 25 351125
44 42 425991
12 22 346252
34 25 412722
11 19 120606
13 31 393833
34 5 756350
50 44 197573
11 44 679447
32 30 944118
52 41 393464
30 51 197447
46 24 104610
12 43 670099
3 20 408903
5 25 761021
25 11 433929
53 20 122989
37 9 260403
32 47 5870
33 31 6088
8 13 105879
37 0 715966
52 13 194140
51 43 518831
37 49 37239
34 24 927386
46 37 697130
7 46 955731
7 39 110022
48 35 961032
7 36 178524
45 3 87062
24 52 638325
33 37 879263
11 23 860361
10 1 184542
6 51 343773
34 4 822104
7 2 130669
0 46 293227
14 36 726686
38 7 474245
13 30 411907
0 30 490554
1 26 467420
38 2 129145
15 0 13837
29 15 216098
36 48 901109
19 0 820124
7 50 155785
48 32 189088
6 47 375298
23 1 572485
34 23 728751
52 34 342278
33 17 593930
0 27 539018
48 40 111325
12 42 340145
7 1 757887
28 11 811468
53 30 12640
2 49 200400
22 18 871644
10 13 392189
41 15 183635
29 45 869103
53 15 491186
30 38 668294
25 17 458239
19 26 706931
28 29 976668
22 29 203550
14 43 393963
50 16 455792
53 3 973216
2 27 849840
34 27 366297
15 52 945719
5 21 4781
25 23 868234
33 36 334872
0 36 174503
16 36 33791
8 15 333058
5 6 922431
37 4 882288
12 18 460925
6 39 911633
25 3 309251
29 41 314707
18 8 751852
12 21 609887
40 27 923655
35 52 914564
5 10 189222
48 31 895687
31 43 910565
19 21 420288
33 53 450316
41 50 960194
12 8 901231
13 38 804397
13 42 670577
16 37 90913
27 10 450921
14 10 385827
18 13 845742
27 3 495674
30 12 474752
5 9 333668
49 41 31740
4 6 206863
38 44 237708
13 44 408159
16 6 275636
45 16 26626
46 45 220962
28 20 447821
20 29 625627
19 23 445973
53 37 855260
19 12 814943
45 7 236083
35 15 460629
51 2 920856
45 21 775211
48 52 868376
8 22 991508
19 45 619461
11 18 968041
38 34 925853
49 12 115271
1 34 625537
24 0 994868
48 46 331864
29 51 609889
0 41 251894
31 21 316234
16 21 864529
39 12 836225
5 14 683833
8 32 720891
26 41 64101
18 17 439514
11 20 293607
35 11 299203
2 37 654502
50 51 284202
4 52 634906
3 13 780952
2 50 143750
22 26 305610
34 8 906737
53 10 641810
43 30 891984
29 52 727208
27 29 304945
44 0 397668
39 43 525524
17 49 207405
26 52 190665
47 25 786309
30 22 119784
24 18 868512
39 23 412159
43 29 267931
0 6 558968
2 43 295105
30 18 80892
22 17 75570
20 26 771120
3 10 56729
12 35 351513
6 49 259462
28 32 589137
3 40 252368
2 12 84536
20 13 486529
24 23 679194
15 6 578503
36 1 966254
22 10 30952
19 43 238424
11 7 65942
28 27 828810
45 10 214920
53 4 123887
8 53 137425
26 34 108744
47 12 955765
28 25 754469
20 2 144745
5 22 906444
27 38 798433
9 11 614813
52 31 975145
26 24 357136
25 43 168771
3 46 786117
6 8 832150
37 34 931932
47 20 732155
9 39 49628
41 7 231508
41 25 548622
37 50 18979
29 49 515390
40 46 25389
5 29 808227
49 34 701294
29 34 547297
3 8 160056
21 8 210158
28 50 807704
45 22 685121
8 31 749803
32 37 857998
34 35 190393
17 35 818500
14 41 752041
13 53 879176
44 45 349561
52 7 592915
7 6 598557
38 20 89902
42 22 232732
24 2 82531
41 8 120173
30 10 903573
47 19 322799
48 28 658336
29 44 901646
29 26 576554
20 19 342604
33 7 269408
53 52 380471
36 44 55423
24 21 270986
24 36 22099
38 15 905878
22 39 449258
39 28 846890
21 38 719679
30 50 108686
48 44 362979
47 24 745496
3 14 939370
23 30 533036
4 28 659795
33 32 67684
46 17 206056
13 2 647956
28 47 591032
38 5 161404
16 4 45261
46 38 54456
9 6 424018
53 17 774878
3 16 991177
16 9 848042
10 46 949322
35 43 772079
1 15 970614
43 17 327370
47 46 400152
5 2 693996
35 14 254855
22 21 29414
35 47 356707
8 45 666102
21 29 635847
34 0 330839
33 20 977382
17 42 781423
28 1 910884
49 43 555526
42 19 791215
3 29 947825
48 33 31142
11 0 754921
19 50 31128
52 1 336679
19 9 656012
16 10 527053
24 22 797278
1 44 876308
25 46 362046
29 30 988565
42 21 129726
9 22 334544
51 37 668456
38 19 188208
1 21 753133
39 30 755146
50 25 294004
44 17 667273
50 42 582749
0 26 603172
42 5 460983
14 17 882819
14 38 125263
41 16 103211
41 10 242502
10 12 811609
18 32 918423
29 19 459976
51 18 248730
51 32 229541
25 18 632188
15 37 489497
48 47 384756
38 16 385617
21 39 573609
0 40 209425
50 34 695504
0 32 262077
33 44 364445
21 7 599800
32 45 605178
11 45 63284
49 42 436484
22 27 330077
46 31 35298
1 22 11561
1 30 867953
43 50 257177
30 26 261411
35 16 984652
51 33 181342
36 52 429932
37 6 291394
20 49 574730
3 51 955129
11 48 515478
17 20 400624
36 35 60236
24 19 742356
12 34 596627
12 11 776350
1 40 190790
14 2 750172
3 47 460474
30 28 378328
42 3 729730
6 44 223482
0 18 929849
2 22 413488
24 5 246725
31 16 557182
43 48 639447
51 19 519319
35 30 152325
30 41 62858
32 24 570543
45 35 56089
43 18 727315
7 3 17450
40 4 50494
4 11 431059
3 44 383954
13 23 839878
37 35 738575
11 30 284563
29 50 728157
47 40 309512
19 6 179098
3 22 832003
7 27 595311
39 46 444110
33 5 782634
49 38 356591
10 21 471231
19 15 50065
28 12 927998
19 41 113511
7 32 123858
28 6 110988
32 16 868665
26 13 921164
48 23 726777
42 48 849671
7 42 48837
21 35 250231
42 33 439175
24 37 833399
12 3 393371
15 44 926802
51 27 545975
8 10 133418
8 39 572069
31 20 763933
21 2 884628
31 40 70503
6 27 28935
40 50 571294
6 25 639091
5 13 331531
7 19 614569
41 20 335698
45 37 528292
50 4 38304
50 9 390739
22 36 659462
26 51 276382
38 6 804003
11 22 204403
44 4 26322
26 5 65745
19 37 203084
5 23 745645
34 9 857269
19 30 71105
26 46 74531
31 9 491876
22 41 642036
26 12 224053
36 34 88185
12 14 390191
35 32 107353
39 53 602132
11 21 910168
34 14 43916
46 34 946237
26 6 381183
23 44 51900
43 40 310484
26 15 465742
7 0 376371
44 22 126781
49 10 14205
0 21 218013
40 51 214552
35 29 825782
49 4 611259
38 53 718957
34 19 954348
34 45 650231
0 29 197212
11 26 322410
53 28 901964
15 18 894556
36 38 42765
10 52 419883
31 50 656147
14 18 70950
39 5 84433
14 15 584967
32 20 598370
29 9 646761
37 52 127990
25 1 326781
42 32 536184
39 36 389712
28 16 912335
7 22 216814
5 47 780207
50 46 93236
30 40 938826
48 39 858508
4 22 744610
6 40 560395
17 37 123673
6 20 655134
18 1 307773
13 0 994637
49 35 918606
39 16 784268
5 53 480566
35 8 174860
47 14 793430
50 23 447419
20 24 624243
52 14 497434
11 40 868592
20 7 503681
45 5 549857
38 51 388144
19 8 662082
39 34 699169
25 44 657616
43 36 195271
0 53 994306
43 4 688193
46 9 639210
31 5 527933
33 19 16478
48 51 479309
46 41 780180
49 25 100027
23 7 78291
41 28 798496
44 37 184038
31 29 898929
50 35 897097
17 11 692815
10 17 615661
23 2 653336
32 44 350906
16 15 374237
31 41 20330
44 24 988684
45 14 314038
40 44 580958
2 44 818773
38 28 583382
42 4 65459
16 12 916908
2 10 550344
20 23 684129
1 31 748311
9 14 357538
16 0 130972
14 25 266849
52 33 7483
13 21 165067
47 52 435581
5 41 237900
8 44 343269
4 1 328761
49 45 255693
31 6 726313
23 33 822518
50 5 415423
18 41 366446
29 11 12740
50 0 809541
23 17 649431
23 21 199566
42 46 121424
29 33 996804
34 53 726998
13 39 116936
11 5 278519
37 10 121283
17 5 235586
10 28 334588
11 47 459760
27 46 185503
43 45 887305
39 24 80012
46 6 200097
52 23 212876
14 32 953161
36 47 150896
33 3 849128
14 24 678857
18 50 311317
4 17 692537
7 17 63863
22 33 5012
47 2 33057
4 24 792616
53 22 195159
43 16 580740
44 43 582245
11 27 866749
13 41 131778
36 40 955102
34 28 509993
14 23 629373
18 20 711596
36 18 50192
22 34 335570
16 8 201682
26 8 79846
15 10 603622
16 27 425051
9 24 408144
10 48 750883
38 29 608049
33 43 250642
12 46 705218
6 17 56033
43 22 324313
20 39 651533
20 15 717228
32 22 373541
18 26 688070
18 33 908654
44 31 861247
10 47 630497
41 38 336114
18 44 692320
41 53 541264
22 51 759581
34 42 691294
36 13 530033
46 35 870904
51 4 911737
6 10 651733
42 45 402443
53 42 695298
53 9 15529
19 13 956307
40 23 355480
18 46 436195
8 20 656233
1 17 329637
40 18 396519
42 39 116988
26 44 98728
50 36 635260
18 27 251507
48 37 630061
6 23 484636
11 33 69230
13 40 482034
8 42 878463
12 5 749499
51 52 506293
31 23 854247
49 21 238896
16 26 367033
44 30 231834
29 24 983276
52 50 595954
33 8 624430
26 31 492253
12 13 495223
34 30 800407
4 25 102032
19 44 435480
21 14 823653
16 34 430136
6 30 524747
34 32 948228
33 27 999991
13 25 822893
12 48 63873
30 5 942687
30 25 189551
0 33 743183
1 37 924238
39 44 839770
2 40 602747
19 16 464653
8 23 809580
34 7 219525
29 1 298298
25 26 329971
7 43 681003
34 21 97776
23 45 145449
26 53 40171
40 22 681317
36 3 58407
22 38 831905
4 14 224356
36 37 403400
46 33 963547
18 9 987044
16 2 583821
27 36 170846
8 30 344396
0 39 56638
5 3 444653
52 22 929595
12 31 75083
45 41 97797
45 51 920455
32 3 26156
50 49 207424
26 35 684188
25 29 671518
47 51 202082
30 49 896803
2 29 240685
33 40 523022
40 39 979211
29 40 856542
27 50 699576
21 37 189602
32 12 606290
21 33 248668
28 52 251625
21 28 530185
16 14 566443
2 35 778141
2 4 469097
4 19 140907
5 32 120439
13 34 77655
38 18 80059
51 46 508505
36 53 77091
40 28 163026
31 45 77413
0 45 771338
31 53 492036
32 23 873282
0 52 529180
16 20 410592
21 48 87986
17 29 454657
23 46 517059
44 27 869
37 27 50636
7 16 631046
42 16 299197
15 17 78078
25 37 478932
8 5 497883
24 10 936847
25 48 582476
20 52 584838
25 19 26314
42 25 50954
49 32 7151
52 6 347550
45 28 196830
39 37 14331
8 0 562321
49 36 512024
22 0 777871
29 48 475885
30 45 317565
45 47 238999
12 36 169546
9 17 497930
23 12 704357
37 29 776619
53 29 611361
36 2 424289
4 3 472027
42 29 246947
33 28 836365
32 9 671931
1 13 199977
29 7 235869
17 0 699443
42 27 309063
19 52 318734
17 16 425165
51 1 307131
46 32 315415
1 48 751524
28 51 734306
39 19 485885
0 42 549444
27 39 864649
38 32 610218
10 40 672195
35 9 158316
44 16 573636
53 35 2967
13 7 441709
31 49 862746
17 41 59048
31 10 469874
25 8 448505
46 15 950597
35 22 129169
7 40 543722
28 8 789451
13 49 419404
17 48 479538
2 41 574864
51 11 249502
16 13 383962
14 1 812771
12 33 306284
23 16 626843
42 2 66974
2 0 634373
1 24 377428
11 32 555247
37 14 678766
41 32 11953
22 48 186618
16 48 86268
53 50 324031
52 11 308989
6 2 230493
32 19 256073
43 47 395175
19 49 789552
7 44 629634
42 11 327778
47 34 101486
27 47 751180
32 1 367625
8 11 833259
49 8 356726
48 0 344405
22 50 120690
27 4 834079
26 32 158175
3 37 494686
9 8 980744
11 46 547143
48 4 46244
43 20 388911
18 48 157467
3 24 232317
30 2 150335
36 30 379864
7 14 164065
31 4 552400
3 26 741138
21 9 733177
47 53 829344
44 14 230144
48 19 689383
36 42 145458
51 25 157018
1 42 828068
12 41 796287
13 17 737017
52 18 328858
52 43 2040
14 28 95476
49 5 127426
37 40 732831
12 52 892595
35 42 700050
48 5 531062
46 13 836513
20 51 297313
48 8 998687
41 21 498725
20 42 68574
40 25 887005
36 10 235505
52 25 453370
0 12 937011
48 14 683443
4 46 707846
15 49 18501
50 14 168267
31 25 288373
23 10 417929
40 24 941250
36 5 966088
37 30 52878
22 25 91960
38 25 911419
22 49 397530
9 12 161241
0 43 286987
47 39 399133
44 9 678564
22 14 596826
47 38 141403
39 10 143022
22 20 252722
25 39 410088
38 24 3409
22 37 661627
50 13 175729
51 41 999606
26 23 559577
5 16 622743
9 10 259541
39 32 736790
48 41 937780
11 13 917886
4 13 715045
27 24 235434
18 42 122379
16 46 796782
24 33 30873
15 51 460841
9 47 601061
37 20 35028
24 42 980462
50 20 576670
30 9 465113
29 18 925019
40 52 427024
18 34 855982
30 24 905305
0 14 466665
26 47 988959
21 46 304978
23 53 165496
14 42 793777
9 3 635558
23 3 410764
16 18 729589
38 0 182880
45 27 306746
2 3 521595
15 21 62085
31 30 203406
31 17 762667
51 31 967212
37 7 92988
21 43 252360
44 20 433547
45 53 996109
41 35 783932
13 27 870083
39 3 565062
33 9 360745
41 3 60876
15 27 420608
27 49 552833
4 15 205516
34 17 970713
26 48 976732
26 37 815326
30 15 523190
35 33 712477
31 38 371501
26 28 389989
19 22 691383
3 34 358558
51 24 675409
25 27 131775
50 48 332563
52 44 730898
47 44 2549
10 26 270505
27 48 96768
23 22 284031
10 35 816370
46 14 624125
45 40 804097
51 53 635349
15 31 98475
37 42 555145
30 52 412469
24 50 377939
41 34 709673
31 27 660273
4 41 92373
9 36 712565
14 6 225203
21 30 400738
45 17 156096
44 12 800133
23 36 283367
53 7 753862
35 1 246779
25 10 793121
1 27 333740
29 8 211806
52 2 818504
38 3 242024
27 20 285230
36 28 472435
2 31 523700
26 33 586416
28 17 92096
14 8 463152
11 15 794235
39 15 447791
9 25 23598
16 47 939874
12 45 478931
32 21 491390
22 13 605721
1 20 42524
6 3 626520
6 53 761655
29 10 656540
47 17 917444
44 5 950548
23 29 744582
9 7 626230
2 15 287958
18 5 175222
0 9 625841
4 10 910318
34 48 745998
15 7 990983
37 43 904681
11 36 226459
32 27 430096
30 14 981377
26 45 360695
3 0 969453
47 37 340843
25 12 177476
44 49 355886
5 46 807266
35 38 426282
11 41 838873
15 42 346448
40 41 266049
2 18 606276
2 1 769458
4 33 80109
7 24 606846
8 46 875825
52 46 685420
15 12 717486
11 34 672961
48 24 197653
19 5 179139
33 13 763566
16 22 565645
43 32 993284
39 45 229659
43 38 415337
35 51 932193
43 26 784124
11 14 792994
39 49 937882
41 27 344250
19 53 315559
35 13 838090
1 49 117557
17 50 122205
8 36 381146
53 43 253516
35 0 190939
29 32 236945
46 30 609384
47 41 735028
15 5 370645
1 41 411275
21 50 973039
51 36 490370
48 30 127799
27 35 493936
23 0 304994
50 39 71606
37 8 438366
48 2 574690
49 47 219179
29 36 899311
19 31 713426
49 16 839468
9 41 119892
24 15 73172
44 53 622232
43 41 13938
3 50 27191
14 51 214470
14 20 220669
36 41 994873
50 8 193622
28 23 326235
6 22 54368
12 1 860660
38 1 724467
30 42 288218
14 40 607073
39 38 606156
47 18 438104
49 33 959318
47 21 378971
10 42 944903
33 38 280129
45 38 551506
1 19 286907
13 37 709663
32 17 566400
15 50 835626
53 18 132491
2 39 515954
0 4 454672
46 19 148202
1 50 169613
53 2 305366
12 40 868119
30 16 130740
14 24 38
47 20 50

