50 367 0
43 2 421731
27 33 420387
33 19 940463
48 17 967929
7 18 217735
24 41 226087
34 40 283899
0 34 1669
36 13 415697
27 13 207392
17 25 486494
36 19 233618
37 9 403866
26 14 554275
7 25 21696
43 18 455420
10 41 532322
13 16 390438
36 14 911042
39 26 634361
16 2 281103
0 5 458757
18 22 722599
16 47 135415
32 42 649599
6 45 711000
16 43 154520
26 43 9080
41 5 114450
15 10 142117
19 32 897141
12 9 929906
15 7 4577
30 14 195814
21 7 373910
45 26 519963
41 47 642596
10 13 257389
47 27 522448
13 17 41283
26 11 789239
29 14 705849
37 24 77893
7 23 736085
47 22 4355
34 10 320644
41 40 935684
24 6 269478
43 44 385535
22 17 278450
45 36 165691
11 7 831162
47 10 616181
20 39 944689
33 18 30970
7 40 611193
49 20 997253
41 28 136798
7 6 659558
10 11 552812
8 13 829074
24 36 296096
31 28 788067
7 26 837178
17 31 427688
40 17 130680
5 32 561989
43 45 357872
20 46 804402
30 11 155005
10 20 100943
44 39 913352
18 23 811444
24 26 911978
34 38 17096
42 26 624633
15 8 881763
48 16 743641
36 31 328000
35 37 923581
38 32 370031
46 21 308903
6 16 808137
44 7 997295
26 13 911551
24 23 131734
35 25 898084
21 33 884725
19 27 261596
44 46 906310
28 6 533091
15 17 86950
43 10 148632
37 44 792213
20 3 559380
14 35 147145
38 3 593588
37 34 263227
46 33 400053
40 13 979322
33 6 550671
0 7 227931
47 34 87351
0 40 113103
3 4 753613
12 30 9606
40 23 538318
18 19 455970
48 27 126848
9 30 419136
13 6 177107
32 23 469517
43 42 114228
41 38 796911
10 42 739271
1 37 582617
39 12 496114
29 13 298621
36 40 41992
20 42 811449
41 4 605667
18 40 84678
41 1 232941
15 26 733466
16 34 298200
4 39 543960
38 22 997141
48 30 227768
46 26 586575
40 9 124962
11 48 25565
23 4 162670
41 36 319082
6 49 257039
15 1 953067
0 25 79514
36 34 874876
3 35 355626
12 36 848086
33 5 561506
29 35 665782
15 40 943590
4 13 108375
28 35 972106
44 27 330071
23 38 417862
26 38 158116
38 29 355635
43 17 879645
26 36 640743
3 45 541905
17 20 928664
29 45 617753
48 37 974526
26 28 204121
49 10 804012
28 27 125078
46 34 117236
3 10 704848
25 15 992879
36 17 973557
8 9 599389
6 36 141429
49 14 182762
12 38 899945
28 21 757294
6 35 676469
25 44 967485
18 27 516444
10 9 700980
49 38 165420
12 2 917496
10 45 817322
42 1 92172
13 30 214237
32 31 367320
39 7 970096
9 45 414575
11 33 741680
39 49 381156
24 46 475660
42 16 536276
7 46 344452
11 38 325697
28 39 142338
15 9 379747
4 29 86422
31 0 435838
8 31 331132
29 41 502635
3 7 35829
48 22 267419
23 31 136692
43 22 573378
33 29 275290
5 11 347353
19 45 629734
2 17 382414
11 20 805139
1 9 497615
8 16 851402
18 21 196742
44 40 473714
40 19 373016
47 43 815946
16 18 600405
18 29 816447
6 0 800220
33 17 844864
30 47 692182
27 39 387819
1 26 566096
17 44 878160
35 42 366437
10 0 785280
0 33 202042
6 22 239507
0 14 873515
48 40 75876
35 34 34272
27 43 212787
5 25 470188
10 48 419719
0 30 939413
28 19 654021
16 5 840356
12 23 931820
17 41 635383
38 10 869640
12 34 52309
32 40 713091
8 3 880679
7 10 256088
36 1 619445
18 32 369910
29 21 999447
30 44 282307
24 15 652830
18 13 392947
10 22 552875
40 25 301389
29 0 307409
2 49 532762
13 48 846009
16 45 113455
46 3 661723
26 16 697073
11 34 291632
39 36 60412
4 21 40246
19 47 80925
37 30 538864
0 3 670798
29 24 349242
27 32 38038
44 49 908473
19 15 431019
41 48 588455
33 14 126499
32 36 216035
32 9 707455
17 14 405434
16 11 190429
23 19 456580
32 43 182755
46 30 946083
12 33 414855
37 3 464609
33 20 374593
17 18 957449
22 26 394699
11 0 866240
39 42 71546
3 18 24079
37 17 454034
8 0 502102
23 37 759550
48 47 565989
33 39 454007
41 44 679912
15 39 304843
28 25 163630
14 25 134294
22 42 843542
15 16 839460
24 0 11021
46 39 956500
15 48 748093
31 39 354371
46 25 773885
42 15 681983
41 27 39112
13 32 284298
23 45 165382
49 33 952083
5 29 275276
3 9 767266
40 45 770152
19 13 565400
35 1 475299
3 34 373687
38 36 548285
35 40 310846
24 28 913268
38 0 535477
21 41 721790
0 22 685071
41 6 798813
10 46 551046
5 48 383768
24 40 102948
23 48 150980
44 47 608364
33 28 563799
18 5 410056
31 10 935781
39 13 501461
0 47 242493
34 45 909251
28 42 170195
25 8 54460
29 3 621625
27 1 718717
23 42 189519
38 18 944366
4 25 96489
2 18 312206
42 49 364869
25 6 228321
32 39 108955
20 0 543216
17 32 629459
15 34 859348
48 14 673384
1 47 804869
45 0 398020
44 6 257940
7 35 643044
24 9 402008
25 37 351948
16 0 464458
46 17 925772
25 19 905430
30 24 471104
32 3 864259
19 11 706430
5 2 800177
23 49 131537
36 37 983204
40 10 40612
17 5 317302
20 12 155738
12 7 224992
36 10 347370
4 47 393116
41 30 502893
8 18 628962
35 47 725206
27 21 16825
12 35 439812
16 20 625972
28 13 500152
21 10 273115
46 47 518052
8 17 509238
44 24 928219
27 12 309729

