85 91 1
18 24 243606
4 5 62139
61 58 333573
13 48 859199
26 82 733824
66 30 188837
77 26 537976
83 10 218679
48 59 636104
71 52 753404
0 2 312627
57 43 612847
4 24 167270
66 8 80405
78 51 402846
0 27 913897
34 73 124946
49 40 250124
51 9 652399
14 39 464088
84 21 160681
49 15 439171
14 64 482607
9 44 166520
17 1 670583
22 70 362821
12 24 923707
40 78 150329
15 36 705688
17 64 719567
63 17 465811
61 11 86812
18 7 351556
66 29 113508
23 74 333960
51 12 906662
75 31 829436
6 59 949238
73 15 964040
41 2 241160
48 16 765650
66 57 470022
0 63 84478
74 15 199792
15 16 513703
81 72 527634
50 8 608975
23 62 72294
66 14 380049
66 47 539293
47 21 224260
59 0 574244
1 30 403993
8 30 37591
67 66 22668
44 72 170399
82 22 450884
47 29 486359
51 5 100335
79 24 588270
77 69 438721
61 62 533282
34 4 584696
40 67 158533
15 79 309581
30 68 434173
7 51 671160
41 84 892072
67 39 689092
78 69 466312
38 73 451285
22 5 742571
81 36 178676
72 71 945429
79 78 480405
53 42 676640
43 53 258459
22 76 704781
34 47 737446
59 19 638932
82 49 114054
14 69 359472
36 11 404124
81 77 112284
28 53 794516
7 33 120153
14 33 224396
74 40 195926
49 31 594006
64 71 273097
70 34 101013
48 78 1

