59 1371 7
3 28 927648
37 30 34354
46 44 657906
37 21 365608
38 21 508546
41 15 759853
7 34 581082
26 11 613696
1 33 780094
20 57 222941
39 4 97603
9 38 850945
58 23 990211
24 3 229163
45 56 791130
24 16 677447
17 41 762328
51 2 412546
2 57 514789
52 1 896275
58 30 249205
29 22 367823
28 25 375139
11 39 365744
30 27 995812
48 38 455574
9 41 867894
8 13 345857
8 12 578288
8 4 934117
18 51 228052
1 29 102872
50 3 912081
13 38 773273
21 0 614564
49 24 522003
16 18 651532
45 28 978356
38 20 458478
50 11 104000
2 45 531887
8 21 685623
25 3 178309
40 2 748830
41 7 14137
48 36 538348
10 25 736587
29 49 649601
10 1 52781
20 41 815761
29 45 685395
0 15 748139
58 54 592699
53 14 652606
15 8 880046
25 12 133475
9 27 335101
7 56 353165
22 10 624539
1 14 899360
17 8 512719
8 33 879822
35 52 569134
42 44 536146
2 10 637599
17 13 371972
31 9 545004
51 44 428504
50 28 562747
29 8 625418
34 10 497461
36 3 613192
14 9 598922
57 1 152913
55 4 598102
41 51 805314
34 5 270130
1 16 840556
36 16 728435
8 45 606175
54 29 119944
3 12 539486
10 40 720490
9 22 481956
30 17 771841
25 41 130025
40 54 590251
36 42 837648
44 25 715355
51 3 720086
37 38 822594
41 29 129352
43 19 159548
38 30 545571
28 16 403860
19 35 370723
55 3 611529
28 40 869552
44 38 408423
1 9 339037
1 54 871568
33 50 491622
48 39 50108
35 27 438652
20 42 578412
1 26 489825
15 48 99538
36 40 950856
42 0 746443
31 23 968213
3 56 282591
19 37 998513
38 3 823398
1 24 597172
33 3 103265
30 25 625645
44 39 198550
24 25 928507
25 52 765699
12 58 989931
51 5 55289
28 15 48494
45 35 251022
50 32 757166
6 27 68419
4 42 169276
18 10 26437
57 56 281376
47 35 469312
50 25 294158
29 9 860687
58 20 537871
49 17 688516
45 7 560291
55 42 317447
45 33 340808
40 42 965008
36 37 247202
24 41 906074
13 16 194093
48 6 174508
32 48 463961
40 20 107412
43 57 420416
11 5 164529
22 23 825488
10 54 875598
58 18 924061
39 22 337608
57 46 544526
20 3 385399
25 27 187894
55 6 883022
46 54 691559
56 31 374794
46 35 582237
26 0 752221
15 13 634944
52 20 371433
41 47 829628
57 27 837965
32 46 843275
22 52 892351
46 36 329543
26 7 927095
2 14 417247
49 57 248285
57 32 584398
38 41 316275
2 43 549545
2 35 724195
18 33 222220
13 34 427726
58 1 378615
32 8 750703
20 0 111165
34 20 777155
54 11 587555
19 49 982347
27 31 449809
10 50 570455
46 31 681437
21 26 466416
51 27 302007
43 48 152306
3 18 706466
41 19 970016
3 35 882970
19 11 721669
38 52 698478
42 53 947109
28 0 416257
57 23 956616
27 24 454088
53 28 380449
43 40 860819
11 24 774652
31 42 241219
38 33 94783
4 24 309355
8 54 401185
38 35 124036
16 14 309029
23 42 90582
56 12 32636
10 12 448034
0 13 751371
31 5 545252
0 11 688583
9 23 152361
55 30 192946
33 24 468238
36 10 452396
20 22 138672
52 12 417150
39 41 686773
4 47 81798
26 9 66140
31 47 933061
38 43 803849
49 45 798331
12 47 164831
51 0 460744
2 44 757715
19 36 934280
27 17 664402
42 11 768906
53 10 364638
29 52 16148
18 35 448210
12 54 909787
13 47 345662
56 2 553925
41 40 216624
2 28 729854
53 30 763310
46 6 937058
21 14 216240
48 7 314687
28 20 88581
4 14 452064
29 44 455210
23 7 139943
43 42 483391
38 18 414880
39 9 493286
28 7 627293
3 30 387884
3 42 521176
11 53 274417
13 40 622631
52 3 951568
15 50 345607
49 34 972161
12 9 79418
49 26 32461
0 8 326613
35 20 329174
36 50 427517
8 46 454017
45 4 622156
44 56 166974
6 38 554020
19 5 317464
6 22 603887
24 46 542653
1 23 499205
16 9 664099
25 4 614289
14 49 476780
11 48 704751
43 32 657049
22 51 906814
37 15 239653
54 50 503261
35 40 216107
53 7 785187
55 33 688207
30 57 753281
23 19 775248
46 12 953726
50 1 766950
47 39 907518
1 34 7631
10 58 342776
44 28 39843
17 34 330838
26 50 739535
37 29 121632
26 44 438831
15 25 287321
27 21 11112
15 34 929538
53 8 744910
16 10 420951
21 50 817097
23 40 954023
24 58 293213
38 0 214890
26 56 997154
5 22 701103
32 11 596179
37 47 14783
55 40 942531
54 55 158218
19 46 599485
48 25 806967
41 49 13578
45 21 654289
35 9 462608
19 56 970974
42 15 381193
27 47 727738
16 26 745371
42 10 620491
58 37 563536
4 20 142
28 8 492560
2 18 180312
10 44 571762
46 40 966543
46 11 509747
49 23 926070
47 18 348182
4 38 772690
13 32 507159
42 18 459407
13 37 584352
1 44 257162
33 2 120570
30 18 207091
26 31 280543
28 27 617856
28 10 122654
13 56 815636
19 58 596925
13 11 869395
57 10 650132
54 42 182761
14 37 565470
31 34 290865
25 5 101180
22 31 105335
8 38 488538
33 27 574478
47 14 292657
45 41 472390
52 21 504155
28 32 364232
53 0 132225
55 27 179952
19 25 934752
45 48 353674
53 17 725410
12 21 711475
36 35 203122
9 10 418484
53 24 734333
54 31 249027
56 48 270155
9 46 751621
17 24 180422
30 52 458362
49 40 412689
28 41 151157
52 58 674136
56 33 839489
41 11 143189
26 28 527846
47 24 174564
35 13 968006
51 33 381265
41 2 340748
56 50 905479
54 35 334580
52 33 476220
2 17 724419
47 19 323775
37 23 562404
42 5 900924
18 9 199041
0 46 834779
29 50 641618
38 25 240236
0 31 351918
51 35 94148
36 18 490581
11 22 497490
30 43 199778
37 40 161656
45 20 294414
12 33 706342
0 10 293198
45 5 297076
11 30 792961
6 58 538964
51 34 772434
37 55 376223
6 49 978100
0 19 836361
12 27 933256
14 55 789081
44 54 168803
2 24 288048
21 36 421281
6 44 429795
29 42 628493
26 38 797255
36 41 104849
38 2 341083
3 19 98280
44 17 142506
55 24 306130
39 27 21933
37 6 335749
43 1 342968
29 10 504724
14 11 968577
8 41 334906
55 57 670860
10 15 441838
2 16 690514
12 18 208837
25 35 212818
44 18 768567
57 51 508950
17 46 782406
9 15 750441
10 55 689385
39 45 974127
16 22 351375
39 1 278753
53 12 210293
7 16 890104
38 55 143555
50 30 630096
58 39 695141
15 36 707022
48 29 379021
27 56 903014
26 15 512365
39 33 589118
8 11 797613
18 53 898369
8 1 330176
34 11 748992
34 39 190588
18 11 365841
51 14 777973
16 6 484333
39 55 198792
20 50 252525
8 57 859850
23 34 434514
45 10 487218
20 15 573050
26 22 40922
43 51 729329
6 19 518407
48 35 329100
2 5 82870
4 43 222049
25 45 267380
11 21 712941
58 38 163774
39 18 725197
37 32 242236
41 23 74361
57 36 975803
45 34 833499
21 58 179182
4 56 72668
23 30 123019
50 35 874578
52 55 387437
3 22 357927
24 45 941772
11 4 428844
21 16 246349
36 28 955603
11 27 154618
17 25 413487
45 37 636474
48 14 468610
19 34 564516
9 33 935857
1 18 695826
41 42 898172
41 53 927897
13 44 120832
49 5 427345
53 6 677070
55 17 681153
43 41 85183
36 34 894402
58 53 82786
13 1 105159
41 31 221944
55 35 918875
6 10 31699
26 55 756397
32 24 643292
27 53 952083
42 1 321455
51 50 666822
6 26 783331
32 10 135232
21 39 142147
36 24 247834
1 3 578661
27 34 673490
46 49 780254
13 5 734565
12 38 99831
38 54 529616
36 45 305217
4 54 264190
23 29 272339
24 21 858603
32 34 6956
2 31 871962
1 35 456583
30 9 707792
35 31 219032
38 28 274864
53 52 455572
9 34 329980
11 16 41730
14 13 68154
14 54 332368
47 1 804852
21 19 966343
49 10 67404
44 34 970818
32 4 339311
58 13 684312
27 7 534449
32 0 953253
17 36 494411
6 54 850886
2 19 812564
14 25 627918
42 45 231306
47 51 562981
4 48 737197
15 29 898688
45 15 731379
16 4 972446
12 39 719239
12 48 46817
5 7 544352
46 18 147893
4 17 876330
50 38 925792
37 42 429037
55 48 998856
7 13 355843
49 36 837120
17 16 115212
31 39 858413
27 14 400841
49 12 151221
31 38 124800
46 21 325373
36 27 588006
46 10 818702
12 24 367523
42 27 388077
17 51 541567
50 58 374645
15 24 111132
41 32 3887
46 43 21183
48 26 791712
18 34 917749
46 26 891444
55 19 18735
22 55 229253
0 47 752031
32 51 826765
45 14 790035
0 27 57895
39 53 808404
40 45 936602
32 52 894098
45 46 396638
9 21 237597
52 28 766057
40 26 102894
53 1 642872
14 24 863525
7 9 693360
45 54 451427
29 36 169779
37 1 918389
21 29 702418
7 18 467575
16 49 854795
40 4 288143
55 56 108196
24 10 638965
46 55 533483
15 23 836269
41 55 1802
17 10 705849
8 43 426234
4 18 703209
15 17 971158
24 51 371775
9 57 753746
0 34 561849
2 47 46380
35 57 98884
32 29 472756
33 46 814641
47 30 848618
40 7 201290
56 51 39086
26 41 896220
2 23 879799
14 7 274214
57 22 186917
40 21 459000
22 19 754444
6 17 559076
40 18 262874
16 31 132844
38 39 196608
55 45 320044
38 56 986252
44 31 298118
46 53 331754
28 58 404592
28 23 229099
42 19 903353
8 37 986116
48 40 794754
58 14 452245
44 43 2282
52 48 721671
13 41 439326
6 51 770413
41 14 160267
52 54 115228
11 17 16748
48 0 778744
32 19 465634
16 39 84978
2 39 526493
23 46 698365
29 55 574506
19 53 616654
23 51 857909
46 22 782148
52 44 458536
56 1 438432
50 22 588248
50 49 717992
20 48 800416
34 14 570891
1 12 82658
56 39 928902
21 57 537630
58 34 431569
17 35 92041
28 54 158464
58 49 249561
50 40 629421
34 48 449467
55 31 788831
14 56 360225
1 27 88500
24 30 18924
2 6 854817
11 9 497783
32 33 401647
29 47 338388
43 18 44377
13 49 227450
49 48 546292
2 36 913981
5 12 330746
56 58 577657
42 24 675637
37 39 999748
14 44 367683
15 7 886361
15 39 248812
22 28 368791
52 49 249905
43 3 706953
26 24 783340
30 10 976779
51 42 134949
29 33 367071
2 32 994279
54 16 160107
43 10 89180
37 33 571219
39 7 846810
19 1 507160
53 9 592863
38 15 584122
32 58 670222
19 57 19772
30 44 810455
29 16 421570
10 5 166216
31 3 791976
46 2 626090
15 32 559126
57 31 817478
0 14 372820
13 19 333902
58 26 240630
21 56 758635
36 22 267378
14 35 78403
26 51 976772
30 42 376623
47 11 436380
56 18 834753
48 44 972801
39 13 308491
14 15 300711
34 55 521152
11 7 176447
0 18 948711
26 39 458383
54 49 754056
5 44 204288
34 41 703568
16 32 780038
22 33 114944
40 15 893587
44 35 825061
14 39 429112
35 6 701577
28 29 209022
49 55 668602
22 35 66959
20 37 919814
54 33 535176
19 26 717916
9 43 535620
49 2 31746
26 29 614799
29 51 280070
34 54 853324
35 11 968128
20 16 22831
51 53 638944
37 54 713264
19 4 978804
37 4 127426
37 49 812883
49 22 175548
6 29 161987
14 50 585697
7 0 704725
36 56 487033
9 5 252082
37 16 752305
38 29 199100
35 8 731035
18 52 760702
31 37 632339
21 28 424391
56 29 665148
32 26 283155
31 17 279501
15 57 732565
29 43 708358
57 50 990770
21 1 392273
29 7 393347
7 51 951874
42 22 681472
49 53 525225
5 52 352716
6 40 970263
47 42 728431
43 35 391590
29 40 147638
36 55 892817
56 34 959310
53 56 214665
22 37 676533
48 47 283527
9 42 855146
42 57 425654
41 1 156543
41 33 487795
26 2 185619
10 27 100392
48 28 892300
51 39 664842
58 27 63090
22 4 925873
42 38 189932
46 42 958597
25 22 915158
54 24 637094
48 17 644895
23 43 109384
17 9 4466
27 46 89254
47 53 980395
50 12 500783
45 1 18177
24 50 324539
3 34 792852
51 20 257038
29 3 283138
11 44 923139
42 16 342168
22 24 614547
42 8 189298
11 45 548323
45 6 180558
32 9 274213
53 25 336559
42 6 740565
41 3 555161
44 40 883461
36 39 874254
23 24 60713
36 7 417900
40 14 427761
25 31 406719
47 44 73779
44 9 320919
36 53 979658
43 15 689962
22 12 628497
5 15 615109
33 49 107365
18 45 812156
31 15 294496
25 8 1877
30 46 26597
23 20 908839
30 32 604686
2 55 656333
32 7 104210
17 21 252478
19 18 807328
22 32 785407
58 22 804896
43 52 77659
46 47 252604
29 2 392140
5 18 490269
43 12 343462
36 33 96093
43 14 405317
9 3 204463
13 46 998547
12 7 787872
52 36 655363
26 43 257765
32 44 307682
30 26 595517
19 9 972685
11 37 568657
5 28 48307
42 33 226242
3 53 456080
3 57 278116
10 33 929635
57 54 714170
36 25 240216
11 58 299758
33 34 94163
3 27 864714
1 2 784942
49 9 942637
10 19 336255
54 32 782399
26 23 329112
2 27 530303
42 28 704718
50 52 662340
33 20 378596
8 22 634506
8 3 457327
2 48 849825
6 8 487282
39 50 609707
51 8 649713
51 4 391032
5 41 415026
19 16 463333
30 40 781596
55 5 941751
6 18 222654
6 36 11677
47 57 317506
36 5 738743
4 13 256969
20 29 394751
48 21 119545
23 32 957056
20 24 503097
42 26 54613
52 46 793984
54 47 249337
5 6 881651
55 58 742907
25 18 89582
57 53 68365
33 17 371383
57 34 208670
27 38 669927
14 32 964439
31 48 312297
13 29 2003
10 56 689113
40 16 351954
50 5 728195
55 15 833810
4 3 557627
53 5 585068
36 58 981092
44 15 684084
22 21 86798
40 5 111351
14 52 616101
28 13 838611
37 34 907006
52 42 831755
52 24 586683
37 56 691516
58 5 493926
19 20 654193
7 24 44246
15 19 34247
36 12 473548
51 11 343558
7 17 664277
25 0 581887
58 2 789123
58 9 31134
52 4 724709
52 39 619469
27 50 322521
26 37 890522
15 1 653086
31 36 112113
4 44 404805
15 52 49857
34 28 116683
58 40 979508
42 39 494784
48 58 391265
54 36 800764
32 25 913292
41 27 865995
27 4 924037
52 41 880560
47 15 397474
45 44 255885
43 28 146322
55 13 678344
8 30 488485
57 38 53654
51 16 441753
37 44 24570
7 58 221188
24 19 455334
0 43 191900
35 32 311099
56 11 943596
50 7 147093
26 5 368842
41 12 239146
53 29 802179
7 31 855469
45 53 585508
16 35 203224
10 11 275584
5 33 618265
1 4 161494
17 45 394781
46 48 912635
57 58 215417
37 24 904870
23 21 612826
30 20 839276
7 30 956767
57 29 818824
23 54 173434
4 9 363499
48 50 13337
20 1 392810
13 9 982439
28 1 959286
9 37 985972
39 8 202486
8 9 13384
14 19 649261
38 16 263424
22 48 785283
47 40 268160
56 17 204447
0 45 920224
42 34 35096
11 12 656746
18 32 503270
20 13 320952
30 36 304543
9 28 178927
0 12 255471
6 24 245703
53 26 969217
0 23 722140
36 47 97853
32 21 756155
15 54 807418
27 8 248445
3 2 368637
39 23 895680
6 47 99232
52 27 142241
57 52 147100
33 40 55542
9 56 930277
35 4 832792
21 4 437008
10 48 786089
33 30 986342
50 53 856733
30 5 820276
32 56 139162
47 33 413449
7 38 664631
35 23 213055
28 17 798344
4 28 346941
31 49 265853
21 7 962283
47 28 192926
30 28 274854
4 46 485769
17 47 382538
0 58 947834
56 24 715227
28 6 70048
50 17 831253
37 18 927816
48 37 620194
41 35 12980
35 21 384004
10 52 861736
18 22 494
26 25 287927
51 31 639768
51 54 801613
17 18 309088
30 48 162291
23 44 801280
20 27 840196
23 17 391706
17 39 287864
1 49 273831
12 34 256670
55 18 696567
54 53 881408
33 58 431197
43 7 943506
56 22 557783
6 21 524221
26 47 151719
16 15 432273
52 45 987495
53 33 655027
8 14 962928
11 55 817799
24 18 72726
6 14 9101
8 36 307496
47 7 298635
48 41 70909
15 49 920727
17 40 217301
20 36 627560
2 12 600878
1 25 900805
9 40 369660
22 53 224223
2 22 587106
50 8 84337
16 5 990745
23 38 452055
27 37 670610
29 24 237999
5 47 6640
7 8 122033
56 40 159642
55 21 66041
3 46 86269
50 31 630830
58 35 614946
30 14 227984
40 34 560101
38 47 432636
2 37 250046
57 37 734706
4 10 772107
49 3 651181
15 33 280795
24 0 318996
31 24 308184
8 16 667199
51 19 932069
50 0 982748
48 13 526913
55 50 700913
17 1 286873
56 16 418925
56 30 418242
31 20 824008
23 50 125846
27 16 516801
31 43 560015
14 36 181011
45 12 776556
13 45 868572
44 55 641023
24 44 517978
22 45 259187
1 32 625483
25 58 96100
10 21 212356
18 48 851708
34 6 710854
52 8 289612
11 20 966574
22 44 108610
31 11 411129
58 8 142950
5 35 785752
44 58 819063
6 32 870561
17 32 416197
17 54 103638
6 13 5171
34 25 950263
13 18 29324
20 46 53212
45 38 289355
0 33 350886
44 27 940599
5 54 61140
51 12 628815
57 12 309971
51 21 453582
35 26 65192
33 13 843000
49 8 503155
21 53 184787
43 58 596125
8 26 217358
50 19 494680
54 41 600424
44 19 295098
11 36 547903
6 12 261881
54 9 792265
38 32 725117
5 20 584229
30 13 817192
2 54 695312
24 28 346608
5 4 338145
17 5 753138
10 7 840564
14 33 329640
58 42 889798
39 25 236958
42 12 547415
25 29 55470
35 37 463285
4 50 553145
12 30 752078
12 37 115592
8 19 739828
5 48 423744
9 52 985058
20 47 850535
37 5 10081
0 37 585230
45 16 441395
48 54 248938
48 23 237033
58 15 803961
14 31 234696
6 20 762367
16 25 841830
39 32 774325
32 55 496922
56 28 250403
23 13 433280
14 12 80103
8 31 11500
37 50 232022
34 4 954326
15 46 386879
43 20 377087
18 50 813778
19 45 554649
8 23 602339
36 32 725946
53 31 433870
20 54 959674
49 42 173840
51 45 966001
0 49 511429
29 39 212893
22 15 205514
47 16 542147
8 48 504744
16 50 809751
24 43 401113
7 19 5342
1 30 120149
23 16 926646
14 22 627204
17 57 604763
27 13 305431
12 40 469585
24 38 167251
11 43 174301
35 28 136310
12 23 849959
12 31 925899
37 28 739781
6 39 825207
47 55 263888
30 41 738316
27 49 713998
34 43 674343
47 56 655076
48 51 778455
6 30 65343
43 33 613986
31 13 853159
26 4 41258
50 47 153662
8 10 287025
25 40 187677
13 25 983737
29 14 627475
10 31 277603
32 42 571509
53 23 208322
18 29 144724
51 38 139945
19 28 390021
50 2 501173
12 19 798667
37 52 574339
27 45 173338
15 6 777485
46 38 223826
20 17 800024
30 2 826334
28 31 429533
33 26 211844
4 23 496091
52 13 99924
8 44 954409
50 42 765983
53 2 887946
3 47 140541
25 33 615446
0 56 838559
0 16 308261
42 48 800070
25 42 561418
57 25 513678
16 3 284264
51 49 442932
39 30 74802
17 52 76019
40 3 28040
52 6 129601
44 20 919593
10 26 93965
2 42 795303
48 24 655368
3 13 358618
3 39 488783
2 34 52074
25 46 267586
18 31 638342
51 55 786289
36 1 295065
23 52 890830
21 33 574204
40 53 813788
48 19 317755
17 29 251934
53 35 903317
57 24 965501
8 24 694675
9 48 509796
13 50 844758
0 44 348641
41 0 293878
11 2 429423
7 55 718113
43 37 65175
20 8 782369
41 21 277061
20 14 542563
21 31 227516
27 40 835110
30 15 187670
35 29 260125
42 14 794567
4 15 15001
43 16 714890
41 10 530341
56 25 732462
40 31 451352
11 15 217640
33 44 502753
28 46 176864
36 23 395479
30 31 198171
7 3 341170
0 54 469084
45 9 309018
12 26 428800
30 4 290579
23 25 417257
15 21 914408
17 38 699796
25 55 887679
1 48 638531
20 21 924220
40 52 904822
49 32 388958
44 41 528695
22 38 25960
54 21 594346
3 6 953988
57 39 862786
22 47 140815
34 46 352771
20 56 23911
45 47 123875
8 40 571568
10 51 525385
38 40 909020
29 5 428986
15 27 609294
55 53 71506
43 56 868947
47 43 898877
46 37 37286
20 32 624278
29 31 844874
10 38 499439
57 33 407981
53 13 165672
11 1 740409
17 12 985980
14 3 166228
20 18 593951
17 25 38
34 18 48
46 47 31
3 12 31
20 47 58
4 7 28
27 24 45

