64 1167 1
13 54 760083
11 4 520412
38 33 327954
49 45 973546
23 57 89427
17 26 162328
55 54 582290
58 30 382873
51 35 741049
58 1 365970
6 49 830856
47 25 126464
3 52 428914
32 10 915738
10 42 947604
20 29 744715
5 58 453878
50 0 651413
59 35 385423
56 10 478948
58 15 31566
43 2 648103
30 59 339354
51 20 388764
43 15 612918
61 5 901941
17 9 754761
30 4 453012
1 37 940454
27 49 239141
36 34 500529
17 1 136073
38 63 805117
60 58 226261
58 18 94884
48 7 357821
14 47 254672
56 19 237206
25 15 816582
38 56 411318
19 58 840837
30 52 137062
54 49 858230
0 27 714875
44 26 980594
47 42 255459
30 15 196223
60 41 544782
14 60 728493
27 36 144626
34 26 95979
30 17 336765
4 60 752564
5 50 631390
0 22 690847
56 52 433131
25 13 307336
54 52 345324
34 25 678237
39 15 552478
24 33 634013
9 4 379454
13 61 633912
10 44 858040
47 2 569603
12 31 61300
26 7 531641
2 17 550303
63 49 130888
48 32 943556
42 63 248676
7 27 304512
29 45 618604
27 29 736590
62 58 447696
9 33 29810
56 33 858076
23 50 458733
8 27 676589
4 54 409664
44 57 34705
7 11 220449
39 50 765847
37 63 731174
27 35 860014
1 63 763157
43 22 760524
24 5 387471
26 62 95304
40 52 307923
20 39 475370
61 0 169875
59 1 536943
43 16 654768
22 4 783622
14 36 261202
42 62 257897
60 57 299071
41 31 346669
12 38 919234
53 3 431518
22 16 331168
10 12 524573
44 18 325106
12 29 299058
35 48 529738
48 13 724072
17 44 34256
63 54 102928
48 15 835151
21 31 458513
9 36 758587
9 13 676066
25 6 19311
47 29 402234
40 46 840353
46 22 286116
4 18 604466
31 5 306907
28 27 416321
40 62 862344
42 19 890275
44 20 297519
18 29 291805
41 44 19363
30 21 164551
29 44 246717
50 10 711811
57 41 264574
46 17 286227
19 44 166464
48 27 497471
38 1 488818
25 62 622277
22 44 171381
24 39 905804
13 21 248407
0 26 175038
28 6 791782
42 32 111082
25 37 827681
1 35 229790
49 52 102059
61 21 895340
49 19 190218
38 16 833320
24 52 274700
18 61 159217
29 59 555290
4 17 478203
54 12 792709
23 25 847
57 63 721972
24 61 816604
23 1 167875
19 22 372690
1 9 683573
52 43 897760
28 4 416631
43 28 920437
35 50 206139
46 41 18380
1 52 332393
12 53 882983
19 47 695067
30 10 51444
18 1 173209
21 16 793496
56 28 950423
33 40 244139
41 7 388930
29 21 732015
14 19 718210
46 58 430840
20 62 453066
54 7 549936
26 56 902604
41 15 408680
61 44 517647
31 47 379647
62 3 377643
35 60 689590
21 18 993417
1 41 999999
38 0 942445
32 8 833616
33 25 111911
5 14 849434
54 27 388811
54 30 410163
3 24 400835
45 59 657948
8 4 163379
22 42 473185
25 26 367055
50 63 8064
16 57 496287
20 38 312214
34 30 926808
52 11 641692
26 60 242774
63 4 495773
44 27 329987
13 20 928739
53 2 834564
14 43 514135
40 12 241380
45 23 551036
37 51 951813
9 32 803237
14 20 736970
59 12 430875
20 56 419225
56 8 838064
37 44 436135
57 7 665863
17 23 325825
50 38 682156
60 33 344293
40 25 969802
61 52 309568
58 45 384083
59 60 576465
37 55 937218
54 20 744748
25 10 984608
36 22 12386
26 6 295354
35 4 259164
56 21 38265
40 38 444398
22 32 692247
59 13 836648
56 55 10045
17 45 635589
31 58 883425
6 54 223962
32 2 850556
61 30 512604
5 63 747842
30 19 226743
50 18 163314
47 26 586124
16 20 594265
34 11 884701
2 9 994441
52 58 120048
8 16 295236
39 56 471960
10 23 676765
24 2 558456
4 59 894074
24 12 803966
62 27 779047
48 46 968213
18 55 496725
54 38 390704
40 34 150277
11 8 381231
59 42 907641
22 34 530729
5 4 310136
13 38 357090
12 22 203156
30 56 255171
45 25 349448
20 1 307559
38 2 545645
51 15 328466
51 6 829510
37 41 821733
59 24 388786
30 6 569024
18 49 203945
0 5 428665
17 41 350797
59 58 909858
55 50 214404
23 49 668958
48 50 972585
43 48 326875
21 60 191276
7 44 529807
9 55 341141
3 23 672043
54 8 498561
54 58 6393
31 51 528458
0 36 280151
62 21 219363
18 59 908643
43 20 86111
57 38 417058
63 28 823107
54 35 196724
36 25 694267
50 17 221208
55 59 256118
36 41 628072
48 36 307244
46 21 57526
39 38 122467
17 24 109488
38 46 366977
5 10 750615
32 39 980171
37 24 35040
15 59 123507
42 2 808398
4 3 866152
33 2 500398
13 51 899819
26 37 746262
13 47 822682
23 36 815969
6 35 415880
1 47 143421
63 20 375047
41 27 949413
17 15 313357
9 28 434315
12 26 433285
44 11 498489
25 51 691919
37 48 623377
19 45 17303
12 27 346310
23 33 976418
10 41 228995
33 11 643390
38 36 365581
15 3 356244
37 46 332590
40 61 617900
32 18 250241
44 15 487040
35 37 258613
49 20 359475
23 0 540611
10 57 742726
10 63 665209
46 3 254057
13 53 151270
60 25 339705
3 26 647258
28 47 449624
57 32 430170
37 43 671746
47 58 362280
1 7 988678
0 31 909359
21 42 990247
13 42 967850
9 29 724687
5 1 821771
39 25 65859
51 1 654587
48 30 645166
62 63 726109
9 21 838137
31 27 456766
25 49 155188
6 63 262643
1 27 236695
37 19 290194
6 0 437434
22 23 317306
63 21 970097
45 0 523669
0 4 190421
14 54 164424
46 56 312562
57 59 512250
26 51 509354
27 10 895909
16 61 518710
34 35 382893
63 8 722716
34 61 196040
17 61 656389
55 13 904085
60 55 823361
11 56 233760
39 33 33015
28 15 813868
21 5 925038
3 39 361574
14 26 127697
37 36 555152
52 59 970083
41 35 736919
56 43 440519
7 31 593916
49 53 403587
53 25 830601
6 44 760176
25 54 406743
46 60 889295
31 62 571877
28 32 471456
9 62 377810
10 19 926185
22 41 801572
7 60 203454
48 1 387961
45 32 136335
40 18 571270
56 3 222558
2 3 587940
1 22 972520
36 35 726060
56 17 547765
35 39 213682
46 49 333695
43 38 693545
1 31 657487
20 46 768678
60 16 819716
37 30 717054
19 51 103470
21 44 790723
39 4 630118
9 38 611979
4 36 652374
53 23 661389
59 51 769242
51 5 186976
35 45 112818
0 3 146833
63 51 203877
34 19 806512
60 1 223727
6 32 32250
53 1 432439
42 5 688882
31 39 537220
22 25 628992
13 23 762687
10 59 675169
0 42 243893
11 21 494255
48 0 441419
55 6 451408
56 41 757375
12 51 557824
60 53 373658
8 26 840882
4 49 336271
2 5 565370
33 13 962503
24 28 381244
31 33 244084
55 26 924513
22 48 785164
17 40 274726
33 62 23390
40 5 981905
6 33 639936
62 57 687909
11 41 793725
5 59 31103
14 10 31094
61 56 480562
19 8 717019
39 43 936284
49 61 754865
21 24 774636
37 42 724260
54 24 695832
17 37 763560
34 58 194699
32 47 272790
25 8 307294
31 54 796296
14 41 96911
39 22 441398
51 58 754693
58 11 341485
16 35 793187
42 24 742163
49 31 264096
42 9 216712
53 8 182118
19 43 909120
25 17 78190
3 50 695459
25 1 537696
1 62 993483
43 40 866229
22 45 756173
45 62 51022
12 3 89664
38 29 981680
28 12 629520
51 3 968118
25 48 311113
3 38 695173
14 3 844948
47 40 910798
61 12 804656
54 29 490641
44 32 813447
19 53 586853
46 55 255418
44 1 65830
57 0 270652
0 33 614314
0 35 580283
55 31 225300
11 61 589205
60 17 207920
2 20 64380
59 62 170238
7 43 736353
12 25 48875
32 35 918435
61 33 872978
37 54 59804
4 44 92003
13 5 235015
18 13 387835
34 9 953133
28 55 146256
7 51 275986
4 23 428380
7 47 167405
50 30 850417
9 53 844787
54 50 321462
59 37 127940
23 35 371199
2 54 655931
58 14 120896
62 61 522551
57 14 782082
27 11 123092
37 45 58239
58 56 741615
35 47 110860
32 51 585621
17 39 17097
15 49 654642
39 30 886634
8 46 874593
26 39 912845
45 14 809410
49 29 35464
2 50 805395
40 54 883729
8 23 515481
12 47 287230
6 22 786578
38 28 604310
56 50 515494
50 4 186199
24 60 200079
29 58 970242
11 63 833883
27 56 841307
15 9 61781
15 56 135664
39 62 402347
11 23 884248
48 59 562916
31 23 31490
25 16 929588
41 40 270222
53 39 490424
48 41 328333
19 40 475142
53 18 8577
18 7 23175
28 17 960984
24 56 577625
16 44 282794
53 48 570052
9 59 679524
60 42 550224
33 37 920168
42 15 127117
57 46 815198
22 17 774965
38 26 7728
4 41 980627
36 51 894340
14 28 606092
31 48 12632
6 7 693440
26 59 390245
45 36 943856
29 30 350825
17 63 799141
17 33 54203
45 34 161023
46 53 980963
55 58 630848
39 1 728871
42 8 207262
23 28 607227
18 6 526982
44 3 266909
23 19 246310
52 0 629696
41 61 614495
37 38 21787
16 7 205616
47 55 72321
18 31 102657
58 33 664881
33 1 133428
19 33 227168
6 59 467392
53 0 679547
9 19 28422
14 30 650249
25 11 413335
61 23 197432
10 43 69889
52 31 825460
54 11 598760
63 61 578801
44 25 502751
16 47 810218
37 28 9229
55 34 523681
49 14 554793
57 53 192754
53 14 423359
19 15 630652
58 2 956585
45 63 688945
56 63 188387
37 62 461141
29 3 385243
55 16 211021
59 0 663006
20 12 101038
45 7 439452
44 62 432184
19 48 357624
34 60 488440
59 19 90196
15 38 274097
57 35 910961
56 31 528711
6 37 144014
42 39 285502
50 6 666718
22 56 700626
41 28 609052
47 27 542875
19 16 205265
53 47 758953
7 0 602523
17 6 518375
12 49 949526
4 29 853517
41 42 686198
17 20 815278
34 39 255723
39 52 533284
31 25 154508
4 24 909703
29 33 95259
36 58 884721
29 52 952662
11 50 487836
45 48 60165
32 52 808733
29 35 961264
37 0 800993
17 57 155101
20 33 4781
55 12 70048
25 3 10375
12 62 504630
14 44 314430
26 48 254222
49 33 50119
25 52 666379
28 29 677245
5 56 807016
44 33 413204
31 37 634453
38 10 287728
44 31 947999
6 42 651111
21 1 805374
40 55 377629
47 10 623801
7 4 595752
45 55 270461
30 38 779743
24 15 725760
44 8 606388
20 58 151259
21 57 949847
23 20 869882
48 44 360025
31 38 745776
11 32 383250
19 18 675022
17 0 892613
52 19 378556
15 13 939522
62 35 32990
29 36 95385
50 49 311234
60 15 107941
54 39 563320
39 58 497147
7 62 141088
18 16 884865
21 17 333718
19 27 926989
51 50 882191
14 2 421292
12 48 237764
47 38 787
13 63 379870
48 21 45014
58 48 427449
14 38 858020
29 48 979218
39 6 890602
57 27 448225
43 5 808465
20 59 62432
41 50 413136
63 43 319401
7 20 946598
19 38 25300
59 27 458071
16 29 86179
58 38 416013
20 25 240412
0 32 818327
57 56 468585
60 54 890226
62 32 149416
40 49 870646
8 18 765050
26 45 439357
16 28 470134
6 57 290279
10 52 202261
10 39 37132
45 1 284843
11 43 207721
29 26 311062
14 25 419082
9 54 440384
10 49 462185
42 36 575363
21 22 71811
18 45 66152
20 9 765429
22 59 525949
58 44 768777
52 12 474254
26 46 287300
23 18 910085
34 63 99703
43 60 109115
34 33 276656
60 37 6746
44 23 759531
38 24 116699
20 48 970154
60 18 976205
36 13 433054
27 34 763758
39 27 474134
36 15 692189
49 48 617663
52 50 724243
6 3 146006
32 58 864397
1 56 591860
25 43 620253
44 34 44073
10 4 949170
22 3 410368
3 33 731684
60 47 152183
60 28 350529
28 21 590925
57 58 696712
50 45 959952
28 40 891648
31 26 25074
29 53 49894
3 21 976128
20 0 259121
31 53 175800
31 32 104453
10 16 189027
9 11 609655
41 39 246517
4 45 167560
15 33 687069
51 52 19087
23 32 492801
6 56 148764
53 55 275978
1 29 132679
7 32 892203
14 8 38778
9 47 812539
54 1 831467
38 48 270833
21 39 558244
9 31 116690
29 2 227401
52 9 383366
11 31 735364
49 28 783423
15 23 829769
14 6 592082
21 50 626735
30 23 124484
8 22 609335
32 55 862378
18 3 226680
42 4 564378
24 50 279974
13 50 928753
31 46 461771
26 27 928192
41 18 231810
2 61 73824
61 3 578952
59 28 983531
34 20 929462
2 6 938675
56 12 325055
2 8 918936
26 41 432944
50 25 901682
55 52 810002
47 18 328625
37 9 639834
56 59 84594
5 16 78602
54 26 47946
53 34 623042
57 36 267490
17 29 172169
53 35 9186
40 1 997095
43 42 335732
4 21 30228
39 63 147398
51 45 983948
26 35 514770
57 51 303874
12 33 862355
2 56 857914
33 50 581297
46 59 597503
28 5 975932
36 21 856630
8 5 817017
21 27 139606
14 22 5737
33 43 391366
47 5 230252
49 21 493057
53 27 985248
53 24 819231
61 7 623002
13 28 188374
16 59 734328
56 51 71900
31 63 212781
53 52 663027
2 22 74888
34 3 556829
40 11 807263
42 33 86975
24 0 593318
46 44 321804
3 1 523310
31 24 707233
57 45 8991
11 14 811100
43 58 64795
23 42 127402
30 35 483935
23 9 268965
11 29 954943
46 23 488263
38 44 636630
24 13 170312
49 32 411940
31 35 167567
35 40 519626
19 46 145008
18 48 292897
32 16 968671
42 51 438898
34 41 772194
31 2 102010
55 4 608500
12 17 581545
5 3 294046
40 50 773070
35 11 605669
33 53 317074
43 29 166479
50 58 960285
4 16 990275
1 2 503052
13 32 930763
48 2 189814
2 18 563383
8 0 25934
4 6 772543
6 12 485084
7 35 573333
48 56 409349
55 27 375082
36 28 74634
34 10 109778
35 28 161304
19 5 90766
31 13 368136
63 27 933235
24 63 686475
1 13 805046
45 61 815207
22 52 706562
21 0 126016
30 42 574390
39 37 185396
41 2 951343
18 36 395825
30 41 995518
53 22 700685
62 18 538273
26 53 694179
30 53 130760
24 34 112945
20 57 936832
7 12 558918
34 4 477573
57 1 54794
52 48 294436
43 57 385160
10 18 376697
38 6 965427
45 5 321031
62 8 437236
47 51 279975
8 28 686066
25 30 963534
52 26 391801
36 46 812698
39 48 928861
38 35 240344
20 4 11644
39 45 996732
39 44 524914
30 49 916796
33 35 298404
0 18 704164
13 43 703023
53 43 651018
54 17 558030
42 53 949183
46 25 179394
18 52 294527
26 19 608635
9 50 344546
42 50 686821
22 62 8440
43 26 332798
35 21 967070
46 4 295250
7 8 182042
59 38 97617
52 57 585886
43 4 231923
39 49 7544
34 46 687455
25 35 608902
7 15 232319
43 3 271609
43 49 207861
45 10 972031
41 16 274237
31 19 979822
52 46 301346
43 45 266573
0 44 775240
38 53 754499
62 10 665595
6 9 649136
29 55 939735
28 51 643984
29 39 808049
53 54 405998
52 45 301965
37 21 223169
35 9 247381
55 21 236190
5 37 240244
16 15 775569
21 23 183521
30 1 927248
28 20 605823
29 46 532242
43 61 520481
61 1 271591
11 19 726062
51 30 468179
51 14 422485
59 3 152185
35 20 198546
13 57 722669
18 15 116716
51 9 138159
46 0 268164
34 18 451657
57 33 665592
57 48 263219
13 17 797471
8 10 583929
30 46 30058
51 17 968752
51 60 109241
41 21 103987
21 32 628297
24 55 24581
2 49 992059
26 24 725880
45 9 118002
63 60 211139
19 39 551580
39 55 745691
16 40 672930
40 53 560819
61 4 245770
46 28 633720
53 16 431250
20 30 44514
61 29 913502
47 63 414118
41 32 699813
40 44 613701
40 24 81217
61 58 470351
7 9 56121
48 10 893098
54 46 676265
48 24 131500
62 56 322254
37 27 492719
14 32 174275
55 61 305875
14 17 609630
3 13 485097
28 33 155786
5 22 544778
2 63 336110
7 13 345791
35 14 679960
32 3 14096
54 3 3055
0 43 737486
34 12 295354
41 6 383785
0 30 168092
40 31 72523
40 2 442651
32 25 728165
33 36 429839
47 8 9758
39 13 707671
15 54 85191
49 62 119615
4 25 327275
2 25 794548
38 7 325591
25 61 229349
25 56 764845
30 36 327734
51 23 436795
32 60 191372
42 27 663617
18 38 194352
26 22 860902
38 4 871928
25 9 516181
4 48 819225
45 3 177083
32 4 408081
33 59 867606
16 0 829055
34 17 172795
47 15 633537
43 6 537675
58 49 44141
32 63 58239
21 19 444910
47 3 494395
53 59 249870
7 17 130488
24 44 366211
58 53 369713
10 33 866958
28 26 290249
27 51 881501
39 18 600637
8 24 450775
61 59 858579
54 62 683601
10 9 741265
3 20 190468
21 20 805488
42 52 319308
36 60 355038
7 49 329916
62 55 970935
14 29 722654
33 14 134210
47 36 11020
39 61 278797
22 10 379571
24 14 643001
20 36 576346
55 5 204014
15 45 946388
2 21 175041
59 2 107920
33 5 48896
52 37 817566
51 34 962355
59 7 483855
41 51 328791
20 60 598467
29 56 919336
42 34 907371
11 39 424224
46 9 986651
51 24 890333
36 16 686804
43 32 719263
45 6 646258
38 60 445247
19 61 64624
46 33 938466
5 6 54347
1 36 226972
62 23 177568
52 44 739309
42 48 647830
57 2 219088
19 32 520716
12 35 572761
27 24 986765
13 44 260930
19 50 139587
23 38 336898
50 32 329419
0 51 775601
22 37 429561
23 56 20

