95 3083 2
4 69 819884
1 51 564656
23 36 955249
36 89 410125
16 70 965876
85 92 203792
57 48 656144
69 77 716138
45 72 875325
10 84 488727
3 94 140658
10 60 223241
22 27 754319
30 11 795833
28 56 907783
71 85 235608
3 58 872161
10 43 975000
47 9 125757
89 72 780922
39 5 776451
63 70 509201
58 52 262769
12 56 175378
62 2 882179
85 53 71993
56 79 574670
17 74 654599
92 10 118072
7 17 172796
63 50 224807
55 68 314845
72 50 838380
49 30 3724
94 89 194385
72 23 769902
20 36 786940
88 35 202535
41 7 875027
32 87 260129
43 91 204435
89 46 729492
85 36 99103
86 18 526689
46 52 330439
65 25 102644
78 18 38830
16 38 663247
58 71 354601
44 40 922262
50 71 253507
4 88 628268
0 20 283858
42 0 348874
30 45 778427
92 37 539476
54 85 470552
11 13 790786
31 74 810716
74 64 368947
82 26 490319
86 2 260028
78 79 935925
44 77 91219
94 26 526548
22 36 36358
36 56 703547
51 71 715389
44 13 750795
85 77 975887
7 1 932987
58 38 605765
37 82 857110
26 8 458080
60 66 365856
33 83 156983
70 14 731343
3 14 169995
27 5 126829
78 6 293575
65 48 164773
91 46 341836
4 28 626995
63 27 116503
32 42 386436
88 45 161442
44 55 315606
27 40 56277
3 53 672104
92 56 271899
46 82 950821
34 72 418269
51 46 752870
32 66 78527
68 90 998964
57 3 98226
76 73 634205
25 1 51874
44 14 591460
25 14 861780
9 92 1708
52 63 573299
30 62 415256
33 35 289082
66 14 978600
12 6 937996
70 47 624671
79 55 681271
17 89 722838
19 18 161889
50 28 981639
39 15 920426
85 89 544836
2 19 405538
51 88 653734
89 86 221123
37 6 383060
90 49 983784
77 26 284298
31 72 839512
91 1 316521
60 23 883506
88 90 305973
8 89 632096
0 36 647524
79 37 811056
93 84 561734
46 75 589016
37 40 530801
56 3 865299
20 78 519299
7 73 693637
59 15 678985
87 26 189989
65 42 772213
14 64 750100
16 43 999366
1 17 747158
86 94 338330
1 46 764224
70 55 904482
66 49 352849
55 89 605846
61 90 313552
29 88 568863
89 19 383437
43 39 23966
47 61 324286
46 25 800928
86 44 350103
92 33 87947
70 90 912629
89 6 861352
58 65 478163
4 59 612370
80 85 106217
48 30 662537
50 55 35437
87 88 179783
79 73 264091
25 21 748376
53 56 505625
90 6 882330
40 21 662264
79 47 998596
66 41 616419
26 39 212867
76 65 492074
0 92 203999
10 68 36734
70 33 244582
15 28 929987
58 34 916963
35 18 914723
29 27 224064
17 83 455428
60 6 15402
53 36 745418
54 43 297353
28 51 91539
59 39 135019
88 5 182353
25 44 518957
9 8 90730
78 34 90658
26 62 205211
8 43 897987
4 32 820768
7 70 424436
51 36 85634
81 89 598416
61 82 18736
53 70 881641
87 90 86895
78 40 82479
83 48 228438
16 75 604899
40 53 254129
61 70 953885
51 83 288921
16 53 690310
83 35 54227
62 43 39560
92 79 444589
30 60 2458
20 25 231314
71 25 514397
61 50 310549
3 91 267508
0 29 10988
60 90 643515
89 2 919194
37 62 948172
59 68 399827
75 88 147128
56 61 160860
10 23 613958
61 83 571836
50 90 550105
17 79 218475
77 70 309282
13 54 456858
59 66 404964
44 30 956183
40 39 170490
15 10 460438
70 3 912025
36 47 552165
10 40 216825
93 4 92183
2 29 697395
55 93 653463
43 61 350809
94 5 86293
31 12 365987
81 53 664214
75 69 788559
79 9 715079
23 21 836571
41 20 500440
55 83 263853
34 56 763195
63 0 999632
53 17 524292
83 65 618256
51 78 978996
31 64 74280
74 8 102873
20 70 860077
25 57 381544
17 5 517065
53 71 452910
32 85 467778
73 19 588085
93 79 251719
53 50 979920
43 78 239790
68 19 68045
69 79 813828
73 53 255102
51 9 232359
28 2 981981
56 93 796745
94 82 385733
56 49 987903
51 2 464218
48 82 76941
77 28 237994
14 41 317700
33 69 510338
14 79 670061
18 81 357199
67 34 404763
89 60 631859
25 16 60087
44 60 721329
7 90 960367
88 16 111216
3 60 935093
13 92 943740
28 93 84984
69 0 157854
9 18 783139
60 29 850164
48 58 727146
5 58 510701
39 74 985665
73 33 810595
14 76 731207
6 27 76851
53 55 768771
29 67 57989
84 66 865501
31 41 574024
20 50 525665
53 49 239224
31 63 566326
89 0 552453
68 17 879518
74 61 57788
17 63 772994
70 18 759578
61 57 619426
17 61 990648
21 53 473098
14 23 780571
17 22 853674
63 10 206304
62 32 268409
5 89 428080
75 22 423615
14 68 828391
5 30 707720
33 39 758981
25 49 125051
35 91 1304
21 63 604121
23 3 188549
5 47 113589
78 8 698949
87 23 133422
21 67 223476
54 29 291963
92 68 495561
44 20 349980
55 78 406413
84 13 784484
59 57 359301
86 57 687550
32 19 417234
4 29 983759
90 8 535297
20 40 733394
4 73 909175
35 48 677497
18 83 638614
68 21 641429
89 62 687633
5 83 412459
58 7 716856
40 51 397587
9 60 4648
22 72 979032
11 71 664838
27 69 951808
7 45 45863
7 18 297006
18 16 620035
15 46 396440
63 94 295237
52 65 577439
67 33 458180
70 11 824602
24 66 56860
4 16 195805
51 44 844425
77 76 705285
57 40 602574
84 3 290851
8 45 815919
3 33 146061
64 53 617121
1 30 203794
93 52 696264
68 2 273775
27 89 616
87 83 747979
85 45 180084
49 47 921247
35 78 524187
33 65 40704
9 55 966927
83 93 961985
6 87 884862
75 6 316037
10 49 611738
0 27 287069
2 78 163562
59 77 645543
60 57 348441
12 82 689498
8 59 730341
37 74 699429
83 57 782703
89 25 244413
70 31 35247
79 52 93922
75 0 908841
83 89 66023
22 15 632937
87 89 456620
59 63 31421
69 58 62208
26 66 363650
17 8 624817
11 57 668765
94 18 160824
93 53 496652
25 74 340400
68 50 339335
76 29 742206
7 85 179214
86 85 255085
50 9 219387
32 55 217058
36 15 596034
30 14 797150
79 25 773186
40 32 860222
38 48 443455
14 59 303889
7 9 451989
21 71 727747
74 20 184941
49 93 873085
80 76 363451
19 26 439207
82 64 830608
57 45 950368
25 54 31796
76 59 144354
10 9 83773
1 23 547249
70 79 304401
9 70 821204
36 94 31547
18 55 641435
67 8 772871
29 78 409917
35 11 73754
36 48 935291
57 21 720516
45 91 313099
53 48 260850
85 62 540081
88 12 734129
55 52 560603
75 20 290500
84 12 158774
41 33 497992
29 32 780296
60 94 207018
27 83 935941
20 47 949871
7 21 408436
93 36 608128
34 61 96118
59 67 5239
17 38 720535
27 50 657301
91 75 95247
88 74 161834
7 47 922463
52 29 483983
57 88 910936
1 92 692583
50 21 384505
61 23 593855
66 9 556993
26 60 960983
84 43 876754
86 62 411282
40 2 555331
77 65 473527
27 54 201173
15 64 144347
38 22 949474
9 12 518816
74 23 590533
87 53 32553
84 37 368268
1 84 897444
35 27 218707
74 55 144749
59 87 175205
40 54 116779
64 46 373696
9 34 268798
38 29 897449
45 24 162645
77 52 527336
6 64 491800
35 89 30708
85 88 580856
42 20 473806
94 88 267713
82 15 885255
7 29 239439
0 49 151769
31 13 902676
89 75 160492
52 10 73288
92 28 601663
44 3 405075
78 52 785096
18 36 302380
51 87 211383
69 66 302753
33 93 824950
81 87 942194
92 90 598278
15 76 945077
80 20 711604
31 22 263526
42 16 180946
29 12 288505
17 51 94163
58 55 438018
56 35 522002
10 2 388280
7 50 45092
46 85 994760
69 14 808101
6 80 686591
38 55 979159
40 65 53274
23 42 785152
29 15 803422
12 24 974592
53 25 57501
19 31 491271
63 85 69790
62 42 264572
92 59 139586
74 79 539720
55 51 831728
87 22 115610
62 19 300300
37 19 60891
22 69 515954
46 83 667455
75 92 69229
32 78 533312
48 54 900284
25 63 553519
1 27 191450
58 68 545214
72 71 359673
11 8 467526
85 6 872675
59 31 196603
21 70 30852
8 53 468703
30 79 274225
78 31 842167
41 88 78313
25 22 592819
15 89 431532
74 4 834783
30 33 753868
3 50 776277
94 37 676534
86 72 85011
28 10 70647
3 29 223281
23 12 63726
20 35 522416
67 24 284728
79 86 680681
50 43 711841
80 30 35573
74 93 734778
31 17 232047
69 51 773718
32 6 903078
48 12 920291
71 55 443256
54 66 52555
78 26 58120
21 18 620101
89 70 452698
6 31 568773
34 17 244302
52 7 886616
68 5 663490
87 77 798220
10 77 480371
18 12 228826
56 30 954591
76 87 200259
74 89 399193
35 28 338271
85 19 125279
60 63 809483
35 49 937847
26 30 497324
94 53 907571
66 70 406928
24 56 198476
46 28 26438
10 8 929469
29 26 70639
82 35 379729
74 66 857660
2 12 512230
68 32 48801
87 7 572931
16 68 75682
0 54 997352
70 52 156211
49 4 560408
73 34 190375
87 63 424285
67 15 694082
84 56 105582
23 62 565657
83 67 979419
67 45 111154
32 93 186574
37 51 584794
5 80 519846
13 6 483003
15 14 266319
55 25 856961
57 2 914264
29 68 263709
19 48 386265
55 92 224420
92 63 553977
39 9 474142
71 93 767387
43 87 542127
13 62 143898
85 51 595369
30 35 95075
84 31 576176
51 53 587956
91 86 33166
62 28 127823
45 93 371523
54 26 891643
9 17 748422
68 31 702134
7 49 181971
85 11 342249
82 36 292186
82 84 510486
29 22 625246
46 34 974234
77 34 363919
59 50 973660
43 59 927165
58 13 357544
47 48 741430
12 58 287098
4 31 705770
86 51 189128
45 50 769458
67 22 620816
61 51 13790
15 43 530021
45 28 917660
0 77 908591
16 31 236332
48 72 891834
65 62 37231
34 3 901182
31 33 710205
37 44 722069
15 21 159009
50 6 2751
15 66 434291
88 31 622816
22 81 421166
55 57 517071
38 15 626332
59 25 640165
33 71 627251
54 42 818972
4 70 434936
48 1 221923
44 49 659817
7 75 931357
49 50 634435
43 7 333477
61 39 783081
38 84 182708
14 46 230958
43 27 784817
87 29 930502
88 21 947844
7 20 581172
52 24 55812
47 37 123294
26 4 727402
69 92 648356
61 59 686355
22 55 654162
22 64 504154
82 54 910423
82 78 634209
2 71 115300
89 43 46054
14 32 227124
77 2 861620
81 19 448416
90 72 216953
62 5 867925
64 48 640618
25 91 572123
29 85 37015
25 75 100383
60 20 196859
85 56 236765
48 74 491079
65 39 473384
16 81 277403
89 42 328649
69 35 900795
20 45 809950
41 86 95818
32 39 144738
15 86 181789
60 42 315216
83 76 66910
19 71 331575
81 27 682617
73 84 572027
21 75 878742
62 73 867079
92 29 572180
32 81 653202
53 43 849652
70 46 566572
48 24 250472
85 30 211897
14 60 471404
64 34 762380
80 19 191865
65 53 362561
80 44 527122
69 74 144696
51 75 267068
7 60 363735
11 0 681913
62 27 362421
59 93 399022
67 92 713529
54 1 729305
34 10 270340
55 10 75303
89 50 795002
13 80 792654
24 93 94233
3 42 488066
10 29 835656
60 4 891422
72 16 403861
90 94 304496
54 39 694893
51 77 295333
25 48 658597
2 90 657277
48 20 398537
80 75 26095
25 60 938321
9 15 36466
54 72 1920
46 9 64
88 55 174253
14 28 855158
63 39 492551
51 0 640336
22 47 644179
78 41 848413
73 31 825704
58 78 346587
11 43 511444
54 23 842390
72 51 685834
43 55 953037
37 49 442209
55 16 324498
12 59 523169
71 87 19908
63 74 925214
27 20 238474
58 36 325617
84 29 671989
62 84 584043
53 88 55108
79 87 729801
63 1 378776
71 45 340551
6 56 82102
10 50 813672
16 78 545717
69 62 347624
92 71 47298
56 72 264290
29 86 605470
42 51 324501
31 81 763412
1 24 647759
94 17 461117
85 66 874405
87 4 577483
66 8 700017
14 0 998954
83 8 181759
89 65 11673
8 6 827686
72 19 141277
40 23 89947
73 52 172237
32 50 676457
54 69 613463
63 7 451334
8 18 670983
66 89 991131
47 46 178304
46 12 188476
48 39 711835
57 33 991468
52 17 132373
36 5 644649
2 41 55883
48 29 856085
63 79 663333
51 50 722052
14 89 780296
55 35 904579
41 83 208684
92 80 503340
42 86 988285
29 8 530573
17 54 492815
6 11 672046
83 62 153304
17 3 977506
46 4 555445
69 76 143066
15 60 66835
65 90 679044
38 43 266252
61 79 235818
33 75 453017
53 76 714591
62 49 674823
46 29 630042
7 8 712278
14 40 255131
92 86 485536
87 8 57256
36 24 456366
5 1 637218
74 59 329856
12 37 884998
10 19 794311
25 6 686550
35 73 873915
17 88 937146
29 80 879608
93 3 407877
43 79 821023
52 19 754392
7 30 931964
13 29 661826
64 68 190773
50 82 823755
87 27 871710
11 60 482890
53 2 816544
37 16 463646
56 33 203404
54 35 536304
69 17 146804
80 23 242027
1 94 520113
86 40 32284
71 60 258635
80 21 326037
22 66 481380
20 21 902433
54 93 533000
60 93 240314
36 59 150860
15 74 644958
69 91 856308
45 21 498687
92 51 497230
7 44 285919
41 45 628927
41 30 333042
54 86 452400
70 45 411268
42 73 18441
31 45 51780
88 20 934186
50 25 189480
33 25 198018
45 51 793539
60 43 125583
67 28 260330
29 41 896250
74 47 707515
63 46 545474
53 74 291078
60 75 848920
29 18 425161
45 25 955002
23 51 681162
28 83 275516
37 25 519017
91 12 278477
27 25 136729
41 18 609095
75 93 493957
43 45 459737
80 7 700212
84 80 775718
35 93 664760
54 32 8365
20 39 838436
18 37 62945
55 40 387300
78 67 592557
1 87 106029
79 24 235774
60 24 339960
60 80 878834
84 41 868903
54 50 12599
65 29 311270
84 69 645351
42 43 262098
71 54 863503
72 29 41815
3 92 179782
67 18 801259
85 93 450512
39 75 610070
4 56 115606
40 8 406779
45 38 721235
1 72 56965
9 32 998846
92 23 987117
91 5 25570
42 80 229515
41 91 390878
42 77 566424
80 73 426574
72 30 590743
24 64 898950
89 73 665185
22 6 92086
90 59 491692
47 94 244793
74 24 367283
70 67 729828
67 94 259760
12 89 529241
94 16 722760
12 90 830134
31 58 220639
85 87 952624
4 62 975042
84 57 797929
41 70 195054
1 71 958032
78 38 185704
10 94 224396
9 57 427682
7 71 473820
51 41 545047
78 72 832572
12 62 918850
44 46 654483
35 94 799416
16 3 228432
67 1 503756
63 49 434064
41 5 625879
28 57 822531
65 31 310760
47 32 619477
71 82 524381
61 85 786514
64 60 391323
63 35 88649
12 55 748835
59 47 929812
46 41 164391
67 82 623020
6 40 931487
42 33 659355
47 43 657282
82 65 458936
33 29 31888
1 86 746910
47 66 324700
63 88 521367
12 38 835405
87 48 435449
85 10 914319
86 58 796836
72 64 508091
86 78 527253
27 34 361212
31 71 730358
90 82 341661
48 77 749133
83 12 454583
66 48 658887
34 49 878353
69 47 854631
35 40 33062
66 35 827923
41 61 737224
6 16 300953
54 14 935084
79 67 975588
88 70 928847
26 12 913266
78 3 254303
7 86 317545
58 21 196933
12 34 712655
20 1 689307
66 33 263832
3 10 204116
7 83 179411
9 42 442989
85 25 644563
7 27 93108
66 87 973388
55 1 529752
70 60 685641
10 39 90628
81 30 393649
12 64 384304
16 36 893863
85 22 744414
67 36 348503
62 3 106449
0 73 360779
76 61 232423
9 77 976779
75 83 381024
7 13 276679
61 0 906675
45 84 515285
64 70 902813
0 16 442293
69 78 370870
63 58 40545
11 26 902246
27 90 823048
43 20 922919
74 16 647817
51 79 26115
65 28 850674
66 25 88843
73 27 228154
27 88 924852
38 86 184473
63 8 895513
56 40 209250
23 6 918285
62 80 833113
87 78 229641
58 77 767882
29 25 168027
0 7 685435
1 83 987474
11 47 32249
31 49 883467
57 8 546450
86 11 377058
5 3 83716
59 60 123234
29 20 2828
89 29 114391
5 33 179650
48 62 472119
8 1 145538
80 33 425960
63 28 970719
7 79 89073
7 51 554832
71 64 113633
10 70 232932
29 37 947353
34 45 250494
91 23 36343
2 72 5879
20 19 782576
50 56 685268
87 14 791922
35 62 625899
73 56 75131
44 90 531330
27 3 937141
93 26 69819
19 28 558374
78 36 376382
50 15 111090
47 21 443639
22 8 973212
44 2 623011
25 64 624176
30 76 755092
23 33 248195
55 33 967789
54 30 104266
37 14 883198
51 43 40985
94 29 367323
92 2 988171
62 64 714117
76 48 222972
78 12 252476
35 45 533137
80 24 799130
52 71 946779
40 12 417751
12 66 509222
60 18 462117
43 82 882873
29 49 206730
36 63 380431
88 19 247754
23 7 896957
67 38 959899
43 83 325585
63 38 378894
76 24 369835
42 4 312945
0 35 480837
26 48 471524
77 75 400775
51 11 262003
5 10 553033
34 44 679241
24 8 849338
45 37 989354
79 20 490107
24 59 598382
64 47 138246
3 8 369727
55 63 385190
63 22 608619
78 73 535173
90 46 496865
82 19 323865
1 65 318454
9 74 734728
86 17 684811
6 7 57030
35 70 9572
64 94 410713
67 44 629462
42 19 888701
27 44 975322
5 23 673896
81 77 117910
18 1 515766
24 16 553175
38 70 265921
14 48 289908
5 86 931170
37 21 580563
52 42 769101
41 4 740923
30 29 852012
31 0 560284
50 65 131391
59 30 960336
79 13 380716
14 84 347400
2 23 601235
76 75 790045
46 27 659597
2 63 518182
32 65 629756
84 2 557171
15 69 415769
70 23 149307
5 72 161556
74 58 231632
91 21 164114
22 61 678491
73 9 695676
74 76 247553
80 83 675049
46 62 278539
47 68 788958
35 6 744867
93 8 682795
32 28 607357
49 26 394315
94 11 271911
27 33 642159
33 87 668749
87 69 154771
70 43 675726
87 50 977057
18 38 903146
57 5 347574
40 92 738822
8 23 392752
52 76 287527
19 84 259865
46 35 553858
42 91 384085
79 44 435810
3 6 290288
67 39 385434
1 10 657234
62 53 234386
79 82 593576
38 82 382084
80 27 59134
80 66 747353
44 88 709159
17 47 260982
52 6 902130
41 39 82419
1 58 258997
93 38 345718
3 45 802145
23 75 584168
81 75 885056
33 63 573527
5 49 205753
0 32 365435
68 41 798045
78 49 549044
51 67 452381
45 16 848738
33 79 809801
45 61 316143
75 70 844333
62 39 559769
29 51 928852
89 3 788842
54 57 641587
37 85 970837
57 68 726769
4 8 801015
2 55 117566
34 43 923295
81 64 264807
94 71 448471
30 68 541498
8 36 67782
2 81 52501
50 77 528540
81 78 838652
84 36 187726
66 4 898001
34 75 165476
32 35 137113
91 15 516528
15 37 739519
11 38 970037
34 37 497048
45 66 290873
53 83 947751
76 81 829879
86 67 173239
43 48 211299
69 12 455663
19 70 39965
39 58 697819
29 75 753249
41 34 90544
82 21 680365
66 52 877457
52 34 714661
69 68 238282
83 15 91783
69 23 268608
61 29 252730
32 48 338536
67 35 992890
91 50 362698
4 40 904155
3 74 501048
54 15 281892
1 35 829792
25 38 406736
13 53 154384
46 80 741730
76 33 28942
64 41 46714
67 66 90379
24 61 465122
40 73 149193
23 58 557043
7 84 532184
45 94 628458
92 44 703193
26 72 780168
59 19 869211
81 44 718696
16 30 739142
92 84 951914
8 37 636771
75 59 792202
48 16 684148
29 58 9862
30 73 259734
35 21 191643
62 60 490511
73 16 349656
18 26 162180
93 81 482211
47 86 423853
0 4 684396
72 42 858491
59 54 562724
65 30 355831
32 16 27667
6 19 827527
24 43 66926
4 15 603221
3 32 485646
26 65 213042
46 74 703746
58 51 811146
73 68 77025
28 75 399828
69 26 760058
50 17 453104
14 56 266601
47 4 367122
91 63 809788
58 25 696437
7 11 728795
43 57 530221
65 38 598190
68 4 785350
39 50 156672
86 4 120189
88 93 324499
28 24 219050
29 71 963425
57 42 395123
1 45 164963
72 65 130559
78 62 875567
85 35 383022
1 90 45753
79 54 977546
94 52 45162
12 45 499501
83 34 134329
53 72 936881
9 85 393005
56 74 491456
93 67 670267
94 43 194934
75 5 731257
88 76 191470
72 49 95630
90 63 743040
71 8 854411
67 5 841691
0 50 563921
26 58 306994
37 70 114880
3 11 462005
78 46 59163
24 21 335340
49 48 368642
46 86 26054
73 59 93664
76 82 993743
86 71 73833
56 47 722141
2 6 167607
70 28 581374
75 44 750891
69 73 14524
49 2 196949
17 0 236015
91 11 607461
13 4 748654
64 43 493284
80 3 996034
74 51 709440
72 55 456563
87 2 568564
76 13 253839
46 2 941680
56 13 959034
75 68 153496
88 66 943176
9 59 478240
34 11 781622
83 68 575528
28 55 257752
62 82 42207
47 34 82699
52 59 949219
51 73 91774
38 0 588298
76 55 193255
84 5 391827
57 4 670853
87 74 719658
10 24 460894
75 17 636631
8 12 873556
22 88 757504
94 41 631900
5 7 738824
83 64 715429
52 22 994119
28 27 765179
24 6 635718
53 67 889318
36 75 767643
71 44 32156
32 79 77442
50 12 331575
93 6 286569
79 57 478828
47 88 995226
73 64 2509
72 62 3282
54 38 572693
47 13 879626
89 44 898820
58 0 92332
31 26 679279
86 81 759943
57 58 745458
92 34 755791
79 28 641624
54 24 246382
10 64 810931
14 52 959907
55 66 485296
88 15 16794
26 57 460273
19 44 19671
42 28 750828
50 11 308431
6 83 368267
60 49 545860
93 19 524792
24 92 709526
21 56 655260
57 17 751236
20 11 33630
65 22 437909
88 23 838631
84 65 432206
12 25 10526
36 10 228352
15 23 833111
41 24 743135
67 64 983953
89 26 507954
46 45 893553
78 90 97107
51 3 547510
93 17 245507
89 54 682548
6 17 3005
57 65 859016
64 2 627282
11 5 830934
23 77 323732
9 83 900889
87 57 580744
65 14 58729
84 90 696770
4 7 124442
3 72 579170
54 9 601480
50 66 494555
72 81 733066
64 90 742558
18 54 947957
73 75 145069
19 79 844771
46 24 910354
57 12 616428
48 44 687908
91 54 5481
48 71 62912
18 89 340105
22 83 697503
84 25 173165
81 43 306511
6 68 833145
14 71 751136
38 79 600380
56 31 584155
92 21 436421
33 6 396123
50 13 413012
37 46 575687
11 93 503013
25 39 690536
23 83 608928
37 58 768155
25 72 102608
82 75 64838
47 38 472070
71 89 338601
18 13 177722
71 65 73441
59 78 809227
50 73 929591
52 26 71918
38 10 798536
2 34 351903
65 80 825635
75 9 293683
61 10 796098
51 38 212185
48 6 458874
12 86 72707
70 13 333881
31 43 872247
19 7 366172
12 16 491497
25 2 415728
15 1 980845
87 13 339013
92 38 94152
16 27 631448
33 91 48731
24 38 682925
34 8 64127
68 45 451876
38 52 110801
89 79 452497
85 34 71744
54 52 533131
66 93 208607
34 60 857195
65 23 380872
29 17 624244
20 65 677159
69 44 169899
42 2 972119
32 57 329889
88 37 831838
9 64 926148
33 22 488932
19 25 142998
24 75 106087
77 32 412355
17 4 554162
8 94 350999
72 57 496561
15 58 213830
37 86 373958
71 49 374515
73 25 174826
9 3 744830
62 34 732898
51 4 452177
90 22 165754
50 92 537207
52 51 944519
72 15 733103
38 23 343219
49 16 875480
81 37 826387
62 63 575908
58 11 903503
12 0 178080
37 31 502816
18 11 216653
7 92 728461
83 44 111662
58 88 398799
11 83 694334
86 0 719844
7 38 367691
94 15 536715
60 78 497040
11 48 211761
80 31 298143
69 70 636265
24 18 813320
7 68 415033
4 90 570701
82 3 673605
72 14 595718
89 11 272787
67 85 355346
13 26 36288
86 39 789957
16 92 468343
75 12 271441
16 79 44390
46 30 925958
44 36 256727
34 81 836391
55 45 135383
22 9 687220
81 42 871720
2 8 998451
91 20 666496
36 45 212102
34 93 312914
57 80 280656
94 49 601285
3 76 683757
73 39 586259
70 91 737086
77 89 348572
37 5 368220
83 94 456893
24 81 752083
20 54 751224
65 78 4760
92 91 548527
93 94 406794
1 12 362535
11 29 883246
20 77 419134
4 55 876848
67 3 325360
64 44 968785
7 37 257347
15 47 690851
52 41 615646
85 78 962108
9 52 811591
59 38 417835
30 66 827603
80 70 456236
41 71 253894
84 24 34804
27 39 941873
85 49 534915
7 69 847332
48 61 989027
38 20 70217
12 80 181753
50 80 836032
32 83 78766
24 65 796130
83 59 435669
79 50 854682
90 89 705203
78 57 573122
43 35 846127
2 76 899609
8 84 120810
22 20 581169
69 80 785129
78 70 312067
26 16 851215
57 93 223738
20 15 627011
44 28 354137
5 50 870719
48 67 937098
65 19 863225
76 85 294144
46 42 589780
6 41 143972
77 54 263898
10 80 686392
24 26 404471
93 64 204810
93 47 781937
38 9 71932
23 71 876416
43 88 974331
91 77 454802
82 81 652813
86 80 531299
67 65 250409
46 65 618224
55 15 421015
74 26 991236
10 12 326802
88 34 167382
29 44 720634
49 27 439791
50 8 367446
13 10 88184
27 64 832977
0 57 102820
58 64 45627
31 24 166509
81 94 404037
64 54 42770
19 0 798999
64 89 313616
21 94 965966
72 13 229138
32 5 83995
76 51 964047
19 35 512377
72 77 656315
17 23 474839
52 33 24346
68 20 670576
58 42 378617
48 51 951459
79 1 403643
34 5 95411
92 93 226660
24 77 169486
47 50 990205
74 36 24075
94 44 956447
27 15 502197
72 58 472742
8 77 101614
13 68 245307
67 74 819815
10 81 579718
44 0 652677
37 64 603699
61 8 858558
31 57 650200
54 74 941265
44 24 887208
77 55 361269
47 52 290502
13 34 691215
37 55 132171
23 22 639443
31 89 385211
49 12 518701
11 40 941997
4 53 586925
7 56 690303
71 68 828740
74 22 565068
36 91 176388
92 73 773755
74 71 611842
61 33 884259
4 18 744453
74 18 562006
71 91 98092
17 78 639205
56 88 167917
39 45 234821
22 77 437772
32 26 23915
69 53 204760
45 59 995166
24 57 768861
59 72 273484
39 46 78013
68 80 66612
92 32 399666
53 31 494750
84 76 594780
90 5 524700
79 26 765677
60 67 572862
8 60 591971
75 30 332591
22 78 806474
44 74 396233
92 18 76585
57 36 818295
37 20 459155
4 36 742170
31 10 932824
25 26 280621
28 22 582975
70 71 611165
66 71 744046
11 82 817361
30 17 138071
2 37 581453
94 68 568303
83 0 16003
69 94 18685
76 22 932179
14 38 764040
50 2 722899
60 5 757262
20 33 417237
93 30 237916
27 91 505564
36 43 623960
86 90 866402
22 80 516586
50 22 985912
63 30 417876
70 0 26168
55 31 607604
27 36 641779
28 89 152041
19 14 450551
1 78 832586
2 80 521500
17 56 395505
18 69 393106
39 82 336252
75 66 867097
13 74 575329
23 13 833172
14 62 844668
38 30 681947
45 74 849381
13 25 711997
13 64 931700
51 63 15644
41 3 950239
37 66 513519
73 65 852713
77 92 867275
57 16 887984
2 22 9598
61 52 877344
36 81 497063
30 61 529772
11 92 170092
55 90 434046
17 15 999140
45 53 475414
75 50 65051
49 9 660560
26 71 730614
59 44 475507
72 10 116426
87 86 289692
79 85 819327
29 23 783752
47 42 410834
21 93 496440
91 76 594795
88 71 413632
26 14 946581
3 4 669814
46 5 21237
43 37 472477
90 45 786744
28 87 55551
36 86 285515
61 68 86485
79 3 39104
1 37 878919
72 84 634024
85 58 539330
11 66 924360
16 93 993469
64 17 827417
74 1 95795
66 0 909871
69 32 653170
92 78 825172
72 37 480339
25 23 187625
84 63 480684
22 4 454174
4 43 116237
63 56 529187
10 4 885191
12 61 911165
10 32 83429
56 80 565962
85 1 910306
84 44 628745
18 53 80772
41 25 490471
53 82 677951
82 58 981902
47 71 456320
25 78 26691
30 36 563373
35 90 619285
75 72 578745
94 34 804778
7 40 615631
48 91 664563
52 64 66666
34 68 380115
60 13 450683
0 94 249324
62 59 212107
64 19 528305
59 86 824893
49 17 536681
20 83 465824
76 18 173164
61 92 156980
78 93 401398
68 74 327849
69 48 26913
84 32 693894
32 51 575907
93 18 83704
49 61 778933
12 15 41392
58 89 814796
56 58 701226
82 6 57129
85 83 144824
69 25 948158
49 87 608358
7 74 779772
22 84 999172
27 59 625387
45 63 618053
24 23 379246
20 17 417807
33 9 378050
8 81 354217
14 5 556658
23 64 115406
81 85 68005
59 6 84562
76 56 583128
11 21 400113
72 79 215243
74 91 877865
58 70 383043
89 30 416448
84 79 916849
46 72 147100
1 38 609592
20 76 801442
83 36 642726
39 80 766269
51 82 710602
34 80 547372
90 57 265321
31 69 46856
83 58 120098
88 30 575906
1 4 439715
24 39 502745
33 72 308174
68 91 652994
73 47 326362
64 61 488092
47 65 834271
35 74 818093
39 68 768376
2 32 404180
33 34 463813
80 81 470594
57 69 245742
10 54 984234
79 15 547702
21 34 544576
46 49 267999
22 14 757809
43 46 565831
5 8 490847
78 54 557670
48 70 955497
60 35 653970
2 52 84991
73 66 198918
66 77 888963
83 74 37383
14 67 987043
15 34 513889
53 15 116000
17 70 320844
40 29 688403
1 29 875309
83 71 609408
22 32 213237
59 55 398456
83 66 866013
16 28 545697
55 65 404839
79 58 386787
33 60 863972
57 46 171469
36 70 961814
43 32 440289
36 72 491598
60 68 332360
19 49 138886
77 43 205877
18 66 729413
51 15 427886
42 48 725034
55 87 91127
34 54 823619
22 24 958942
79 91 184486
45 52 975132
23 59 510215
94 14 495698
19 15 20608
30 37 553513
13 2 394467
6 20 196556
47 72 625311
16 63 513857
50 62 61049
87 40 592893
27 9 770139
45 22 919855
17 76 356326
68 62 927470
47 82 700423
27 26 847100
44 9 88963
76 46 68690
20 18 737066
86 25 182344
36 49 355487
69 59 281729
90 10 322669
72 44 721859
33 17 709118
25 40 90745
77 62 43546
71 16 67117
27 10 7213
83 70 483511
41 89 856974
36 14 112528
61 27 244210
93 13 769254
61 42 818505
15 18 458025
77 4 892243
69 13 970509
24 35 664750
39 60 598130
74 27 230557
82 91 186798
78 42 864295
48 33 840699
32 17 929648
22 54 571364
25 83 684243
82 44 945828
36 64 712916
89 20 832362
5 70 469741
24 86 375219
73 72 679309
35 2 422282
59 64 403214
10 11 143397
52 44 437632
2 31 790791
30 31 736486
70 8 701713
57 73 480293
2 54 272587
28 18 104277
28 71 690372
54 56 902535
90 13 94270
52 16 597255
4 30 759374
89 47 399929
54 28 851008
37 52 144265
21 49 2974
91 93 309464
40 81 656294
9 31 279278
24 0 608028
4 37 44973
41 17 26766
9 40 695005
61 5 272669
9 35 713049
58 53 624679
89 52 480146
56 78 164217
6 38 297416
62 70 603263
37 3 518742
10 47 168907
40 94 373262
81 69 740709
94 55 995962
79 39 621879
66 3 257182
92 54 275446
38 36 644092
57 44 433828
51 84 405396
54 88 2390
46 20 807066
71 76 632274
67 0 217066
22 93 739282
65 93 354072
10 48 833650
17 40 84626
77 13 767945
54 8 652235
62 11 82764
32 38 858484
16 54 286353
87 0 673125
36 32 563018
33 8 166121
81 41 58329
84 70 834272
85 3 88973
60 27 370365
7 55 188128
10 22 233151
86 27 898961
64 63 670567
71 35 276358
22 92 983888
38 13 77777
74 5 932962
52 18 914237
59 89 830026
42 30 624729
16 83 688973
52 5 418294
54 46 769616
74 81 305375
55 86 241138
25 43 640945
83 82 826349
72 70 34630
74 12 816125
81 21 867269
85 60 220616
94 80 3201
16 1 784120
58 18 672922
94 38 49019
38 46 738531
22 53 441936
33 15 834363
21 19 694978
86 28 379587
13 46 143370
42 88 75841
57 66 671776
40 76 765862
39 78 32870
6 63 479696
54 36 73788
39 12 170903
55 20 351724
15 16 34201
62 67 29619
94 66 113310
92 64 602885
32 41 248113
10 75 976686
38 87 287092
55 75 72242
90 69 474326
36 61 358131
16 10 947757
74 10 108969
83 92 905368
14 78 836118
42 82 936409
63 89 497413
57 38 23801
82 92 871920
73 88 911207
26 15 133137
39 55 762147
85 5 877588
81 90 68418
83 10 266307
21 41 76033
57 14 623697
84 86 552352
86 65 72142
23 84 201463
4 20 234010
54 83 463535
70 27 422025
61 28 941207
58 35 325523
62 44 983357
36 7 703653
29 70 724484
24 15 646883
66 46 765527
28 41 484029
56 70 444735
36 19 63688
60 1 910751
81 5 705672
59 51 733074
64 51 405065
0 6 569149
53 26 773474
15 80 371485
29 81 254445
13 42 930295
76 50 576583
56 81 481514
28 52 824700
74 52 231417
12 92 841395
61 1 808077
66 53 76807
89 84 332346
77 39 869530
81 12 333209
74 34 514889
59 22 602413
72 4 51929
79 5 644558
43 93 925814
47 78 661283
71 39 219528
22 13 631041
10 6 170900
39 28 241128
42 93 633687
2 65 998408
8 15 276917
22 62 437395
8 16 498
51 8 621713
46 84 82389
55 6 931592
50 48 794981
30 8 818431
65 70 9019
92 25 343252
12 51 281444
20 2 471156
67 27 338555
24 53 602253
52 49 472199
24 27 718808
29 69 867547
47 24 513128
48 81 429392
45 48 455977
93 70 801058
51 49 261735
16 89 732101
58 16 693009
1 34 751942
11 74 538750
90 91 547628
37 89 461240
34 20 71404
4 24 186234
4 9 287664
30 92 988667
73 17 958567
31 27 197167
59 20 545212
56 68 342121
73 23 183006
72 88 349757
47 51 168014
15 42 399280
3 69 852506
84 60 340310
46 55 355465
79 94 576578
66 42 854834
66 78 235439
76 47 212178
55 85 698893
50 70 521904
18 5 378592
18 10 321441
72 12 382475
14 53 773705
20 87 632335
78 53 428266
28 29 732388
58 94 66466
31 50 344269
14 20 748576
76 62 919571
80 72 846402
10 58 663547
43 67 952105
58 80 330004
19 87 616861
43 19 444740
34 0 293993
21 74 599347
84 53 887447
14 77 893881
31 23 309970
51 33 182969
80 49 956770
41 74 373246
37 80 242941
33 18 302110
28 33 253459
12 20 981256
33 2 774786
78 80 513911
53 63 405479
36 13 134629
44 68 699047
57 30 82476
46 93 531539
90 41 412278
29 42 219750
34 55 275766
85 64 570640
34 87 738046
16 87 586464
46 60 689810
23 89 623809
33 82 2481
30 19 794266
20 63 611529
18 42 980225
67 75 184110
68 8 5287
13 15 230814
33 54 932706
62 81 607630
94 50 545291
50 18 98511
9 56 785726
37 69 491241
6 74 670391
50 35 729974
76 67 540478
92 39 460795
48 15 591621
37 26 64057
44 16 63254
19 78 627430
6 54 427993
3 59 754768
6 73 295967
64 18 554255
9 1 436472
41 48 869488
45 10 425375
6 21 706413
63 15 789347
21 10 806022
86 31 47047
32 86 680047
56 26 138886
53 23 742582
83 29 74277
68 51 583324
64 80 918097
68 81 40997
60 38 523921
74 90 815190
76 64 199999
57 81 923832
55 73 718656
93 37 221446
20 94 543206
39 51 236109
23 79 732844
79 12 870166
80 9 848532
91 7 361289
7 66 733177
88 91 548452
68 18 104982
12 67 57925
39 4 795504
2 83 443786
44 41 549045
88 13 735393
93 10 210747
91 2 695970
7 61 577079
37 53 232594
90 25 91374
15 75 705602
25 30 755649
81 11 512417
1 68 595348
79 36 799509
58 84 566261
73 29 992932
50 36 817995
47 45 82406
90 77 585068
48 7 931518
37 11 639799
81 47 507689
63 37 922161
17 2 850121
47 18 128194
29 24 64644
40 0 321056
84 71 32683
85 68 880853
85 24 471456
49 22 791817
9 62 857556
6 45 882842
24 89 153510
46 22 606232
60 47 41833
60 54 983200
53 57 579552
57 10 851255
39 87 259464
67 46 467931
5 24 222399
12 94 208076
12 47 2748
57 13 629883
34 24 904241
30 82 718317
14 86 77022
68 66 251317
47 23 537767
18 57 955294
80 25 845525
63 68 21561
53 34 890101
24 68 202880
62 58 873944
31 51 749319
36 2 229870
4 71 368544
26 61 913065
8 65 364066
79 65 552803
7 82 681160
20 10 801183
66 44 784669
78 5 781999
19 3 718876
5 69 518562
16 13 752643
88 14 205247
11 36 122996
49 11 84643
5 0 122783
56 46 981534
66 21 112227
0 26 263117
91 64 423241
83 38 20963
79 66 942940
69 6 874301
42 38 885586
86 93 669102
6 46 813101
67 37 612784
28 88 106720
14 82 521830
53 19 922180
31 40 354466
17 16 609577
35 39 169203
13 49 713560
36 41 808665
82 49 843868
42 34 214301
36 25 907451
86 49 705044
19 11 973170
75 64 870023
52 56 717776
94 6 105303
91 59 314632
34 79 488102
87 17 426098
73 91 56064
82 89 517867
49 92 821180
0 37 113423
83 50 626058
29 45 997462
88 84 138835
37 87 220448
75 78 881619
82 86 886419
21 36 482008
75 56 402921
51 35 254670
35 14 709787
4 64 271995
63 86 199964
35 16 806383
30 2 273964
47 3 874623
83 52 532087
47 19 790440
61 75 139143
73 36 775997
54 53 594609
1 64 11917
13 89 725429
19 63 658066
56 55 743864
15 44 756367
79 75 868098
37 61 558844
42 44 374084
60 52 162941
71 15 745851
15 31 337937
11 28 919323
8 86 145622
49 20 276818
80 45 697593
43 29 40090
80 48 20141
51 13 495659
85 21 536547
42 68 547067
75 49 720990
46 59 517267
78 37 61664
78 15 363586
52 81 815933
24 37 166144
51 30 789153
28 31 849980
59 79 930427
54 31 869545
43 0 758360
16 47 118319
81 65 8040
36 35 429823
22 48 218929
27 11 551021
42 50 531438
87 45 737028
16 51 410573
21 79 199135
2 82 894915
44 8 139521
50 24 310678
83 4 320389
41 9 529182
41 62 998728
79 35 349672
11 39 567983
65 35 74159
61 14 644530
47 28 466070
56 43 543301
26 21 634569
73 83 966268
84 35 928249
60 79 351669
50 60 273563
8 48 836487
8 92 418267
15 30 118411
43 30 357769
38 61 994098
77 60 677610
60 92 827280
15 62 300294
3 36 99557
4 19 456660
93 62 819317
71 36 60106
81 71 190247
92 76 615884
48 27 442347
85 57 588629
62 92 946155
52 84 637295
31 46 616085
51 34 615101
73 14 631551
13 61 213293
87 46 270758
55 24 88244
93 51 239580
53 0 882958
79 18 848675
90 34 58703
63 9 197635
2 66 657458
27 14 840310
11 75 852456
0 65 744920
44 5 9958
75 54 928234
32 31 268468
59 18 951787
56 37 402065
75 3 516190
11 52 40277
56 11 159114
9 65 104425
77 1 305874
48 13 731195
44 70 351009
62 17 391892
38 44 415051
45 75 902110
56 51 256260
7 24 112595
45 23 428198
85 50 5054
7 65 285510
81 59 343786
19 60 243145
91 55 696918
72 28 869522
54 3 710171
23 11 935157
76 26 362837
68 49 187711
45 26 68306
93 63 691963
93 25 853959
33 7 656075
41 85 117000
56 10 667976
71 42 377598
49 40 222708
93 9 300363
92 74 623225
33 47 574164
16 76 281383
32 60 307229
20 3 849439
26 44 25667
40 1 120427
30 9 363718
76 0 920937
88 78 163923
67 13 353407
85 47 51342
20 90 821457
27 52 871787
90 56 981635
1 33 780009
88 8 792894
0 23 577474
92 47 469009
66 61 586454
26 10 927205
47 90 392564
55 27 884664
93 0 142040
33 85 987387
27 93 827785
14 11 477253
12 19 339064
42 45 74900
67 9 378539
68 84 739304
71 73 592448
66 90 612388
15 93 58056
54 55 674077
63 12 968702
37 59 491281
2 59 72363
81 13 341645
75 18 523284
41 19 531954
18 56 501601
20 23 232587
80 41 737492
53 6 127796
18 77 786310
5 92 124952
2 67 318791
60 69 29158
3 38 611087
61 88 503123
7 2 960262
11 80 676070
94 92 215283
82 17 616698
92 4 270226
90 93 795327
57 1 579217
81 92 20087
22 40 551810
36 88 356096
68 27 481357
63 78 741091
10 86 971888
91 67 813747
26 40 403409
9 29 78698
73 85 284495
80 89 141276
45 83 185294
88 6 670414
10 41 285875
32 71 940130
61 80 636818
34 39 477890
53 44 633019
57 52 908920
94 2 876671
84 91 360578
1 69 568496
45 33 152802
5 59 430789
78 30 717641
5 6 92544
34 59 285109
50 34 916515
83 86 383917
52 36 592717
56 86 103460
67 77 121231
30 69 85923
40 52 449784
92 66 912563
60 37 589283
73 44 321746
12 43 471955
65 36 419785
13 63 29254
74 84 840733
39 2 102534
63 73 571809
32 58 56205
2 18 438990
20 81 32110
76 70 275940
87 82 320175
84 94 922760
4 44 161679
77 45 2660
68 89 51646
94 13 672629
33 10 76943
22 82 866693
58 20 600062
39 94 225977
21 55 284617
90 14 838504
22 42 460646
63 47 732365
6 76 304267
49 41 740151
20 51 975450
66 36 950839
60 2 978501
20 32 273941
42 59 270627
90 43 672736
79 88 482142
28 49 838796
81 39 388004
53 80 786316
26 80 94950
9 6 792055
44 12 730489
77 78 461094
73 8 788827
18 17 672058
13 59 685585
44 76 775235
66 51 499877
88 49 992997
32 24 640237
42 83 686601
54 5 145558
73 58 396805
72 6 442333
29 74 492758
64 66 561128
5 51 660392
89 4 47528
67 16 133225
2 88 827664
76 49 212022
18 51 856409
57 56 16703
71 34 73892
75 53 358037
92 53 234073
31 62 711748
79 62 297764
58 54 61123
30 84 330215
56 94 624030
39 3 561495
86 76 47051
12 77 987046
84 39 780495
66 27 847835
39 47 245703
37 73 170186
44 31 442728
42 70 80525
11 46 295695
39 22 859311
23 30 559792
36 17 815208
50 86 472626
19 22 916477
81 54 684940
49 14 49241
46 23 586315
41 1 174076
5 12 576415
28 82 525157
53 77 238556
66 43 549768
11 90 841528
17 12 908790
74 70 837978
46 92 601637
35 22 780889
35 86 230724
49 89 447633
15 56 334762
5 13 722404
50 16 813837
43 74 230754
81 4 553249
69 61 354224
62 40 183567
21 29 441480
38 27 624515
14 31 405384
57 19 759923
83 79 14672
52 75 564800
69 65 83680
11 64 589098
10 67 513596
6 18 644537
78 61 886856
0 78 707358
61 67 250596
50 44 804215
72 63 293575
65 44 572951
89 21 384346
33 12 550909
73 41 45229
57 49 701320
65 63 778146
17 66 493417
64 28 449342
33 16 855575
87 64 428810
16 56 114533
23 39 327854
0 2 1901
21 46 377155
33 90 939173
64 16 536961
36 1 583227
0 59 514756
9 13 233844
4 38 901735
78 45 902299
73 70 54368
48 93 808200
87 92 387471
48 37 189111
31 83 840200
49 84 462617
35 75 44809
58 60 139196
2 38 63008
10 78 376056
50 14 361185
40 74 41087
85 20 145799
69 28 69456
72 39 880905
79 8 962192
13 82 512171
35 3 305752
22 7 920037
27 94 390614
65 11 981452
70 51 353192
58 4 86154
31 52 650055
8 49 103504
66 28 450354
85 70 404209
66 16 35333
56 64 346536
34 29 597614
8 21 923543
86 21 467168
8 20 959486
43 21 664509
79 76 665461
53 29 729138
24 17 325453
46 50 286540
68 38 933175
23 90 658576
3 22 859143
38 34 650429
71 57 225684
25 17 483276
5 63 720767
20 53 963261
89 67 249378
14 13 304957
60 16 145321
11 25 207410
90 58 609467
12 52 31217
57 76 194340
73 60 88354
88 68 848051
41 63 36944
32 75 271602
30 10 895972
70 49 209432
67 30 218460
41 72 278878
75 38 398128
28 43 470548
26 3 929122
30 50 595961
10 79 139180
23 50 394659
68 82 876430
36 60 161796
32 67 805072
56 1 426794
51 25 291517
14 24 164646
65 10 289645
25 47 941065
23 19 542249
91 81 535633
4 80 331566
9 94 631767
92 15 197358
35 61 794550
5 20 134497
25 8 231534
18 39 590776
31 94 86801
61 53 838864
45 69 882437
60 12 578861
46 0 212358
91 53 255429
39 83 963930
75 14 797188
0 39 907884
65 61 720127
4 48 380919
63 32 245459
78 50 311771
18 71 723186
21 22 822052
52 80 723453
21 33 626903
11 77 495358
56 62 680572
81 50 84507
54 7 574744
29 59 835885
13 37 710773
4 14 326415
83 49 435964
45 82 286109
75 26 734371
84 87 306056
27 19 957043
51 62 462665
53 10 527808
19 38 634701
86 60 407266
43 41 603781
13 75 833090
34 30 552067
26 41 89048
93 41 666147
83 63 353779
68 12 296984
81 7 945269
13 20 561582
45 17 632409
27 92 897832
44 78 751271
27 32 877001
24 49 534016
59 11 336998
39 89 52422
58 27 327592
69 64 125183
33 49 576848
41 55 922561
38 71 267380
68 0 229037
44 87 582203
3 77 171583
20 61 36498
61 84 991561
91 10 420435
21 3 237665
41 92 904792
57 39 214130
11 87 505557
76 39 148536
91 51 910327
7 72 674929
8 39 415430
94 25 808781
85 39 712685
3 48 554575
12 85 248569
20 93 57449
4 12 363543
52 62 838921
55 67 915340
43 14 308142
46 79 658815
73 87 305823
20 64 947469
24 13 953634
40 15 473018
1 43 540211
40 80 546852
84 9 904774
35 76 184258
5 28 906794
3 81 453784
1 28 297906
81 70 913663
58 14 272025
19 69 716942
89 7 351610
70 68 468453
40 59 342789
85 0 13641
26 33 64154
92 14 841831
6 61 397028
53 28 173583
48 0 862277
6 29 720007
45 13 397543
22 51 360829
17 39 833213
16 34 962701
16 39 765085
40 84 602108
91 34 154790
2 9 21650
12 42 564838
36 62 455226
0 80 619698
16 59 584964
59 32 843580
82 74 373491
51 54 147016
58 19 561718
20 30 926800
52 25 635081
38 53 998384
51 89 61528
65 54 757393
37 75 168767
82 18 950084
89 22 947653
84 55 962286
88 52 434705
24 88 688123
66 81 935278
24 30 371180
60 22 924151
90 21 341153
91 0 789383
0 72 161753
61 62 849820
72 32 273806
75 94 952177
2 79 884422
26 38 655959
70 6 202040
37 33 39256
52 85 622085
72 24 726870
11 54 118314
63 40 75
41 42 7

