90 3964 9
57 29 161483
85 51 464807
56 79 839199
76 65 840831
71 25 780206
68 64 769698
32 9 433375
82 7 134261
83 10 674257
58 5 451377
16 44 906255
26 3 787088
20 28 653395
80 4 537524
29 88 144612
66 73 249750
3 13 941739
59 34 178287
38 53 220291
4 0 891860
25 85 38769
88 50 160042
84 72 721685
68 43 457893
16 24 910095
83 32 603793
48 45 21370
66 41 803090
62 58 832578
39 54 173583
13 53 919184
65 0 519573
86 48 524528
31 58 236817
1 68 174589
38 55 639694
69 25 794857
62 19 521194
57 41 796904
68 41 714089
13 26 111755
84 0 227159
70 18 867746
57 49 440363
75 2 765742
72 63 590283
32 52 575708
41 63 306387
84 8 233193
12 25 544646
65 41 131739
19 37 111059
69 73 665457
0 48 135406
33 77 557432
74 14 871724
6 77 430187
76 25 292460
25 10 75110
29 82 620128
13 40 524191
35 25 516433
33 5 871949
62 75 890156
12 83 523813
43 54 860815
36 62 512287
70 41 145081
64 44 439778
9 45 394623
34 86 684333
27 50 236517
46 35 674902
7 47 557880
0 26 953844
75 8 323056
26 74 953685
28 46 576083
32 87 140721
13 29 420059
34 27 922371
53 89 550855
26 65 95922
53 46 171104
67 32 88440
59 23 551753
25 18 253802
26 2 609207
57 80 280445
24 46 265473
13 0 127119
49 78 915187
21 76 276167
12 24 522832
72 89 792552
89 69 750497
37 26 370161
33 74 595023
63 28 822617
32 58 268343
70 43 382434
27 46 955842
32 18 861816
40 23 49936
79 71 463361
88 1 576794
67 77 55484
25 86 742679
52 61 158822
79 9 978600
14 9 688375
53 5 840535
6 48 980979
71 75 116420
72 41 535550
8 16 57964
29 35 472354
8 49 978834
34 22 214181
37 7 693542
57 31 391149
86 22 718369
13 62 992098
1 53 786337
16 84 569574
63 19 825456
3 76 325107
10 70 667706
21 69 749031
11 14 830390
24 26 691855
42 60 474567
71 72 608807
67 14 648309
40 36 102195
37 17 463724
75 10 972173
20 71 297437
81 75 974511
72 44 365830
25 32 333887
52 44 521359
76 49 176549
6 34 860784
3 6 636200
70 53 551739
11 40 634183
2 50 536288
23 15 486936
67 25 648299
57 14 103581
34 82 842913
3 21 146878
25 72 510447
48 59 910538
59 45 114708
55 30 182537
43 87 109560
43 18 708854
72 5 609469
48 35 708793
7 56 401439
66 57 953577
59 71 526880
89 35 773392
66 81 30451
11 79 60690
19 26 263821
9 35 407528
15 82 321570
84 34 358078
74 69 765087
37 65 913031
2 28 562778
37 56 268933
83 79 408358
63 24 791104
41 31 215018
18 52 911640
29 37 255593
39 47 380236
58 87 983991
66 86 191132
11 62 924109
66 74 498974
54 0 775058
52 38 614362
63 18 40150
23 83 538105
20 1 181742
10 48 390841
74 34 163867
37 74 487626
7 33 953101
39 62 903350
10 24 627970
79 28 182027
10 61 469385
77 45 291198
72 32 283041
65 17 245944
46 13 998748
75 19 786921
21 83 916752
14 0 254716
74 19 428528
36 61 513892
16 88 608556
50 75 215950
85 54 350363
33 2 902531
42 54 712869
69 43 575511
22 47 573232
78 51 156658
7 58 431222
14 31 888900
21 84 950771
22 21 754618
19 79 126556
65 27 980380
17 63 760858
10 85 120641
32 53 951102
65 34 51652
40 8 849238
64 88 429440
17 27 388631
44 4 94585
70 58 639275
83 75 574902
53 20 451083
46 7 383481
47 41 376408
21 9 834959
69 34 173406
62 57 917677
77 74 736289
48 11 717911
72 24 472336
29 77 377492
2 69 868358
12 54 366272
7 24 747508
22 41 621984
64 58 65675
28 37 531304
73 28 366624
76 14 555915
0 50 332767
24 52 396259
47 64 479322
23 21 64541
58 82 875462
38 35 728981
56 35 368810
68 33 331047
7 26 591525
56 89 138127
29 33 483500
35 78 375998
88 3 156887
42 38 432380
16 47 317641
63 86 454747
18 27 741964
38 65 439219
27 28 267860
45 89 775492
14 34 667495
64 73 59397
26 48 393431
36 49 12295
86 27 316430
38 48 348772
16 63 269349
28 61 840059
68 60 654239
20 38 116174
3 50 11162
34 39 796712
40 60 97099
77 89 715690
61 71 195135
61 42 457395
83 43 861577
2 47 901740
16 21 769520
46 39 154569
35 3 790350
59 66 734479
88 34 101213
27 71 92625
80 42 83665
58 18 804687
39 33 176469
56 9 873680
64 7 580075
52 83 395073
56 39 895290
2 53 576135
87 35 81963
63 75 268206
44 87 785604
52 65 27459
54 9 550559
32 12 593886
15 0 519378
22 75 259651
37 48 337568
75 7 128408
85 9 560491
84 7 179855
54 37 527962
3 40 996642
23 80 800750
68 63 52847
70 30 585505
84 27 143987
45 73 544493
69 5 676938
43 36 725893
37 0 634594
43 7 332451
30 8 198194
89 71 434691
75 16 746058
49 71 116295
28 78 109954
55 88 290455
78 86 36436
43 30 863314
41 19 187722
42 82 601856
75 73 860072
52 81 727555
19 81 841915
25 27 856392
28 5 882267
87 71 139665
22 51 425042
49 35 948800
14 38 868675
72 19 74635
51 9 104583
40 46 831508
10 44 572613
30 0 692150
31 27 777332
57 52 281063
30 16 316256
53 76 80584
57 46 339881
76 54 521893
53 60 808858
22 23 781945
58 33 732260
7 40 213907
73 51 35720
64 33 411377
67 71 744352
75 14 26963
66 67 972105
36 78 383983
37 5 921363
84 75 182892
44 29 651366
61 83 87889
54 13 232357
12 50 12387
39 24 432657
12 11 37783
51 50 463188
45 10 456085
60 78 436442
59 38 182
46 33 659334
31 47 30993
10 43 802694
55 7 655975
30 74 486826
64 54 251840
46 65 590660
17 78 569417
69 24 824884
28 9 876175
43 75 604731
67 2 925657
69 80 915594
88 36 621298
25 2 725964
14 65 670317
38 66 752675
43 53 395498
41 73 292671
4 19 981644
15 31 381098
29 20 155248
3 20 506867
42 58 68326
67 70 714234
36 48 707159
82 75 997731
37 81 692528
46 11 299260
14 32 168706
39 42 380402
78 79 646678
27 79 140935
19 70 183769
78 33 252401
55 25 463378
58 60 200101
16 79 109806
41 17 625737
77 5 165740
84 35 268432
44 75 90469
34 47 229688
33 43 778840
77 64 202486
24 62 620202
43 56 393844
39 61 443736
44 5 323118
45 19 106117
62 86 629736
14 12 836758
31 68 324763
71 11 802013
71 68 309196
53 35 909499
40 28 880360
49 37 916246
26 10 477626
83 47 399640
3 47 832792
47 72 848693
14 69 971621
86 71 479037
65 53 627472
27 61 823867
26 18 124316
75 49 464595
89 43 907399
67 34 800553
69 22 210352
61 68 26041
72 48 327611
52 73 736808
32 26 371035
23 79 434286
72 83 14193
63 79 352899
11 70 242258
51 5 119077
60 4 817988
25 31 529012
62 33 141810
21 25 126658
39 79 504569
52 33 287111
74 49 441056
38 23 553842
15 63 881855
32 48 555901
77 66 736101
79 34 942619
17 22 586120
10 46 541814
15 87 686843
63 66 595047
17 71 69612
65 11 899719
39 9 105136
4 84 798716
63 23 393400
15 65 568530
22 6 829298
35 81 77027
10 34 211110
67 52 84556
57 12 362194
33 24 456869
21 31 669853
75 6 580687
19 25 504553
61 8 336173
75 36 782706
25 22 319538
65 63 811218
53 79 38684
19 3 960276
76 1 583462
36 82 849110
24 45 675819
50 10 972522
12 0 430627
34 2 479873
22 83 173395
54 59 408389
0 28 973621
85 48 464837
34 41 81204
10 64 607718
32 11 630391
22 10 465989
8 60 480452
11 66 600736
36 0 826541
3 38 593623
19 42 100405
30 5 5591
61 15 972894
41 45 686641
26 8 927447
39 37 854967
6 45 61176
48 20 989932
2 73 381266
68 3 106110
58 63 258032
50 38 867349
51 47 126997
27 13 824851
81 34 357134
20 13 299393
21 40 654280
15 70 354286
27 32 258546
69 48 744518
47 61 378268
73 42 717437
51 80 769716
12 46 203246
8 25 720109
85 67 49978
81 9 514872
19 1 259815
64 3 245453
5 27 121872
77 76 398978
17 68 311936
81 53 82046
84 25 564644
6 15 706421
2 55 688623
37 80 370090
17 87 886578
22 68 536972
83 70 781075
1 84 969631
29 28 938847
6 84 903311
73 32 959607
36 55 216920
1 50 553533
64 38 206213
12 88 349525
52 42 35574
0 56 998778
64 79 382055
68 16 152811
19 36 396519
75 30 308104
64 70 243855
52 25 617921
85 36 186395
27 2 415006
82 85 521208
84 50 207699
6 53 926308
79 33 604208
83 80 22781
75 77 885989
4 25 933563
62 64 639414
77 81 391654
0 41 529024
15 17 380106
15 39 307438
34 18 663175
12 52 348819
3 36 640749
16 89 399555
51 69 75966
77 53 141916
60 45 191104
49 21 813498
20 45 552616
80 71 303503
50 22 724929
29 81 693544
42 51 708041
20 51 438668
52 64 951789
13 21 270062
82 5 966248
31 54 538071
89 44 838797
78 20 977389
69 53 385922
78 15 430456
74 81 862985
41 11 411902
0 76 432433
23 47 608379
40 47 958156
17 84 443435
39 28 517756
30 78 78931
33 1 614510
78 9 949053
73 79 49835
15 16 217182
65 83 182330
20 58 132747
60 55 984857
88 52 953442
5 2 271721
86 73 33403
63 34 845893
20 73 301705
83 5 567886
37 78 55997
87 77 496933
22 77 808959
87 67 817182
4 36 396922
74 40 314643
14 66 206809
30 77 897521
54 67 601651
89 46 160417
65 24 25858
1 49 508984
28 75 876102
83 33 167251
39 41 27765
39 82 125214
33 86 386431
1 17 730637
21 20 263408
35 18 625291
80 75 867276
42 77 473016
84 22 605401
72 58 633442
86 28 179176
46 51 954248
65 80 325922
7 32 177557
38 7 684081
38 1 909811
78 53 816152
27 59 16505
24 5 316653
30 59 687587
10 55 49448
89 85 790062
73 26 945818
74 83 706133
41 69 253668
83 13 980405
79 84 511575
73 14 534389
57 37 438838
42 37 449188
84 74 849634
52 69 814027
46 61 584222
45 14 7765
83 86 902868
9 50 316078
31 38 837763
64 40 236930
6 59 91649
79 29 472168
71 19 91153
82 49 898819
72 29 552164
75 78 943460
38 44 73566
64 22 908544
23 18 16682
65 58 918974
70 49 363547
82 20 554773
45 69 243893
9 87 315529
88 68 847128
25 5 608869
37 32 918129
70 48 91168
24 83 843380
83 63 675931
20 37 289682
12 9 183935
13 7 903601
86 69 456767
78 58 369938
7 53 966994
53 49 285259
56 61 537118
38 0 923861
82 81 945998
14 81 246471
50 32 645374
86 51 242356
36 63 515552
3 12 207782
61 60 49001
43 39 872126
77 61 358969
14 87 472155
17 88 651422
16 32 23858
8 32 476561
89 24 839913
11 30 5809
66 49 139412
79 0 995835
30 1 81494
57 19 719355
88 47 840057
5 4 551416
54 47 653601
72 80 483598
73 12 89925
53 39 283793
5 74 305271
13 87 248868
36 76 125997
50 19 372849
7 20 311893
30 20 883533
1 86 985933
25 40 567809
16 45 221830
11 89 618740
45 2 460592
32 82 523074
58 1 405574
42 10 727937
13 70 418243
89 80 756564
35 59 212030
30 14 842317
8 53 820064
77 84 773131
9 74 642829
5 64 803139
69 71 226483
33 73 293281
54 17 622257
71 46 435011
0 63 338687
27 36 990241
80 53 123946
16 9 665600
64 72 461264
73 37 723791
33 81 515859
8 29 96294
63 76 583401
15 74 668842
62 31 380969
0 55 44312
55 1 694611
32 29 499228
36 5 619925
30 72 829441
15 32 796887
23 8 140236
23 72 645289
63 14 235331
29 78 401120
55 79 931805
42 46 246339
30 32 148841
6 2 33303
62 6 551259
2 19 243129
7 48 869200
29 2 610691
11 24 686446
66 31 963323
1 21 684929
17 69 33951
18 44 917568
89 31 198963
58 29 251698
71 31 983563
35 58 144301
6 52 818481
3 22 923691
85 7 797993
15 41 86029
7 5 240964
84 70 969045
14 52 370611
72 73 504687
32 34 756663
17 36 222909
32 46 81148
3 59 537553
81 42 323489
19 59 985344
14 4 25446
29 52 667806
34 70 544218
45 11 107964
60 81 913505
45 79 737139
56 83 25986
57 3 590309
24 82 315909
77 25 385723
8 24 434289
18 12 277206
80 29 376804
42 85 366665
58 47 807458
12 70 632108
20 54 523610
21 11 463477
41 52 461572
59 18 778096
16 33 449689
54 63 412993
88 63 930381
57 69 895711
67 62 384039
23 46 684001
72 57 6450
50 43 146750
16 74 723999
55 76 264142
49 58 336319
48 66 42710
8 79 234694
48 21 225720
55 67 405905
34 83 287650
14 88 408487
9 24 214038
73 87 128083
6 38 798196
8 27 285773
62 42 931910
39 7 221633
44 7 429629
89 83 520184
27 87 648782
2 59 218567
69 64 523877
35 33 405553
75 38 876444
54 86 424714
85 34 972844
42 27 818732
73 8 708956
5 40 456758
60 69 700669
15 53 172880
19 29 271797
25 64 454705
13 5 705788
38 72 129498
30 24 854172
85 40 959222
76 46 90701
34 78 734203
33 55 93338
62 27 754177
51 77 800230
69 1 79343
85 1 467655
73 85 751547
50 68 80999
68 87 396040
6 67 533120
0 57 81494
14 62 398187
18 71 610866
73 88 344158
36 14 588875
16 25 731443
30 57 805221
74 39 144939
52 85 190122
9 64 506591
9 10 382704
21 28 241648
9 73 827106
35 79 101352
37 38 620160
84 29 35376
15 47 578155
20 61 857211
56 17 699200
21 54 56187
37 77 160193
33 21 533463
8 59 510520
53 31 191916
33 4 812763
67 38 579177
84 28 591354
55 78 938996
11 7 657577
21 59 547286
49 87 116109
68 57 316020
48 67 343115
6 76 790808
53 71 915477
40 37 998259
66 6 416650
89 20 71309
69 88 939361
4 83 470612
23 27 562628
64 87 203392
23 33 548186
42 35 952531
72 82 533737
88 18 150662
42 8 163194
73 54 663275
37 66 294988
10 37 560438
0 5 251222
15 28 121100
17 8 648833
42 5 201647
79 66 692180
58 19 175876
30 79 881528
62 20 68841
32 36 748271
46 19 833226
50 61 678188
57 24 722875
69 32 358663
71 83 112641
15 34 952385
13 36 692213
59 70 796395
35 41 907566
35 83 315092
58 0 734145
4 23 203698
27 22 383220
79 80 38491
3 41 655805
61 48 731749
87 25 254229
10 39 167177
49 40 618354
70 0 433799
78 87 568254
15 5 468841
22 66 734423
40 77 897555
69 9 68411
76 34 193058
11 34 97295
56 8 715241
31 72 809063
56 1 347329
27 58 929423
81 31 108508
83 28 925154
89 48 749670
26 9 920012
22 52 358995
68 23 350680
84 36 687458
75 1 791664
58 14 320206
28 77 204514
4 62 947662
69 31 712737
34 55 475438
31 48 666292
80 11 802005
11 22 550294
14 78 481402
1 29 525963
4 34 619632
15 27 911648
35 28 853459
80 41 294769
61 34 104337
89 58 472524
63 27 654349
13 38 525111
27 55 164727
35 69 540148
45 7 304369
39 30 939900
2 83 924851
2 49 302671
67 51 972826
13 31 180861
16 72 126834
46 82 907336
14 3 916205
73 46 967189
12 2 832423
54 55 284406
5 81 191978
62 88 932731
26 5 198255
72 28 568920
87 22 798450
47 70 529967
67 23 514209
30 15 576487
73 78 113935
44 88 950540
18 87 716661
59 58 563028
32 89 993807
2 89 808523
82 52 237710
18 0 996054
51 35 298636
49 31 591801
36 9 914917
84 60 926613
85 72 812691
64 18 120060
89 57 949389
63 82 189225
66 9 66842
49 20 285220
77 11 68494
58 71 141327
41 67 119100
23 70 907843
61 14 12957
2 51 827714
1 3 530782
46 44 769901
10 78 158595
38 26 819211
51 21 195329
28 26 203754
77 83 722509
12 20 560553
55 20 927317
45 31 296775
24 41 380209
5 22 821125
14 83 386459
23 44 58221
26 82 852417
58 69 316450
88 5 402466
0 40 583329
2 71 923654
78 67 226595
5 10 714370
45 33 408814
52 50 940703
83 85 255778
16 12 379573
35 60 603821
4 12 765387
1 37 846574
28 62 129683
36 71 743760
60 7 894431
43 32 765313
10 11 351289
70 77 813880
48 33 736567
87 79 927699
25 47 86114
55 28 909171
88 27 692663
13 60 357802
75 17 432871
7 70 649608
10 12 863636
48 34 211658
36 33 902209
16 28 887838
55 22 682693
36 80 285290
62 48 927535
45 68 818972
38 12 5088
11 39 992267
38 11 148516
31 46 493711
35 50 371007
25 14 488743
89 18 652944
3 4 82191
47 18 442733
13 48 404278
7 6 80612
69 49 95661
66 61 442860
48 75 821053
50 54 863274
27 35 979728
43 11 420598
9 15 82014
37 58 146751
8 86 654765
2 0 166164
84 13 797653
11 26 642540
56 22 20461
56 20 710342
62 2 499097
0 35 261474
19 65 881028
70 52 751952
10 71 599
84 64 227070
79 38 257563
51 68 77873
45 0 119244
41 30 993076
25 41 952632
66 71 180072
32 68 14499
84 46 595261
85 62 104130
46 78 655185
44 20 887029
49 3 830796
3 89 681546
45 5 74767
89 68 778314
33 66 334658
4 81 228545
89 39 173880
21 26 747356
4 53 772039
12 68 646586
48 9 774639
34 25 894549
30 37 883897
25 51 128181
61 51 48116
72 21 208843
5 86 323790
29 64 976438
52 16 283217
85 57 326045
4 57 203364
51 0 871924
77 68 597661
19 33 264681
37 31 637936
39 40 596187
60 16 499554
4 28 256828
53 56 725254
6 32 458409
57 82 123356
41 50 910478
74 10 878198
54 4 647104
14 56 451822
10 54 437744
46 15 372289
48 16 183641
20 79 668690
9 84 557542
16 46 551673
42 16 906163
37 25 436837
29 89 842924
73 68 818451
66 84 586389
62 68 662733
71 81 148408
69 77 743963
14 43 712388
31 19 910861
46 2 4544
72 51 219282
86 9 992532
84 68 531186
55 5 600894
80 54 510255
22 15 10351
50 30 277689
46 26 455479
57 61 68454
67 72 734478
24 87 811756
65 23 763721
61 40 39946
9 89 848168
41 37 658898
27 77 833175
85 32 351915
18 69 424283
37 86 244018
12 89 561420
15 71 63722
1 51 378534
75 23 420595
26 50 112330
8 18 168210
4 56 969348
26 68 905857
25 15 952149
1 89 969980
29 39 793313
79 77 906443
65 33 699782
40 55 462508
40 1 211126
84 44 861083
30 83 165124
28 14 998207
16 67 425488
63 55 94438
67 69 386807
57 58 402262
15 35 678008
69 46 320085
5 21 464675
67 73 76932
77 80 932326
59 41 68917
27 81 853286
72 8 378861
47 20 196385
68 56 507963
63 33 738460
3 71 952866
11 19 546211
44 19 549050
66 21 698652
40 9 608038
33 84 915236
29 50 966100
56 31 629014
36 81 301002
26 49 881721
25 38 455551
33 69 921405
48 63 280159
59 36 350792
58 40 939471
18 16 596783
32 75 919484
77 38 760153
66 51 889652
89 67 105650
36 52 51218
60 70 777089
31 84 352597
32 80 103719
68 30 930185
66 83 909739
42 7 88319
60 88 826464
50 53 984562
75 9 166806
76 11 726640
0 77 117580
23 88 78347
16 41 275394
41 75 894998
9 80 604640
27 67 760501
11 13 228523
44 25 911858
25 53 327591
54 57 841305
23 7 335770
46 25 53932
78 82 124615
77 57 278037
60 15 560229
37 79 915038
18 42 707815
43 55 475623
84 58 881786
29 5 330894
76 47 475221
17 39 485639
14 48 902143
79 67 55735
33 59 372887
28 88 566729
5 18 750299
28 42 211730
56 57 3249
63 32 276841
12 15 755310
48 76 788332
55 58 294195
80 60 161321
20 17 867458
40 75 264042
4 10 220951
24 37 774254
45 86 556882
48 84 111709
5 65 969519
1 42 210229
85 45 115596
79 3 688093
41 29 46204
73 6 800938
14 42 536779
28 70 679520
85 79 607946
39 71 342842
6 49 157546
73 7 822086
67 31 852351
76 52 638967
37 59 232607
85 8 539204
70 54 540538
7 89 408802
0 23 736315
35 82 283451
17 43 338888
62 77 302407
11 69 496622
24 81 256502
41 83 25682
88 51 229905
81 17 102032
3 80 742113
65 78 24422
76 42 153820
6 42 748921
20 59 780656
60 75 634032
4 20 887124
6 5 764365
23 43 812545
40 56 985141
89 8 20165
78 61 372509
26 45 551342
65 4 775544
10 40 997542
71 29 493257
6 35 236397
40 83 985634
67 59 955208
62 63 851742
42 11 387035
36 56 339117
28 52 496171
24 60 976901
3 29 976563
41 84 848009
85 56 126073
68 86 757162
39 19 887157
29 69 378595
54 1 321428
62 15 874752
51 36 523346
39 81 293846
70 81 984508
44 8 798941
75 57 129155
75 89 521931
88 70 299469
12 37 803846
24 47 470906
61 1 565402
82 59 741926
83 69 22355
75 65 436250
18 57 335912
55 18 650485
0 25 104849
10 87 7046
18 10 584281
74 36 946589
3 86 163303
58 28 813032
1 52 801136
65 12 313152
58 45 494765
9 37 637165
66 60 547446
44 1 678563
41 2 581384
45 80 67821
76 33 717839
61 26 876675
46 38 978760
75 3 151785
48 23 954962
80 18 511049
59 44 160543
70 55 872143
86 30 53764
43 79 603889
55 84 400639
49 88 279301
80 19 303457
7 35 722929
78 39 163814
46 48 397186
63 64 3839
85 65 217204
12 62 313320
2 7 906089
41 33 423849
86 61 381380
55 81 760539
83 53 712624
1 16 579001
30 4 945787
87 12 48913
42 74 244450
9 4 842640
31 83 411425
30 29 314472
7 16 4412
41 62 452149
64 48 656295
77 20 125596
31 16 580016
56 21 197982
88 76 638241
78 66 919013
89 47 3593
2 57 118359
26 67 339876
78 52 55291
6 30 221069
76 56 43388
46 87 568829
87 50 727686
79 40 820582
31 33 600941
59 73 138834
39 8 68372
1 11 18803
38 21 210640
28 82 788007
69 15 459861
42 53 723736
48 65 576830
47 46 709320
59 32 393353
37 53 811662
50 36 711243
33 3 533767
51 81 836488
39 64 600423
1 81 611551
86 89 356211
72 76 699342
84 59 955644
7 86 243453
67 22 543390
8 69 870818
78 80 798494
18 79 182341
33 51 540873
11 72 666319
48 88 74047
62 56 803095
71 62 119312
67 58 141856
25 82 40666
83 88 130074
72 68 556689
30 85 613565
65 25 291842
75 4 996724
27 24 709198
44 49 251921
9 6 354006
43 6 559323
57 40 115609
22 57 337184
59 46 631584
61 18 687598
51 62 252173
60 32 9380
57 44 144347
80 49 269482
82 69 964831
33 37 678589
34 71 758803
8 87 909000
78 5 680100
38 22 611565
20 19 506864
24 23 900965
46 63 449144
11 28 235409
5 39 343608
59 15 829273
58 41 930646
25 45 968113
23 6 990393
71 32 289427
77 2 161686
27 11 173738
46 14 358505
48 12 726604
6 85 304153
31 63 417281
71 23 899021
33 13 232521
63 25 276923
79 86 29784
78 16 804386
30 40 778640
5 63 735560
34 38 479976
45 38 514128
74 47 979485
58 13 50564
40 50 630477
78 42 20880
73 60 193985
19 85 353186
58 12 598461
62 5 21813
37 21 82265
63 61 297447
38 36 608558
27 16 967155
82 21 406129
71 28 567924
34 5 569272
70 56 961346
79 12 894759
22 33 35972
6 25 368073
65 64 368157
25 11 737139
46 34 179227
87 45 284810
31 1 26721
35 19 71820
79 51 329432
39 49 523561
36 1 477313
24 77 114523
65 62 424895
48 60 631021
74 21 69955
4 70 909081
16 53 269766
80 2 585781
82 80 171067
74 67 46324
6 65 995709
81 89 77267
54 8 821857
6 86 318721
56 25 259746
36 89 438890
46 8 838569
10 47 233246
41 38 930442
73 65 742293
29 43 428395
81 0 798476
34 19 659668
34 0 741237
31 78 328012
45 35 364869
4 31 128615
51 57 857525
19 23 183046
11 74 122341
24 73 60641
37 14 247185
80 12 286274
68 37 878262
72 27 672291
43 59 544431
31 23 549677
44 56 622451
24 59 618765
31 34 292430
73 84 835040
2 20 876847
24 71 195210
67 81 865640
65 21 185970
55 51 349900
58 17 891765
80 55 885288
66 39 77684
77 1 677235
13 34 535348
41 13 369400
9 55 11920
37 64 542703
7 3 716362
26 23 331083
17 45 849413
6 1 719071
81 49 730540
5 57 675973
4 51 972465
20 60 955187
41 64 234420
22 85 754907
1 46 272091
7 4 863290
45 53 368502
17 35 130226
22 48 937492
40 66 675298
0 17 40441
31 30 85689
47 5 79971
39 23 474987
85 63 483485
55 13 93750
61 43 230463
23 12 695271
38 30 893082
67 39 227262
9 44 286039
72 18 520099
64 30 57253
72 81 682537
11 61 318983
62 73 39381
64 34 868886
60 89 237797
39 50 322837
16 43 431223
67 8 309728
37 47 259481
63 49 40989
62 81 966960
89 27 782077
47 79 17082
32 28 306050
54 28 555124
76 41 755669
67 5 763779
3 0 423295
13 78 957778
59 60 425952
65 82 243545
24 48 661487
48 80 969748
60 44 285483
27 6 406902
79 50 88913
23 49 195678
33 67 759726
64 75 33454
26 76 426932
48 44 781352
55 8 333705
40 62 282451
66 56 705670
64 61 639578
76 27 248233
25 36 173381
12 71 243062
59 22 727836
83 68 607818
64 53 437358
50 37 845537
0 33 644757
46 74 541719
17 86 404119
70 79 667906
76 37 917456
69 68 807383
64 51 394240
22 88 748598
8 88 40016
0 31 834861
37 15 731546
48 74 684378
71 52 427588
57 43 42580
67 19 812727
17 26 578729
56 41 431169
10 82 167866
13 64 466308
8 20 374563
14 41 91621
74 25 177311
69 10 98531
41 6 682799
77 85 850480
68 25 615389
47 19 134425
16 11 957337
7 28 147720
76 51 307643
51 19 194863
3 65 458289
23 56 375375
50 28 690189
11 31 521438
60 34 342834
48 54 575338
45 81 650392
78 21 997644
15 52 108336
1 66 548015
26 53 469680
70 32 699733
61 87 218836
54 30 755119
2 16 935949
57 83 37520
58 50 331237
40 59 557807
36 83 112493
62 84 642122
40 31 686122
41 43 814349
28 23 231624
57 59 578669
22 28 565184
81 30 194478
17 85 861399
71 35 738589
1 34 89624
54 41 205036
22 73 558883
38 82 268209
64 21 669976
4 26 350984
30 22 980627
64 32 934229
9 18 687106
61 76 629468
20 6 985100
74 87 7470
48 77 935126
40 20 484422
87 3 702174
18 54 678820
54 84 439912
26 60 460519
86 35 866469
41 51 915270
25 49 562670
53 24 188785
7 49 844444
82 88 3563
59 47 55674
37 71 112104
76 85 610484
21 39 404180
9 57 284440
59 26 327176
32 44 573589
84 49 942935
61 4 16313
4 89 816451
26 58 897564
81 88 707196
16 83 427748
85 53 151241
6 11 199283
56 2 383437
88 43 297043
39 48 853289
78 68 645163
87 34 508515
60 62 549465
13 79 231533
20 63 170060
76 70 202986
35 64 947707
43 46 436989
57 60 315026
36 34 479901
76 30 618988
85 84 411228
78 2 144700
73 0 34459
46 85 935473
40 48 859179
4 38 134157
48 42 729263
86 56 350701
75 27 836671
79 25 616780
10 14 813351
73 43 845730
83 25 672871
78 1 496255
30 19 866366
12 28 967825
13 67 614568
87 42 170770
14 7 780412
78 32 907957
11 29 203533
25 73 721528
6 19 324081
1 41 382251
59 42 369476
36 18 440005
31 12 599461
4 16 943093
0 47 972059
74 61 194199
59 4 100570
62 35 857536
83 17 106831
50 78 995589
72 88 214253
58 77 616757
2 63 392378
49 79 115510
53 82 321483
22 9 814588
6 0 753741
56 63 137595
82 27 36584
61 25 194063
35 34 593864
60 17 693622
38 83 472361
8 43 129502
12 74 267296
27 53 597890
61 9 531960
37 62 491283
1 62 575984
18 60 865091
55 50 728449
59 61 957148
66 30 184072
51 18 537529
45 15 940645
49 13 311100
41 7 94502
17 64 760070
15 10 731064
6 71 490774
26 42 799652
36 24 362877
13 10 861297
18 66 790902
51 44 563278
4 32 347037
64 46 49005
26 69 611282
56 38 641803
43 78 233173
29 15 536914
58 34 571000
69 75 409602
33 15 686827
28 19 849536
39 76 728214
54 33 725974
37 75 246432
44 54 403174
69 3 640044
72 69 273177
14 6 573884
89 49 560211
9 70 187858
59 83 963027
80 6 287931
85 80 753743
15 86 129474
22 61 71545
24 54 847350
11 67 320659
8 22 334316
83 58 433897
38 47 641061
29 42 682313
55 3 943882
52 68 413886
52 66 145996
6 83 635528
71 57 768469
78 41 951355
7 65 627570
55 14 514173
81 50 228399
70 8 319791
0 72 670589
86 72 232812
82 77 277418
61 45 64890
78 81 258457
44 26 48372
45 71 698331
33 61 216040
48 71 852008
62 44 148839
82 19 710358
11 35 941393
66 55 72391
16 19 82474
77 18 672581
22 60 767592
65 30 187861
69 79 888601
21 86 349329
88 71 1548
40 15 816897
21 58 121194
54 61 864257
72 46 596962
22 26 474266
87 70 304578
79 88 405917
49 16 438212
32 21 20993
17 46 203523
58 15 687300
28 59 803343
36 69 822476
58 80 98447
26 16 245754
4 69 949359
80 44 563401
88 58 66321
45 4 814991
49 64 124200
21 7 485701
82 40 588421
5 23 525191
89 25 519219
33 47 879540
86 77 73098
83 39 401629
11 18 501250
58 16 687540
38 39 246908
49 56 936231
70 42 807349
74 62 291202
84 69 633085
45 78 549716
82 11 336306
13 51 658726
5 19 47890
6 74 477786
40 17 385066
56 54 574144
24 50 391872
19 76 274032
3 52 106381
36 68 305599
57 79 652658
38 61 822447
40 87 354331
42 79 470550
10 19 878665
29 53 164197
9 13 115542
74 41 962825
13 76 920852
36 64 502112
17 42 566828
17 31 251256
40 18 802685
1 64 589957
38 43 148971
30 80 973901
75 46 800091
1 73 200626
19 49 600186
43 66 563303
64 2 608097
22 36 128238
65 18 921298
50 77 679288
17 28 254673
10 59 127450
19 84 845757
38 32 412646
48 1 557238
28 10 610958
41 27 586067
34 89 115948
60 30 881842
45 74 874631
61 21 129391
46 70 654164
37 52 757774
48 25 494502
12 39 135713
30 18 476370
74 57 72485
30 3 880463
32 57 77338
2 3 651608
9 1 310577
21 41 114947
89 88 10481
20 66 348612
19 60 199998
36 44 536
54 36 283015
27 1 775407
6 54 470530
27 52 86530
43 63 68672
51 39 109951
23 87 295186
84 20 932317
81 7 989193
18 74 917948
72 1 416155
30 51 483552
73 83 373724
53 11 275168
44 79 102325
39 0 205529
57 17 43793
58 2 988140
70 66 493656
0 46 403302
51 7 45006
66 34 3537
6 89 596191
40 6 232563
39 63 776375
66 50 586045
6 60 353792
13 74 25932
7 54 897334
68 66 266320
43 47 703533
77 16 921485
60 1 115307
20 35 310604
38 16 744940
58 75 277144
58 81 631383
29 63 159460
75 29 439599
88 65 740868
42 40 155703
25 57 120551
44 2 842641
45 65 944924
49 22 73230
55 23 603062
9 76 327724
6 57 713107
74 59 692758
60 27 328992
83 18 445971
21 79 91866
72 39 473423
57 42 151922
13 73 664722
63 74 101260
77 32 556186
52 39 692812
42 86 73964
2 76 278089
27 73 393651
56 50 991676
70 80 866989
60 52 821820
89 42 345275
1 82 33103
74 71 913131
53 30 565120
12 56 804897
89 26 484509
80 84 772660
22 43 720243
24 2 849478
53 88 158726
17 47 676358
11 3 336427
1 74 48173
3 10 707032
80 1 719684
84 89 855477
56 45 786068
63 67 364646
56 13 158904
18 21 179934
33 18 88069
25 7 944235
37 88 236304
73 76 790327
41 9 808955
4 63 277646
43 64 149317
27 21 82230
3 28 78057
39 27 185586
42 32 791345
59 50 959501
89 38 721035
59 25 242611
69 39 285936
66 26 831888
30 88 966672
28 87 449559
37 67 920964
68 10 295169
73 63 352345
78 63 841309
74 20 723576
77 4 786777
45 22 481969
80 87 180309
52 48 177945
49 38 692551
38 54 74019
63 35 306542
71 85 191719
34 72 85687
65 39 302615
17 7 907825
67 18 513413
18 13 444225
33 71 510081
59 55 240842
86 13 223181
44 17 34601
68 24 656173
81 2 23174
71 47 861140
66 32 883162
77 65 84178
62 80 431872
53 55 326910
4 49 853170
16 73 138749
0 43 220023
70 2 577361
77 44 156571
47 36 518825
4 85 777506
48 2 11255
44 42 857105
15 73 404511
33 12 585357
84 52 779098
4 6 303748
65 51 84972
53 22 387126
89 59 356974
34 29 839687
25 58 420650
65 50 199254
9 38 407772
15 85 886434
26 64 621333
22 78 343840
0 88 777513
51 38 203076
58 8 318201
40 29 794904
72 65 652294
32 1 982975
71 55 128194
64 16 932952
23 85 692889
72 75 830902
37 72 27248
65 43 169597
49 61 783907
13 44 635230
26 75 735848
80 74 261674
44 37 796457
6 58 6798
5 35 66587
47 63 209394
85 14 288396
86 41 286367
31 29 933155
47 21 813773
17 9 986299
81 38 19964
79 14 404649
23 9 568378
86 24 767239
50 45 875685
8 7 465549
10 66 548022
32 79 842168
81 73 795150
79 46 800313
81 16 163050
7 1 473190
33 50 3310
18 85 616980
79 76 393887
23 17 419077
8 31 789495
75 74 557853
7 67 601813
4 35 317755
55 86 557202
41 60 273281
45 46 706508
87 63 623841
77 3 775223
30 44 819071
60 10 957482
20 50 251196
65 57 336415
69 70 502452
21 30 98207
37 22 199531
67 35 165456
16 5 926053
47 77 485969
19 38 481965
72 33 296389
73 40 161570
63 26 608381
29 16 146202
5 46 168143
23 53 939580
14 86 764248
80 63 213120
68 34 623367
41 53 833651
29 6 764094
63 51 800621
3 82 534585
45 39 181888
84 57 409504
78 19 210226
76 20 141234
62 17 275605
62 21 951399
60 54 165905
64 45 385035
57 81 140235
13 52 871552
28 67 649446
89 33 899905
74 86 489451
60 43 486096
10 77 989240
62 54 111976
63 11 719242
60 12 81092
0 53 200206
66 69 83985
13 35 510475
45 23 59879
32 40 162491
4 52 604623
73 3 788481
0 66 515736
87 37 867374
39 31 690185
10 73 655377
88 31 552490
83 0 745824
24 0 123667
3 84 886453
44 85 701277
15 67 232140
23 41 881521
30 42 755971
44 68 450123
10 8 760120
11 49 722227
33 82 889984
4 78 358389
17 51 79721
81 54 960525
20 39 640149
74 53 763832
37 70 798935
79 2 137643
79 54 499171
87 1 545199
9 46 12649
50 69 853425
43 62 997681
75 31 460885
9 3 837774
82 74 383025
72 40 897879
77 26 279892
89 19 435145
10 31 13867
70 25 533170
4 40 410449
60 29 941953
19 12 161046
10 49 721350
10 1 216683
39 3 474673
18 41 705326
1 4 640472
21 19 87185
71 43 826438
2 36 74784
48 49 56810
20 64 733471
84 65 442285
69 81 234353
48 17 503496
87 29 939451
49 77 637694
12 82 938342
82 64 518402
4 37 827062
42 34 790099
71 16 867603
45 43 808106
17 24 342410
73 30 528010
52 21 782811
84 26 831225
9 31 35707
5 61 156444
27 14 93171
64 57 907339
68 42 623342
26 54 508727
70 57 495740
87 2 189221
32 23 48357
87 0 342338
17 18 532014
51 70 848500
38 84 595183
53 18 999319
31 80 481786
84 32 642874
12 49 587157
26 79 948483
50 5 87029
35 68 50997
81 21 968482
37 51 558714
5 20 283972
13 39 608516
65 44 668808
11 84 320799
68 6 533174
21 17 561559
62 72 587587
22 35 448838
10 7 910402
84 71 704032
73 49 801594
83 76 95840
84 37 595505
78 3 214657
27 51 240012
82 84 165396
24 80 187694
28 53 308885
10 51 37286
50 74 237994
82 37 185754
87 11 616858
55 69 727735
10 20 969432
79 60 92881
55 19 311906
18 22 316672
27 45 451424
63 38 655796
16 87 567856
78 40 355357
11 75 186972
30 2 896052
84 14 278214
17 5 416076
20 81 622123
47 84 734900
82 67 285694
42 88 215221
6 12 941913
55 47 526173
11 8 733826
75 25 476639
56 75 928538
31 18 443851
73 53 221119
10 80 250117
63 84 545678
65 1 264445
44 61 217971
15 57 756956
13 14 111480
55 82 95017
0 49 655721
71 7 153685
67 68 784881
6 47 737760
57 35 288383
79 24 316958
23 11 897647
87 86 516275
76 4 202829
30 36 193991
0 75 899964
65 67 733950
79 59 447075
75 51 358208
33 25 651004
87 36 130276
87 48 706770
73 29 456815
44 24 839431
68 29 876044
59 80 741739
68 7 355997
20 75 24209
88 45 659454
63 81 909201
57 28 397076
30 34 82785
3 63 50017
40 45 548540
15 24 762593
51 45 339299
83 81 598905
11 86 900330
84 51 607972
65 29 105492
84 81 72955
2 32 482236
20 41 503195
52 11 419909
17 13 388212
88 67 608782
46 67 604471
25 20 66789
65 54 759266
20 33 33160
78 6 58007
83 27 805776
80 13 697126
41 85 345348
28 33 321356
88 59 195731
47 49 662874
31 50 235077
23 64 738645
59 68 946779
15 72 78640
87 85 737823
45 57 257583
0 60 126328
16 23 695515
76 78 491175
57 88 709728
39 60 988963
38 88 543456
83 51 388645
42 50 270210
33 56 817756
8 37 832285
72 74 981052
17 67 530785
77 41 343186
9 77 559770
47 35 733261
89 61 198730
53 58 551354
26 81 957546
4 27 227638
72 14 849769
63 37 442939
85 24 128245
27 49 447220
48 55 231280
28 18 529757
76 31 517515
43 34 158903
30 45 28652
80 22 581984
51 54 786520
60 9 734304
31 43 458997
70 63 69293
56 82 727841
55 32 104020
53 68 220073
46 58 569744
47 73 247812
62 16 504873
55 31 949242
63 40 603278
78 24 482508
72 12 347395
86 84 871180
15 2 77647
83 50 521168
26 41 608221
55 89 857959
84 39 422173
10 84 67177
32 3 150575
29 83 851964
84 88 351408
89 63 702934
6 16 528054
44 63 339861
9 63 322783
43 81 335934
28 13 944803
5 11 610846
58 66 841294
55 42 904459
13 25 257705
15 21 371432
76 84 820642
1 28 657039
46 21 205824
33 6 620141
13 66 189363
33 27 825833
80 26 802030
9 25 915109
33 88 669833
63 60 792864
31 51 715150
78 89 601395
13 4 117924
34 3 557481
43 21 61895
7 22 498164
3 67 130232
61 2 514908
52 26 90402
26 86 4402
39 36 673335
65 66 802695
54 23 945148
66 19 683498
75 13 294140
76 18 119038
48 5 572326
71 13 546904
5 56 448588
86 18 988264
33 75 851347
61 23 339210
4 88 613863
84 45 294596
51 3 611699
12 67 120601
28 44 361922
19 13 564755
35 30 930960
23 62 146023
79 74 227187
31 36 320311
70 68 667569
86 76 548637
85 49 766654
79 1 259905
2 9 98465
74 51 174062
4 82 329769
11 20 923998
27 74 957081
61 75 819624
75 53 809603
54 71 166800
55 52 220359
75 55 944740
16 59 358830
30 46 171161
34 17 608238
29 22 986444
10 32 807138
87 7 299438
86 39 255710
57 87 681291
24 51 335799
79 52 57111
87 83 880577
73 82 669268
27 56 182522
53 59 343734
28 85 100863
64 12 987736
42 41 121540
51 52 564327
48 79 104133
17 77 891845
25 88 455237
18 19 571302
87 4 942064
16 57 848290
7 66 558975
63 30 708380
72 10 229835
58 10 724055
69 30 9767
53 51 477983
74 65 711588
29 74 709874
44 6 746758
51 28 122189
42 20 346358
45 49 679295
15 19 774694
3 42 905783
40 69 317833
60 72 215636
8 52 355300
24 67 892135
52 43 594550
9 7 342943
69 87 692445
36 57 845936
13 30 565030
85 55 677081
49 43 738792
56 81 477951
52 35 340252
29 55 569566
68 75 3775
24 20 687494
20 72 630339
70 35 422343
73 74 69815
35 55 326045
66 36 408619
32 17 28950
61 17 315216
45 21 912241
26 29 710397
73 77 130217
17 3 243462
71 1 27803
25 80 152327
58 79 353643
3 62 933553
60 71 973750
82 18 303306
21 88 847024
54 66 637763
21 42 589799
72 78 584763
17 30 896909
85 16 556706
65 60 543383
47 67 829624
67 64 594849
4 48 469669
41 36 314864
16 3 273025
39 18 223640
11 47 983116
41 79 365233
15 89 352400
33 38 323111
26 57 173362
25 1 569950
50 62 152674
12 35 109191
65 42 379455
60 46 410196
88 39 574782
76 28 759267
71 63 191917
27 68 301451
37 60 336666
35 23 443844
61 58 559766
64 83 937560
71 14 697049
44 12 522122
3 8 877186
82 47 578836
57 53 781794
82 61 569802
42 43 792492
86 43 309529
69 27 350608
71 65 609572
68 20 211522
19 68 631326
67 45 634784
69 63 554454
70 65 973508
45 3 796390
3 60 462297
28 68 78894
89 30 81529
54 45 624561
42 75 274114
4 79 989533
84 42 81856
64 4 235784
38 71 875622
54 82 356450
9 49 27921
6 79 895917
64 6 97188
65 87 831159
20 85 317287
56 19 599936
3 56 555181
3 44 119728
21 44 34712
37 23 863249
64 80 441663
56 26 129752
46 36 105895
64 89 702030
36 72 500575
10 63 428997
27 0 240335
6 18 430284
35 72 572425
48 82 919438
40 26 901882
18 24 428432
86 0 187174
49 41 999204
52 80 517367
76 75 158667
49 55 177458
77 34 315839
84 83 916072
78 47 278392
0 52 98763
57 27 320351
79 89 841445
46 22 599367
40 2 204873
45 8 793263
54 40 177533
25 66 248888
41 12 638419
38 40 916056
44 67 504070
41 8 689279
72 26 177272
36 70 30168
24 32 85118
55 61 712495
61 24 299089
27 20 590737
57 11 435360
47 30 578464
7 79 207257
76 71 397907
85 69 512777
50 60 489781
9 8 956114
70 45 708170
27 43 151879
85 70 737250
1 39 519587
47 53 517814
29 17 911221
34 24 258216
34 37 337552
31 7 161340
32 49 392138
80 40 133005
57 76 185275
16 69 365517
84 67 379249
10 6 751752
73 61 396162
59 14 631234
3 61 686767
34 21 870618
35 8 770447
22 71 982897
43 3 702039
67 10 871458
44 14 231705
2 31 302249
69 65 805503
56 69 614539
7 34 541944
82 9 398745
46 6 883696
61 37 652335
33 70 772455
26 51 739551
46 80 788721
36 86 417061
28 25 728227
47 56 261764
88 41 834845
44 82 215506
60 56 649633
21 85 616581
82 16 403081
26 25 770665
69 13 465136
20 43 325372
20 57 84351
88 86 281595
21 57 37553
77 35 721445
13 68 61309
15 77 180757
23 84 504772
32 45 104291
53 48 992271
70 74 614137
70 75 212874
85 0 117881
24 1 482677
70 89 461647
2 39 47302
70 6 54162
46 20 195125
2 86 497776
10 62 126838
49 62 761475
36 21 740079
55 45 251806
57 73 794142
75 85 719511
86 50 593091
77 19 440507
19 32 835778
87 84 276378
18 29 410567
33 87 673713
60 82 772376
22 63 452603
26 36 216162
24 43 591521
41 46 517057
59 81 599579
13 77 263802
4 39 819068
34 44 379004
11 64 143996
43 9 212662
35 26 775413
76 43 975681
78 56 104154
34 52 911400
42 36 250974
60 33 967801
45 36 524809
25 30 21992
15 8 103116
76 60 219033
18 73 416768
55 4 64055
2 35 293764
70 17 231433
2 72 209393
45 76 494749
72 43 731239
87 41 295850
40 53 875961
53 86 618813
51 49 600012
51 58 674896
68 5 718349
20 80 879913
41 40 319241
55 15 82094
64 85 675188
43 40 792253
0 89 321116
23 25 130758
85 88 320095
34 75 352113
71 30 858455
61 31 141836
32 74 197909
76 87 159371
86 85 758703
60 23 270796
78 8 661896
80 28 495045
60 14 949342
36 16 69946
80 56 337022
14 16 468547
21 0 825093
37 36 456907
29 10 383030
59 76 39105
54 83 608952
31 86 22688
72 13 686172
41 89 161414
4 73 597727
3 15 819660
14 70 740411
2 52 136572
12 26 617983
36 73 50997
54 19 417212
36 6 611716
44 76 512183
50 47 754731
68 79 391499
64 60 356729
2 74 320793
13 81 539937
81 76 133292
8 57 409491
4 67 181325
13 50 808209
40 67 776211
26 78 717594
22 82 80364
54 72 77732
64 19 773987
76 74 39979
70 27 525032
28 43 292562
4 21 777272
20 69 248927
28 6 242408
61 88 598683
50 15 339726
29 62 623526
32 20 809279
0 62 772690
78 7 87162
5 9 776035
70 71 968709
24 64 760693
32 81 671127
13 88 40552
2 23 899487
71 50 105626
61 53 44985
26 88 779821
61 72 229070
68 21 420312
8 83 218112
44 86 741328
20 22 781901
10 0 287721
44 15 637558
62 8 352983
54 5 31121
50 44 136762
24 49 954354
81 46 175717
17 74 665053
78 44 201045
15 43 175488
44 45 743090
31 35 67379
10 81 586101
22 76 224930
12 63 818744
50 7 982919
40 12 555249
31 74 813251
59 13 538574
53 62 245465
38 68 143843
20 52 399079
56 24 120662
67 83 319591
86 46 610425
21 71 218145
86 81 29732
46 77 619375
31 32 592763
87 89 881373
21 87 619128
38 69 882267
64 74 546250
34 53 76575
70 38 304806
86 23 376976
56 52 377547
52 74 228413
4 68 163073
87 60 442302
41 28 7302
4 2 592739
48 27 299579
6 82 901655
39 32 296732
75 35 808500
61 79 560209
20 0 306986
17 73 464479
65 9 343994
69 19 324606
28 74 192066
5 32 898332
75 79 852044
53 3 251334
72 7 710091
65 68 501448
27 30 107693
58 22 131268
48 41 94336
84 12 205737
16 22 158209
17 14 701154
64 86 933480
14 82 470589
85 38 29067
74 60 314720
45 62 50403
20 34 131228
9 20 451816
64 42 416009
42 25 289405
6 56 5016
17 11 344763
70 3 292850
84 5 179266
80 38 155569
2 60 535822
36 60 866462
12 51 423952
31 44 119178
88 24 557585
51 15 663823
66 42 822092
12 45 502716
29 27 190109
29 0 526798
61 62 723847
8 21 549178
85 47 20990
80 73 677498
81 25 263813
49 46 921441
77 14 86404
20 23 36855
67 56 397684
69 44 605262
22 40 685236
15 79 586640
62 7 698759
31 42 671913
7 83 570041
80 47 384266
85 66 354785
54 2 418799
25 39 920789
48 56 610548
3 85 464329
1 59 373331
68 0 992015
8 47 439432
20 86 111883
15 4 434142
23 34 314932
33 42 121045
77 59 43889
5 43 823831
55 77 931850
47 48 653012
36 10 403223
38 28 163543
18 81 358354
8 64 370315
43 44 598023
39 44 562116
45 13 348464
47 44 196718
31 22 334064
6 81 792537
23 77 329384
58 74 848900
10 30 476434
62 52 331483
51 6 959137
16 66 434909
88 19 616573
86 19 536315
58 39 933980
55 11 836793
4 50 981384
40 88 175210
42 47 3906
15 7 748475
0 80 870883
79 36 18950
11 51 845625
73 71 511392
81 11 436519
16 80 995371
9 72 221047
41 61 644161
43 84 914619
35 61 653871
16 40 259030
2 11 928119
10 79 43237
1 67 77672
66 64 568089
72 4 688560
13 65 91970
31 3 163817
42 9 341753
80 61 901426
89 52 999336
4 17 326232
62 46 560984
66 62 878893
14 23 267462
68 55 411278
86 59 428797
2 68 201216
28 89 167778
43 77 967178
21 89 388320
42 83 913294
1 63 918307
56 29 48892
77 71 300081
53 44 421455
70 16 963224
15 48 338582
49 86 349559
12 34 323013
24 4 253065
49 30 290948
59 56 21347
56 65 55841
44 70 276602
79 82 605325
87 52 559663
39 26 36664
8 2 855146
46 83 166430
19 7 916922
55 12 638640
10 35 984646
57 1 51052
15 11 532300
70 62 494148
9 67 649832
83 45 179442
78 64 808184
58 85 256877
81 12 40147
6 31 543555
71 56 351630
83 82 540642
29 70 994324
18 46 126950
27 85 531490
36 58 175401
46 56 561023
33 8 448120
85 13 699791
42 49 315283
33 14 134220
24 6 984006
82 17 15532
4 11 474807
4 41 52007
30 87 993400
9 62 415008
18 14 210956
73 31 848304
5 66 460051
82 2 33641
11 88 337607
10 57 38528
38 8 508674
30 7 334191
79 62 617360
66 2 936674
89 54 730124
42 72 994873
50 89 880347
59 52 335457
23 89 84477
38 5 308522
80 67 303160
35 44 810071
25 60 877537
41 5 377604
62 55 858199
8 68 154041
75 18 499314
76 35 958571
2 1 122343
74 54 76443
55 24 786783
83 62 597523
27 40 170080
21 2 591077
50 57 492594
78 25 204661
9 83 773416
7 77 199882
58 24 74145
0 9 241034
30 67 634862
84 61 362986
23 29 231273
23 10 171021
89 22 111993
17 53 647844
30 58 894463
53 66 607274
59 51 185270
5 85 952841
33 34 854779
73 39 97735
9 11 779215
56 58 564509
73 48 458387
3 46 258615
78 70 182885
41 32 372657
41 82 195318
79 22 158960
53 9 955413
50 85 497597
23 74 560705
27 47 524822
62 59 645657
77 36 585590
28 64 174696
53 21 27736
24 75 7182
2 13 624714
13 15 835698
50 6 500302
36 20 852428
12 75 520362
5 89 47452
62 38 439819
36 8 45704
0 64 47762
73 56 576045
59 0 449502
54 58 717507
84 18 206274
74 55 450365
54 69 762143
44 55 182117
21 12 966266
66 35 835434
51 43 130958
27 3 821792
12 5 650610
16 34 386797
16 86 668127
0 71 290061
33 85 846647
80 8 269815
15 75 57714
7 12 774094
39 68 18220
22 72 23570
28 48 591926
69 76 533368
12 85 251099
51 48 54519
89 17 477647
82 70 817619
0 22 203724
70 20 516184
55 17 308094
35 24 495181
8 34 947858
84 53 293292
55 57 534899
19 48 434567
10 27 26112
19 27 283362
86 10 524517
15 56 197763
28 34 378189
52 63 433203
86 82 691118
53 54 644343
87 51 926743
18 50 262132
15 80 5354
37 69 387213
79 31 304444
45 37 293627
65 36 676642
21 70 405892
68 85 452279
12 27 678910
39 6 955158
88 35 570874
2 10 736238
76 40 444848
8 65 390866
30 82 167970
40 33 274736
63 8 326770
60 28 482211
88 32 657454
27 37 38207
76 16 521102
38 24 652050
0 32 536399
68 82 789978
52 72 605324
42 2 224386
69 61 394252
68 9 508146
28 36 97186
26 30 511722
33 30 938067
46 55 144267
29 21 125520
50 23 227179
75 5 343247
85 11 832397
59 39 549806
61 13 106373
2 22 541501
3 81 657907
71 64 167343
56 88 435349
76 15 565768
75 47 15798
56 10 98174
69 0 721569
83 11 496381
2 14 806702
22 70 461503
76 58 681002
43 4 596049
79 5 71100
53 33 300270
5 80 217071
80 17 955028
63 6 91603
56 84 652687
13 32 892523
15 38 362057
28 81 911264
87 81 299878
9 88 618762
73 58 797971
78 27 94607
82 0 470813
71 41 963629
36 7 385790
89 76 377382
80 81 743926
4 71 117269
85 39 415490
50 82 371139
47 28 565340
8 74 496096
6 88 241132
74 89 482157
69 12 562170
5 59 568044
19 53 938961
7 27 440856
42 22 109642
37 85 956419
85 60 78268
70 24 14735
63 77 564115
72 70 779121
14 49 768695
63 57 756394
75 67 508655
23 82 454817
24 66 413877
6 61 960040
20 65 136176
19 22 795723
42 45 796018
72 55 572152
36 35 297845
49 18 634263
78 23 650350
55 37 258880
8 82 931020
53 10 427156
47 45 483357
3 24 216115
56 55 283716
59 31 861007
50 46 53389
24 21 564905
28 31 195593
43 48 539746
17 76 372220
9 71 331780
19 14 115710
62 82 75617
12 61 208916
63 42 580390
17 38 406515
22 14 283355
15 68 204790
43 13 215228
0 44 843241
0 61 723413
66 89 372151
15 36 654962
58 68 810391
52 53 956313
69 7 183238
40 68 226363
3 54 420606
21 10 504545
5 70 994101
8 76 641580
80 39 401858
76 62 53445
49 29 440419
4 66 744229
31 64 336904
78 84 534584
17 49 653966
65 89 299971
30 12 143414
77 78 695915
9 30 29470
78 88 697338
56 11 651814
23 73 329887
11 59 150634
5 60 729775
73 35 163980
65 47 420865
56 74 7299
61 7 238413
25 17 932564
10 65 994571
16 54 975559
14 26 597162
51 29 21443
52 7 475045
29 76 813522
16 0 491128
4 8 270962
18 15 369859
15 26 998971
44 27 927055
41 44 796627
29 61 943089
89 73 974836
35 40 142079
26 6 541453
29 25 641807
29 45 949504
78 11 168557
21 80 842587
27 80 459723
82 43 520493
7 29 194408
67 60 166337
86 67 557178
53 72 402293
88 87 424890
40 51 848984
70 73 999742
83 26 417693
28 24 120094
74 38 704368
44 74 526208
34 56 488882
19 73 578933
86 75 44125
34 9 199773
51 16 670686
19 61 381028
65 32 757
76 5 121107
21 60 785640
32 62 543590
35 80 744975
66 47 837834
35 16 348437
0 67 752476
56 64 117548
31 26 873776
51 34 147936
52 49 991224
6 55 820678
67 43 167649
64 59 100526
25 54 156768
36 12 501829
15 88 174182
22 74 8738
78 12 668835
37 3 520611
28 56 82597
17 12 595512
42 71 714348
35 74 576273
20 31 879863
6 13 284415
52 31 707587
25 50 437936
1 23 756920
31 82 376291
13 1 364828
49 65 833637
4 42 455485
87 26 876356
61 70 881755
69 42 169140
44 66 829873
74 85 733248
62 26 679814
3 5 512081
54 77 442378
46 66 139017
81 79 564544
15 42 297193
73 38 895955
83 48 451323
65 2 462680
76 68 2651
35 85 122494
57 48 65336
50 16 948285
81 40 278839
57 33 520471
31 77 864453
29 54 915812
74 4 350224
23 52 927444
80 43 288041
52 75 669854
8 28 460879
37 11 875417
68 81 934899
60 86 541891
71 78 505413
66 87 11056
23 3 586854
22 44 958648
22 13 231021
47 32 124127
89 10 473502
14 54 572077
67 21 270256
78 62 87869
35 43 487474
15 1 326399
19 9 576365
1 47 6978
22 62 245799
29 47 471130
4 58 764962
32 51 28138
34 40 343260
46 4 580119
24 84 603153
89 13 689987
9 58 17581
20 18 21713
72 3 589393
81 23 562047
10 76 483506
0 78 245793
89 40 42770
58 43 515121
77 60 231885
85 29 167102
83 15 392725
60 31 119814
82 13 6506
59 69 730231
54 22 856411
83 49 388937
36 67 266457
88 66 440521
16 37 494432
27 26 437070
19 87 813055
45 63 348241
37 35 77503
3 48 411091
50 17 655678
52 9 89654
83 78 392002
78 48 117522
52 54 34160
74 24 525843
86 57 809296
49 5 938884
75 66 235728
31 87 190099
40 52 892761
85 31 356729
18 1 627045
45 52 520122
54 78 444969
30 23 900709
67 20 546966
52 77 40663
26 85 852320
54 87 983885
87 5 899238
58 52 947805
7 80 691883
46 68 310241
2 88 373183
42 0 425402
87 56 410512
14 51 286689
87 53 351733
67 76 584022
1 26 836757
53 63 68019
48 58 675469
49 33 117898
46 88 702545
81 41 703019
88 75 466841
8 77 740981
10 41 617070
26 55 143876
13 16 598022
22 32 17191
16 56 912180
39 75 663094
27 38 542838
30 52 776413
71 5 938133
29 9 893262
8 51 254830
87 6 278156
10 17 232696
43 1 772851
63 21 905881
23 57 132116
74 7 201759
0 19 320539
34 54 720734
73 55 707081
11 36 310815
29 36 403931
4 86 774381
9 27 209624
12 53 749170
29 48 984215
64 81 481028
58 23 941201
21 35 167737
56 32 110969
11 54 404106
54 68 350437
20 14 251496
59 12 915197
43 26 641375
18 38 521261
55 21 145219
46 54 728711
1 8 859773
42 13 333461
12 77 264936
17 33 718966
17 59 604751
7 59 214911
61 30 23994
51 60 614228
42 56 203820
27 66 467962
8 0 265590
40 71 551303
65 81 558787
50 21 13768
84 15 537211
45 82 379342
80 66 959243
37 89 231964
34 26 324270
16 39 891996
13 23 448790
62 89 17036
52 47 717343
54 27 643883
27 64 362538
44 83 790135
16 55 3537
86 58 671020
16 65 171920
3 25 974014
18 48 484624
23 36 860258
26 71 689951
87 38 499013
38 76 694271
70 40 627499
75 21 176075
43 74 835599
0 11 234259
81 85 287007
47 4 310802
39 87 228785
66 72 812168
13 8 673683
20 88 291269
13 37 846099
88 10 686828
60 11 923256
48 68 418160
8 6 463304
62 25 553363
51 56 639597
81 61 593811
55 41 209481
49 72 435748
88 74 141973
39 55 634164
76 82 422938
71 8 608670
74 0 251168
55 64 349629
32 35 359298
35 14 427639
59 78 262678
62 47 634331
43 37 917436
66 82 288149
40 44 461231
32 54 429529
35 54 516671
33 26 45528
49 34 509191
40 19 873319
35 65 246237
32 76 273110
58 38 928802
47 69 891631
12 47 439772
66 12 155745
57 38 889490
86 29 461026
8 12 201539
80 33 478312
61 67 209376
6 69 158577
40 14 333325
82 89 525116
15 66 803487
34 80 243649
39 35 666858
58 44 227870
37 2 353239
87 72 274981
17 79 349173
61 65 141190
66 45 851442
19 24 905124
42 23 146383
87 55 909034
68 11 125473
52 19 348989
76 24 147954
21 77 298052
6 21 721839
72 17 371069
31 70 131718
65 86 872841
69 62 436498
32 61 763909
30 48 72270
77 39 318572
60 49 591891
39 70 574422
12 29 530791
18 7 379956
62 30 773375
81 47 900786
2 85 659163
69 23 46356
75 45 161935
29 24 762556
45 1 19364
72 56 291042
85 78 264615
13 57 641786
87 75 683749
53 67 17606
32 33 40480
66 23 809927
2 38 388756
22 1 772632
59 72 415797
18 45 904307
18 56 790237
43 25 625705
13 47 660061
80 68 193201
24 31 470
34 45 615400
29 67 299944
45 72 400650
14 21 598059
16 17 721851
7 76 327245
89 51 847486
19 8 607568
63 50 487169
25 24 77655
16 20 832381
9 59 751618
31 65 62917
65 79 434697
56 30 985124
11 58 651254
76 80 505065
13 63 564402
55 65 109715
73 50 850430
55 83 461413
35 1 472109
30 84 179472
72 79 119419
39 22 355031
80 88 289846
77 88 299942
31 5 906183
28 45 60405
38 78 929834
4 18 101489
57 47 36335
62 87 511254
49 67 681787
49 50 787722
29 4 213017
15 20 136678
3 58 449524
43 2 348396
44 81 714821
50 80 370911
66 3 485444
36 53 830283
29 66 325260
76 66 779658
43 19 888763
49 28 474936
34 50 474792
40 65 443987
59 75 797121
81 48 399417
18 62 850444
69 78 793219
76 64 914689
54 88 110894
13 12 112470
44 71 186714
17 6 269612
10 33 390697
12 42 425481
83 19 312852
63 7 956648
24 13 708817
15 14 225802
14 5 612720
77 72 832825
17 66 347200
26 70 972615
65 22 357049
18 68 170308
78 74 200221
86 80 750606
59 63 664804
14 53 996418
34 73 728417
72 6 825324
73 11 191621
83 37 548630
18 37 608023
37 6 184798
14 89 503710
21 73 293039
61 16 393596
68 47 839740
52 17 148249
56 77 308628
22 24 269091
33 11 429450
7 57 788744
81 8 932002
86 38 730765
2 17 971394
15 49 961404
50 70 680438
47 26 576920
70 1 654577
47 9 244306
15 81 141134
38 10 901414
85 43 437533
29 38 45586
59 87 847563
14 29 413977
14 47 29564
28 30 480065
46 29 823970
68 14 762233
40 24 380881
26 20 256331
51 82 140704
14 64 489632
70 86 60885
18 3 71059
76 12 176360
29 59 428383
14 8 650934
12 22 623214
2 84 560018
14 80 342115
73 44 640959
7 0 142212
86 40 163334
57 39 165000
5 73 431776
28 69 777398
15 64 606232
52 46 20596
14 50 416084
16 10 142602
88 7 854478
85 59 158862
60 38 11717
81 22 753619
44 11 500333
33 44 947440
20 83 855430
34 57 769176
14 1 773483
8 50 955120
83 1 33266
17 19 428441
47 87 175060
59 49 501681
59 65 543986
24 42 943099
76 23 522710
22 4 153062
47 60 851464
82 71 280174
50 72 60927
54 15 292201
34 62 921515
50 64 128655
11 4 40
48 58 66
69 21 88
46 38 48
52 84 41
54 82 4
24 0 69
41 70 33
39 68 17

