83 744 1
68 64 295436
80 61 869671
56 34 306460
44 78 37637
75 68 979518
65 68 942364
65 54 692343
74 7 771528
40 25 496134
12 43 949385
4 19 144412
8 55 982293
22 10 576740
17 51 829099
36 53 981253
57 18 550345
50 18 718528
16 75 277517
29 81 656788
76 25 128201
68 11 107808
12 4 722163
55 82 41977
3 56 768596
50 52 201987
46 14 282075
26 36 975891
26 8 119824
9 23 668627
53 49 773640
20 67 668146
54 43 160746
45 30 886422
12 28 624577
25 73 307806
34 42 792077
63 29 691821
69 34 734598
39 40 634235
3 40 6689
82 38 861084
11 82 542122
60 54 101702
28 74 106963
15 51 142847
50 71 651057
28 82 289094
60 47 850406
7 32 127008
6 59 799476
75 64 717977
8 30 853841
56 51 395576
13 6 223391
30 53 891631
29 69 889225
21 6 121035
56 66 326501
62 74 987574
1 25 688950
39 30 312678
48 58 646680
78 50 16992
16 66 311564
69 35 138032
57 11 812361
29 51 3652
12 9 639119
58 81 140775
28 9 266049
26 12 152147
61 52 833370
0 8 530415
2 32 665472
41 7 542041
71 64 596481
11 71 439940
77 19 406631
68 61 540213
61 58 903798
17 44 844805
45 79 258034
63 22 614082
52 66 99942
12 18 124091
60 77 99065
77 3 946415
64 39 663381
43 74 938815
7 36 789194
3 42 551978
23 32 239791
25 22 30123
11 22 149175
34 32 216727
18 4 533675
4 79 323333
56 53 820104
64 10 72279
56 62 988280
6 53 890851
78 13 355506
3 35 644468
14 66 978441
1 52 110801
57 47 554550
48 17 995733
30 77 678133
24 43 779199
54 38 262378
74 70 646484
22 18 292853
70 61 558205
22 20 785409
72 56 73388
17 12 199848
49 43 275469
14 52 191605
30 26 807650
51 41 885344
70 31 498363
41 2 712070
48 29 739434
73 26 622557
16 8 511999
43 0 746236
44 26 867893
52 30 806156
38 75 261960
70 9 939989
7 49 900820
15 2 93239
56 76 269192
76 45 9212
78 5 737125
81 38 795154
69 75 37510
68 12 968204
48 41 242432
4 7 23090
77 56 568532
54 34 784336
20 33 254076
62 42 967052
27 65 479801
4 6 719188
43 5 758697
18 40 416848
7 33 988948
4 34 298308
11 55 845779
71 19 86642
1 68 126623
36 23 410157
75 30 815463
57 80 507654
64 48 826793
28 0 757601
63 42 365005
50 51 906840
28 35 765501
7 77 797224
76 47 192296
68 7 576600
79 41 195565
10 0 761937
81 15 211216
73 56 986235
32 51 449896
57 66 470535
4 51 404905
81 56 987786
49 2 750458
17 32 959810
48 38 963300
53 16 717492
79 50 706813
76 58 975038
53 78 904642
8 42 498090
77 71 616451
19 44 583383
62 30 346546
24 44 426329
51 54 379403
39 77 35249
72 16 426629
27 26 147567
50 35 377165
30 29 912095
71 42 783252
28 55 742740
53 24 496764
15 5 861152
58 41 242826
75 66 895972
38 20 4477
75 26 983550
62 19 634579
18 0 22033
64 20 367937
65 34 389770
70 73 461240
15 23 439440
18 45 567018
43 14 212298
71 53 193309
69 44 272403
81 70 666399
41 10 202327
33 60 352386
55 69 691542
35 67 106266
82 4 640996
9 32 390376
80 37 523201
15 9 215061
47 72 459935
55 32 848261
58 67 569468
1 45 443519
34 75 993551
21 0 591722
27 31 243168
24 38 70304
23 8 456136
36 43 533422
47 9 447874
40 77 827812
81 69 116328
17 23 602182
73 13 342347
12 25 510913
1 69 918416
6 32 58424
52 34 420538
63 65 464213
19 45 560781
64 44 188160
3 16 5502
62 51 290236
25 3 122698
1 3 88166
30 50 895144
29 40 343324
73 78 550268
79 12 957219
34 50 74245
70 77 600755
2 18 454323
6 26 529760
5 0 760949
79 38 520611
16 30 83536
44 3 453146
61 25 728776
52 18 281224
9 24 95024
51 11 467095
44 49 107596
10 73 700042
60 62 546865
28 25 478977
58 45 521083
67 31 318341
73 22 595174
68 79 240334
7 65 608381
48 72 912551
13 79 345581
6 51 992122
53 32 135320
52 19 110070
9 43 433601
58 4 55449
74 64 321157
78 39 571331
40 53 781534
13 81 818156
34 78 800955
23 57 34067
32 62 94981
53 59 103522
46 43 710449
76 67 78632
67 80 191285
3 57 412760
61 73 75298
60 68 955425
14 55 340239
80 30 875195
8 62 67742
9 25 143422
2 4 960641
71 10 451386
30 23 270723
2 29 99934
7 15 350865
13 50 803409
30 35 641183
59 41 299560
56 68 609274
24 71 888022
65 16 19539
15 4 214555
74 45 207044
78 67 829574
22 56 521467
16 29 363711
8 4 408961
47 39 924195
7 39 902568
15 8 282023
14 82 30243
52 67 179155
6 61 719365
21 70 765096
52 37 349737
40 24 978469
64 50 89344
53 18 275116
69 11 608293
65 55 868721
39 9 216935
32 19 484045
78 2 256273
27 17 454418
17 22 590122
71 79 210289
9 30 429864
80 5 739457
61 77 491464
77 24 280470
77 5 187544
79 37 964313
79 64 472388
34 24 289425
61 10 113257
73 82 116410
24 35 960253
1 18 66494
56 64 556607
29 26 745359
16 82 754754
40 8 277649
77 57 457873
37 2 274664
27 73 132337
16 4 38792
14 56 531820
7 67 696120
55 18 283697
9 34 632035
76 38 263710
57 75 356575
71 16 252036
69 46 574403
22 82 300420
28 53 192448
16 41 827215
36 28 276511
21 55 201206
71 15 729042
34 13 871394
26 34 552843
47 38 464454
50 24 846210
35 11 898022
37 59 949088
75 77 849876
42 82 619106
18 77 648133
75 28 686953
4 14 218816
36 47 672728
82 40 372957
29 53 281359
28 48 705956
56 7 66885
81 53 789052
31 76 656311
75 22 520281
42 75 962945
67 1 297734
55 75 303686
11 50 135412
15 74 282813
76 49 396417
47 44 359251
38 3 415918
77 76 618225
42 28 448454
7 82 358506
33 13 921663
50 42 17565
37 20 459257
43 75 687527
1 63 947480
60 69 135817
6 54 111234
71 0 490104
72 71 553546
52 71 951158
75 46 442859
1 47 954205
4 73 628676
20 15 480905
40 81 935605
40 38 128816
57 72 879182
60 76 255188
45 5 474206
51 26 831826
55 5 824170
17 59 897572
76 63 356470
27 54 39873
55 46 85059
55 6 407002
4 67 656865
36 1 45489
57 49 949698
29 54 579815
77 9 850126
78 60 749932
57 17 770894
36 59 481759
82 53 211344
9 82 568049
63 52 603506
0 50 392897
70 78 875018
76 15 425691
15 57 549372
61 42 709481
69 39 545459
48 39 619379
51 36 578593
54 75 53482
78 54 965763
35 20 948918
12 38 741979
20 49 86091
41 66 818063
42 59 636430
59 43 725795
13 77 711765
30 3 233538
1 48 811623
80 22 307745
14 80 520784
32 81 266642
8 25 97187
67 45 891733
51 76 217351
63 6 947071
9 44 967038
3 31 520293
73 80 703267
69 51 676446
71 9 948835
55 25 885322
42 23 394637
17 55 386182
56 58 845386
0 49 694870
21 82 242085
21 61 163814
72 60 952405
52 78 507246
37 74 697106
79 14 207471
53 69 604471
49 45 608689
39 29 933762
30 56 439296
79 25 705626
12 63 242825
42 45 190040
68 0 138742
57 5 73699
28 19 597591
78 77 396832
63 67 850417
20 53 885598
25 52 939863
72 37 64737
2 14 284969
12 47 736215
43 13 808465
19 15 146591
17 8 332707
66 62 450697
4 11 220775
8 68 826692
63 33 252406
6 9 951069
34 31 989047
43 22 224948
26 38 607339
79 36 902932
43 65 845373
13 44 177970
22 36 548303
38 51 332999
46 35 619889
2 65 617271
26 3 91477
48 53 232781
68 48 981824
53 15 797957
31 72 412101
61 74 124792
80 49 415758
25 49 545833
66 27 621243
33 59 769255
61 16 278066
72 15 322596
70 60 685668
78 25 114344
14 23 678474
56 38 413130
48 7 560089
70 46 737281
14 57 610481
20 44 267437
37 65 31694
9 55 470851
26 65 392607
45 36 108528
40 54 560899
43 10 352199
5 72 217319
73 62 43483
45 43 926997
61 81 774303
59 65 80930
76 3 295349
10 52 223053
12 55 424596
55 33 320745
22 58 78587
14 58 531276
69 17 51842
70 55 987375
77 80 478382
29 74 514236
80 26 978775
6 24 323179
47 48 120778
0 81 132859
43 62 366834
66 81 695713
27 4 204625
3 11 138458
3 8 998085
35 14 339035
59 52 920212
30 57 65635
47 32 423707
13 17 11739
25 64 623536
38 32 373285
59 31 718772
62 77 107669
66 39 498129
3 47 399747
19 30 994945
37 46 647117
42 78 549053
75 21 690417
49 42 280749
2 11 564398
68 76 980788
73 33 839758
17 15 53391
75 8 676971
47 4 479165
70 50 643221
59 27 640265
18 27 742371
16 17 60197
38 44 461826
21 57 198207
60 22 353218
8 10 660827
43 3 921425
45 20 968941
36 57 588231
49 77 844890
71 8 290882
26 9 822383
70 22 66576
60 40 851929
12 39 82767
69 79 978576
0 13 848997
16 76 676607
10 68 671321
31 60 488446
55 49 825766
15 58 971836
78 19 264555
1 57 982430
48 78 198295
79 42 13939
22 3 266481
72 62 660263
59 76 196013
35 1 708229
1 73 158997
17 36 764088
33 56 993952
57 12 244649
60 18 759404
44 30 424962
30 31 504847
27 11 458129
1 71 778818
68 67 444225
35 26 559190
52 39 59528
75 81 832953
59 54 136852
32 33 124111
19 42 241758
63 70 527548
81 52 801246
41 68 787054
38 59 376186
25 56 307752
44 70 818703
19 1 569137
74 12 122795
2 23 972997
80 21 670309
48 25 727372
19 7 427398
61 18 683572
57 8 262249
45 60 944981
26 61 127032
13 40 602618
71 30 581560
31 74 55213
50 10 628067
48 4 488887
65 5 487220
7 62 28738
8 69 228951
59 68 928992
68 13 931607
17 53 725919
39 27 858400
81 9 543821
15 54 536684
15 67 389312
75 11 970853
40 45 726869
22 67 236476
6 71 414192
65 74 40356
41 71 74035
4 32 670885
69 14 971896
27 44 426893
59 21 567506
61 37 178052
65 17 353035
82 43 589065
16 18 274211
50 7 176730
51 66 465796
74 69 768529
28 3 177520
34 20 18099
44 62 401944
5 48 995861
38 2 373720
81 28 530353
31 81 342959
74 49 319517
34 59 799333
37 30 143565
69 80 833990
64 43 124117
60 63 292451
13 63 570281
37 15 439172
3 12 106641
29 28 631753
33 29 411139
68 18 380480
74 3 690099
36 19 279976
76 48 247561
34 68 555176
11 8 705037
62 10 989936
25 62 197527
34 38 351610
9 36 407854
52 47 97375
25 54 140349
34 28 755320
53 35 623491
55 38 633659
35 5 244342
58 1 393378
78 51 445504
73 49 612807
15 18 323562
61 29 764978
70 11 599175
31 33 753921
32 63 953797
77 17 743894
70 48 865423
6 44 288055
68 21 487940
53 14 125631
76 2 61479
13 57 512764
5 61 655280
37 0 468895
52 33 327938
80 79 373555
61 82 712888
48 12 973837
82 52 758279
45 14 569529
56 1 177136
6 57 546849
30 64 717394
14 61 387064
59 75 986938
30 43 337396
80 53 719578
42 44 13722
73 20 817797
5 11 672012
67 19 854090
54 53 177229
8 22 17

