73 222 8
46 64 181669
36 68 548517
28 2 215149
46 4 641040
36 58 31282
3 57 709355
37 72 888016
16 5 218761
24 56 818263
62 33 621001
51 28 240309
14 18 530943
67 35 785219
32 2 896408
44 4 532559
4 62 228395
66 44 735503
19 21 228277
40 26 944720
30 15 545471
16 55 141092
4 11 347888
3 25 645321
72 24 63804
70 32 284241
17 41 210104
53 69 657143
6 47 953715
39 7 898018
47 29 563865
7 29 906344
19 34 129237
21 68 488640
58 22 473575
26 0 442267
2 50 702626
33 16 59385
64 41 136085
35 32 514825
3 56 154045
69 47 115122
57 62 973387
70 6 77574
41 28 509165
60 42 537333
1 7 561767
54 35 561673
31 33 512599
68 26 393956
66 55 579134
11 10 564683
57 66 564294
58 20 575549
10 4 261280
42 55 833545
50 4 887570
34 18 883430
24 70 941173
55 37 160350
64 22 640506
27 21 236278
71 41 318872
19 7 431878
5 31 794915
27 13 56546
53 5 843960
6 31 614588
4 43 549209
39 16 523772
41 11 104222
22 36 404492
5 64 154253
47 26 217668
31 34 221495
21 23 450046
17 9 871640
51 31 304628
27 18 665783
68 40 385305
15 63 326586
22 39 559673
54 41 981643
15 5 996854
47 18 981440
28 25 718118
10 50 178471
67 3 377975
62 55 228663
45 21 180207
49 8 750439
32 16 180713
36 32 642710
30 53 348166
47 71 822893
49 53 366909
46 26 871596
65 26 745162
69 34 212054
14 72 881674
71 60 221296
27 38 956560
13 51 413783
25 5 240455
3 0 2439
37 4 707751
66 30 536154
71 17 701909
51 7 842763
9 46 707765
2 7 634303
21 15 372677
38 28 890230
24 34 411586
68 23 144534
58 43 950697
47 40 789993
66 22 961469
61 20 379687
49 41 244619
42 58 492470
70 17 554093
67 66 211942
30 4 44270
47 36 30598
0 13 57825
49 5 647048
52 70 475806
24 51 933739
6 12 483720
37 50 745690
44 72 843101
35 38 766105
1 22 973098
11 65 508992
36 34 236253
42 6 483275
37 18 581932
22 14 429492
11 28 410959
68 32 743975
34 22 793693
47 3 744121
21 61 918139
12 55 178493
34 64 865947
42 37 741023
41 56 468857
5 55 523772
60 61 30054
21 50 152134
70 34 842248
4 60 327708
27 69 822875
70 15 715517
60 2 354341
71 54 834372
50 61 905896
8 29 776119
49 70 512200
50 39 949591
55 17 570425
21 67 196787
42 16 186132
17 33 502388
28 30 878683
14 57 585894
21 18 367530
43 40 414923
44 51 126845
54 66 697043
35 63 658459
52 17 778488
45 51 585625
33 39 730077
59 15 681989
21 7 769099
19 27 941362
49 55 885769
49 13 301408
71 62 935769
37 47 529988
8 51 977145
10 67 652834
27 8 65670
19 71 78540
26 51 503747
9 4 816098
29 2 225247
14 60 986874
64 48 74829
63 47 415823
4 69 192091
60 44 637751
68 57 475032
18 60 630661
33 42 83087
54 57 599370
67 56 535915
37 16 892262
8 13 307287
49 69 429292
44 3 835775
31 45 940015
52 14 1247
49 66 397876
1 55 722557
54 49 673619
1 15 328740
72 16 376395
32 52 942999
0 54 728554
10 46 411007
6 68 735008
39 5 313388
51 6 162264
64 10 870167
53 35 309801
34 21 482283
2 55 528412
69 38 409002
6 4 88463
41 63 746784
55 12 3
63 41 62
20 58 27
2 51 42
12 43 51
68 38 36
15 26 52
42 19 16

