90 1006 12
25 35 748324
19 36 496145
12 4 738346
39 48 107647
42 84 11805
59 67 38336
4 61 251174
77 56 213091
83 21 491141
55 53 895661
82 3 853320
9 12 962773
10 55 745251
16 55 497424
31 17 357605
55 34 322615
64 61 107021
56 50 439037
25 16 496501
52 57 272903
76 62 509501
40 89 120436
85 7 690802
65 79 300997
53 23 974552
1 27 33095
76 59 105872
35 68 134352
28 63 624761
55 86 221572
40 32 539143
54 48 376470
23 64 149568
62 47 972569
21 35 953077
8 34 3429
67 63 610202
87 36 890529
68 37 2951
38 70 7226
70 0 23465
79 24 630996
66 23 723205
88 49 415459
87 85 588183
4 28 510980
43 49 740973
37 47 57653
32 30 853999
5 6 169544
62 25 590294
16 62 484134
59 6 727148
77 14 103661
45 76 709909
35 83 513505
52 5 158732
24 49 258758
59 48 549180
24 83 320649
33 70 977683
23 77 409041
63 6 31621
50 60 68390
36 41 408460
81 3 225005
11 83 788915
21 27 270078
9 79 650779
3 73 364135
45 61 819007
11 35 820274
47 46 100675
31 8 240607
25 65 809876
43 74 343402
19 77 927386
37 59 352772
2 56 50905
53 68 426578
12 18 306758
6 31 551205
52 11 664210
18 13 772681
51 35 946168
69 80 699143
59 28 103027
34 63 53294
58 10 49851
67 74 549068
79 63 413602
60 55 347056
21 75 176421
5 83 373346
42 53 692664
61 12 985872
52 9 586004
19 13 852534
41 76 556117
58 34 481457
15 48 251248
20 14 809064
3 46 367228
36 21 421218
42 44 490807
57 70 731687
64 85 322975
61 52 2420
33 60 114600
62 82 536274
88 61 904697
69 18 988528
20 4 201715
45 41 963351
62 5 261051
72 63 656090
84 60 500047
15 24 962000
83 30 891120
37 15 315669
41 18 116633
78 76 518315
15 46 82319
42 48 927760
10 43 379245
1 61 555723
60 3 264606
73 18 278121
80 37 577005
20 31 227027
43 21 841483
0 34 273814
35 42 972815
69 64 534254
37 41 776315
30 14 307055
43 28 18738
45 6 80100
0 37 899964
67 41 490557
19 70 254672
30 44 58387
86 57 731598
52 49 551447
74 77 229346
87 60 394479
15 67 983263
3 86 705746
89 14 157157
1 62 792747
31 37 448769
38 32 204169
83 59 505556
49 10 672303
26 74 392444
0 82 321817
59 89 897282
75 62 382382
19 47 888752
35 52 362363
23 12 955007
16 14 83956
67 61 557403
25 88 792220
76 42 213918
82 60 806593
33 54 753925
6 78 707605
57 42 897948
4 64 17756
36 30 707974
17 23 109603
51 5 438188
69 11 425889
8 3 633730
37 39 353451
19 73 834457
83 68 375650
81 42 697712
11 61 110263
2 72 274711
44 21 750316
71 40 457604
71 83 416789
7 48 960446
3 40 91407
81 9 345162
67 66 237759
52 46 927076
65 7 725334
64 29 479232
14 23 91190
73 24 692140
18 66 400351
55 61 559952
85 9 836322
24 68 182155
77 44 830706
39 33 425262
56 82 768800
38 48 388704
76 80 391468
71 11 519757
9 53 722434
75 50 579477
35 44 896462
80 83 303275
62 10 500045
11 20 616013
57 16 168047
66 16 308768
38 72 647549
18 31 720162
34 84 195602
20 0 672968
38 79 23168
70 16 754892
71 39 807537
22 19 995157
54 17 408435
26 80 877172
12 63 51268
17 86 565183
18 57 501222
28 54 919789
21 6 64052
23 71 109949
30 82 680306
60 45 239722
70 35 412041
53 69 153074
15 47 999826
17 57 195943
25 29 772332
16 39 537694
23 26 441672
74 18 891369
7 89 223648
56 17 566927
7 82 914445
88 80 874301
51 55 72892
16 69 981750
21 55 836913
2 53 769836
17 72 889210
37 75 668748
61 27 96848
62 42 580177
22 63 235527
65 23 693994
47 4 362645
5 0 795204
82 87 88026
21 72 349677
19 6 35073
87 40 275448
9 80 720423
37 38 452794
30 51 518318
4 29 961321
15 83 109052
88 47 428308
34 20 109407
2 67 408618
3 9 334036
20 30 140078
45 79 658983
42 51 166874
56 74 53748
13 58 542264
60 78 384151
40 34 89225
22 77 827709
11 30 574247
9 18 841804
17 44 86110
36 57 781892
68 39 253132
83 89 666542
39 57 343756
10 54 908349
31 32 923889
6 34 337311
37 36 153550
24 63 556537
86 83 865772
8 14 607156
48 80 400917
89 60 970820
64 31 304363
22 40 310329
65 88 88225
34 5 703137
86 69 729504
54 8 252368
22 12 420222
39 10 402739
38 19 948549
88 76 839759
33 69 962561
39 70 954697
5 33 729449
27 6 110507
7 83 576308
65 29 132035
47 50 604707
28 15 210889
24 89 429469
85 5 477293
1 71 985847
29 8 974783
63 23 129503
43 14 713401
85 81 411227
86 4 407048
58 36 982560
0 29 154581
62 18 247674
22 29 517291
1 77 960766
41 24 50085
40 46 666812
81 10 970329
48 44 970834
36 39 39747
44 56 165157
19 64 258834
72 48 306875
2 37 243056
51 86 424416
85 29 85876
60 36 181550
4 88 358797
36 59 679319
14 35 967013
87 70 361090
86 1 892195
37 26 992011
12 32 445768
36 27 538803
10 31 118799
87 52 866745
54 22 125886
62 79 532010
86 48 694418
55 7 748945
60 53 950605
22 65 750558
20 27 28591
43 11 872888
41 14 165371
21 34 249383
86 31 409630
8 26 222617
65 81 583699
8 44 334677
57 76 507439
42 87 588386
86 71 513971
78 29 128442
74 83 545032
30 6 593213
39 3 792155
8 2 835693
20 38 845211
72 9 405273
87 15 321578
13 8 438223
16 35 236400
37 57 968733
17 42 546063
34 61 747259
30 66 828462
14 2 8891
47 16 929367
83 67 190130
35 89 578172
25 6 994083
38 57 762811
52 89 114990
5 84 26422
77 38 777736
36 76 809733
18 27 370299
11 18 243296
82 16 909180
46 13 734007
5 58 68224
69 10 845258
86 29 154539
71 63 187926
84 59 930041
24 19 16577
15 42 774483
38 31 322163
67 48 250226
10 64 102635
87 17 956257
74 21 561818
72 30 279466
29 44 496369
82 78 671249
5 53 803461
88 33 168076
5 8 369226
70 88 751274
46 0 229523
17 40 825192
18 76 268908
13 55 971580
11 78 772983
10 0 942425
55 24 335523
22 64 72379
73 10 880757
63 46 847639
82 39 674474
46 69 791695
19 84 625920
8 78 391781
53 58 155344
60 52 298926
38 64 267526
26 54 371085
71 41 666048
50 26 36415
58 8 92215
13 52 108947
26 45 464121
45 55 854036
65 74 826207
26 76 108444
71 68 142688
81 47 608166
88 17 648578
46 66 937815
21 66 119332
30 25 522878
66 9 161630
53 33 143783
79 4 590409
21 73 373199
74 30 710295
19 80 873184
65 18 906038
76 12 477640
59 7 442549
3 74 957081
18 4 456168
43 60 209103
31 54 4698
32 69 934044
1 21 814604
7 46 772078
32 19 907406
39 24 438785
12 73 717181
86 52 623350
28 89 499882
69 60 976951
43 19 666567
70 72 230994
7 19 991545
44 26 777718
69 8 591718
50 86 542968
35 33 716241
17 32 462062
82 9 113674
76 21 139433
44 51 838883
54 80 285621
31 63 311469
82 57 435123
35 23 569963
69 62 829618
69 76 741019
8 40 99238
4 57 416827
41 80 559802
51 79 265317
10 20 843462
36 4 420369
43 62 718889
86 11 295119
18 22 215834
23 18 64955
34 42 816833
7 34 389283
16 19 739220
25 41 204889
16 84 903407
80 29 390162
50 68 344090
40 31 706554
13 9 458043
19 0 915224
84 64 959142
66 54 872043
67 60 125376
78 35 577489
63 87 208299
87 8 449617
79 7 776763
65 28 518954
66 25 765243
13 86 156326
1 32 796232
63 29 68
75 66 415040
38 15 368692
59 22 486921
69 6 838407
37 19 906492
74 86 493742
29 87 107068
33 50 141684
45 13 405370
43 75 523228
16 83 580233
3 72 761897
60 30 141550
26 14 952609
72 87 649711
54 84 513802
25 37 563474
86 61 421873
87 35 678265
87 28 699624
64 80 95160
89 86 522814
62 63 504465
85 16 142351
62 66 559707
83 72 957289
2 4 957316
50 54 688358
38 34 588777
17 61 865201
45 64 531810
76 50 761704
82 71 169093
16 54 420596
72 42 23183
60 6 382269
68 81 19164
50 25 901455
68 48 278122
1 18 332167
42 83 430087
4 78 275012
37 56 959298
5 24 305851
17 10 46597
66 58 390683
4 66 929733
76 71 233784
34 43 126715
8 9 148598
85 63 286001
75 47 869494
71 55 751946
57 64 154330
10 72 271360
12 77 950857
19 81 122720
34 78 282815
36 23 486401
59 62 689613
64 65 837625
17 58 343717
85 56 494692
77 20 270672
50 84 380914
35 86 63380
12 75 173803
45 5 122495
88 64 650191
29 53 69013
79 27 608467
81 70 211312
41 66 863328
81 66 936425
50 35 602754
53 7 204705
68 16 119662
76 58 881102
51 48 767171
51 82 309298
56 38 584015
61 73 842350
58 12 240275
44 87 318528
66 71 306466
89 63 328754
41 50 841657
58 33 936254
30 57 498268
43 83 68647
66 73 733068
57 23 42693
17 67 332519
57 58 922698
21 49 421818
66 24 40455
27 64 151571
32 42 874114
56 15 685868
62 9 486578
82 75 39915
57 54 207668
25 49 481938
50 27 708944
15 36 91706
42 45 32121
80 42 528470
24 45 123138
49 6 555021
23 87 387912
18 14 717775
49 35 309733
61 38 752630
47 54 727155
73 67 723835
41 57 701370
0 59 986874
61 21 49517
80 59 883001
49 45 64360
17 83 170867
74 42 88165
47 69 493202
68 18 295543
84 86 270968
24 71 911217
65 42 345966
53 19 128375
4 65 220972
87 65 507271
81 57 996356
32 4 348078
68 15 578409
70 20 665467
3 36 965963
23 84 297186
75 15 116763
86 56 644900
62 55 267005
62 52 975914
88 32 322453
82 4 943607
75 31 4702
51 47 294687
3 10 67813
32 10 539514
51 25 511937
7 29 600411
76 47 23049
33 72 24323
22 42 128037
77 3 148869
8 42 633262
11 56 327764
49 9 428586
43 25 369732
21 70 48432
78 87 811453
62 37 303369
36 0 411734
15 64 913839
58 73 525116
86 23 938060
73 8 950171
27 83 727575
67 27 280692
34 79 31696
33 19 812972
88 45 871953
11 6 886674
59 15 807872
64 79 185903
77 53 575704
33 89 531236
58 77 319642
55 68 377726
20 36 478551
67 42 207837
27 30 275017
54 55 801637
50 82 654072
25 32 982145
73 85 627030
64 2 320683
81 44 234016
70 1 678397
59 1 9638
62 70 189701
16 44 916090
61 6 622733
19 25 347381
60 41 18367
35 85 109089
72 39 241895
72 15 150090
3 41 142053
7 20 912241
1 9 257198
28 84 401424
38 16 488208
33 32 181348
37 54 784598
17 13 834641
40 21 628205
29 57 250690
19 4 1496
42 25 403648
85 60 99063
3 68 979376
70 13 578647
78 68 712079
11 58 993706
26 73 624590
73 31 556691
31 35 6510
14 66 184146
88 54 964531
1 8 131573
9 47 152352
4 31 625620
88 0 685622
67 88 508724
56 22 143736
60 0 150458
24 65 886506
74 16 116775
29 62 72125
47 87 683273
82 37 682309
12 71 298016
26 56 693382
15 18 802617
50 53 447239
6 32 409544
75 0 363232
9 2 795485
72 61 719206
85 68 531302
22 62 720893
56 61 533594
43 57 667931
88 36 264677
69 43 463450
70 41 518118
49 0 225805
13 1 299356
13 76 724794
58 19 987719
66 20 441698
62 45 494849
45 11 911994
48 8 176632
13 80 578608
65 82 694965
39 21 723856
48 14 388362
48 0 294643
67 76 681473
56 1 191125
16 86 862035
42 43 425097
34 36 399318
59 4 465313
3 34 518741
24 72 757691
83 25 418258
50 15 240042
62 0 260185
43 22 423378
51 14 880760
81 15 669941
48 3 536471
48 43 362784
31 5 631792
77 79 248730
76 44 693828
18 53 838359
54 73 312647
39 0 94629
25 23 202953
45 86 918645
33 20 467900
25 9 639703
12 11 124702
62 33 199608
20 73 829925
5 79 310375
65 20 451964
20 49 596935
3 26 304609
3 30 148313
54 82 806888
63 51 847764
72 26 257169
21 10 144000
13 56 924355
41 79 546057
46 49 295570
27 2 142462
20 74 898660
83 85 472175
57 80 324003
86 43 961967
18 63 620531
61 20 391884
43 26 1415
39 55 680226
47 77 387582
11 22 537104
20 26 844403
21 24 497052
39 67 134894
64 53 661321
87 67 832528
64 43 583661
82 64 350910
16 87 577145
55 73 702708
14 72 736178
48 57 944329
20 16 568755
85 53 410219
13 63 655739
28 75 998257
0 47 6311
11 75 537925
63 26 648974
61 0 459883
87 59 334481
27 10 89753
37 17 698147
78 9 484074
28 67 465034
45 29 464319
65 37 405057
10 40 8762
84 29 209209
17 77 245967
45 70 469149
23 11 642154
12 52 23194
60 57 315554
44 89 764245
34 54 363146
40 84 18035
27 74 564478
12 31 288879
49 17 787902
22 75 648640
0 42 676168
74 41 769353
50 57 844094
51 8 56881
55 23 287545
81 16 655548
85 20 10299
13 89 300512
19 10 931132
28 25 654955
17 82 59922
24 25 503577
45 77 68747
25 8 822096
55 31 487541
54 3 660910
41 58 899044
35 74 429689
87 31 793727
87 13 337547
71 6 12419
38 45 542123
38 84 784997
87 26 295865
81 77 631331
1 54 817783
86 39 643289
28 14 754143
4 9 666741
29 19 490867
57 45 785210
63 2 210602
2 34 643124
5 20 975389
27 35 702072
10 38 839481
84 11 168655
23 28 498243
12 69 806267
18 8 54166
79 16 126051
29 60 618102
80 30 878195
5 28 21920
31 34 308466
77 67 459643
35 48 967456
77 15 799525
9 60 50537
37 69 337769
25 63 687700
30 8 544943
2 77 700088
63 58 916223
37 66 120537
66 65 119712
67 80 17638
39 85 312746
81 64 992874
45 31 679235
20 12 572443
5 12 367250
19 55 204553
56 65 966494
8 61 609751
56 32 548800
4 42 73774
60 20 300239
9 23 104186
71 70 446141
60 74 369685
39 7 709760
2 45 157409
77 37 993985
10 75 311294
22 1 316053
87 76 167976
47 33 47002
29 59 379436
63 38 533915
41 8 996325
4 89 425428
28 61 414631
69 77 248844
2 32 497445
86 34 688493
51 27 283431
7 54 792686
80 24 14894
36 68 820836
28 31 287611
81 8 722576
33 28 406487
67 5 17759
0 74 599056
87 79 34949
15 49 874983
58 1 19323
68 75 986145
83 54 297696
80 78 503278
34 9 745643
81 60 371015
36 53 655577
69 67 79630
85 65 961704
2 38 348533
36 64 900836
24 54 5621
54 4 32210
5 78 642432
72 36 885755
29 74 326263
71 0 56534
67 65 177906
58 81 744263
89 21 499358
48 47 759344
51 58 167863
44 4 355587
74 55 902473
4 23 494252
86 68 570857
48 76 678031
22 70 352235
50 8 667531
9 69 817941
34 56 160254
10 42 206775
89 15 797921
12 88 359571
60 22 625599
82 59 757735
51 6 879611
11 40 340447
72 49 32556
0 68 165723
49 87 838127
29 66 384868
14 5 36805
47 25 189756
15 2 683116
17 85 331629
34 4 45011
62 50 678863
81 33 503315
70 11 227372
63 20 75
59 48 25
73 84 3
89 58 46
75 67 62
71 6 13
69 68 0
57 64 55
64 5 75
7 76 85
14 44 64
43 4 32

