85 2406 15
12 48 254223
19 84 728145
24 52 58204
83 26 128397
28 20 736158
24 60 357513
55 17 905766
38 31 421286
33 18 993325
82 49 986038
33 40 675272
15 11 616311
0 12 866748
60 22 267390
27 22 549536
47 0 542356
47 12 618130
4 47 316297
4 62 617482
48 59 113870
19 16 381767
21 51 595238
66 27 2147
21 38 747172
32 24 954185
18 3 164025
30 45 501016
13 10 647906
10 14 393017
15 47 587290
80 52 154001
28 80 152081
7 22 525528
79 64 742436
16 11 2601
5 17 328452
57 0 270887
7 83 810899
39 76 928366
39 12 283766
35 80 355289
55 36 931901
11 84 519517
18 69 358506
34 41 474403
50 80 639336
10 64 916665
61 2 781239
67 16 346457
10 38 760281
44 37 576526
18 4 607761
40 5 812952
8 32 193021
47 28 502735
68 5 138363
55 2 450138
53 22 286071
12 22 234431
21 80 596920
33 14 51479
17 21 545035
60 70 124336
52 54 19744
74 84 169621
33 27 261842
30 83 387028
19 38 740772
46 79 481834
49 60 900308
52 72 757259
56 53 704195
30 26 692998
62 19 566668
4 57 175552
40 77 474714
18 9 525385
55 28 52692
26 55 942066
68 1 384035
27 56 318447
31 27 838916
6 72 621967
10 21 92203
82 10 337636
20 48 303665
61 67 311914
2 35 747253
32 63 168189
83 56 384230
73 10 82445
38 15 282914
29 84 261155
81 80 527886
45 52 282665
49 69 456003
71 65 825257
23 35 764581
16 20 164985
13 7 274868
52 65 968874
77 6 877335
9 58 621888
10 43 726808
31 47 301650
70 54 21537
10 68 411173
37 2 598093
22 76 702118
41 35 380698
47 76 214439
76 43 507052
31 14 925007
48 38 559681
51 2 240318
39 64 266051
4 41 404456
8 55 761486
65 9 808973
22 73 557096
80 12 945856
58 39 6607
56 75 212988
58 12 738236
9 59 339104
62 18 937096
71 48 127704
13 78 566191
27 25 291918
46 15 5530
25 64 38687
53 69 571816
56 44 434063
20 74 866229
59 33 227866
83 40 713609
55 43 538473
21 76 978990
3 23 477950
29 47 596
38 59 82843
8 80 251758
6 30 89064
0 84 339388
23 16 318097
22 71 907636
26 0 169811
42 58 961437
23 58 597887
1 20 43244
60 16 21394
74 75 915720
76 17 827191
67 80 652288
30 37 727909
11 17 576450
52 55 934188
83 19 497327
28 4 505414
24 47 845192
51 71 150666
28 39 366904
34 47 73236
46 22 800795
63 33 981940
8 76 775491
48 65 576944
71 52 690170
68 15 230649
34 30 493902
66 3 882642
29 22 677215
16 68 343240
47 11 333357
45 16 496483
51 33 974774
63 25 755273
16 1 147717
66 50 906004
36 43 700529
43 30 137108
47 63 304118
25 29 757522
0 19 736212
9 67 587837
49 3 562294
5 79 950216
49 9 238353
11 39 800339
0 22 229768
62 3 949004
42 45 379834
38 72 496404
76 61 117880
19 78 353879
5 77 505272
48 43 381454
56 77 881577
63 29 89424
42 77 262913
0 34 237377
83 10 71745
46 14 456136
55 53 34470
3 1 86568
38 55 290534
66 52 841155
18 38 432849
68 4 657292
81 8 28553
79 52 960864
0 62 261452
48 21 192742
43 58 18732
80 71 323527
78 77 793836
37 79 483624
56 19 981689
18 61 348723
84 34 680128
7 75 90824
41 79 771618
67 41 852477
48 8 241294
60 43 358575
4 11 618555
68 61 725185
69 1 138469
29 15 245477
50 42 342537
26 32 705710
27 72 339529
84 21 660247
72 66 23782
30 27 378837
11 6 998958
65 14 769524
70 30 27060
84 44 481770
84 24 969799
26 45 143926
82 16 632537
72 61 856369
8 33 627755
68 49 282209
19 60 655085
67 54 800540
22 15 777955
26 63 731619
33 38 605899
0 11 986219
52 35 822303
52 82 432405
76 5 375865
40 41 804453
11 5 673851
18 60 285777
8 39 430794
42 63 550440
45 80 291979
63 2 362664
79 75 732161
56 21 516949
74 52 424046
50 52 817073
37 8 277473
5 73 830967
46 53 110901
39 0 59074
64 47 318233
35 42 756961
11 46 693706
71 27 537732
39 30 417625
49 74 799905
31 78 621567
30 76 713112
5 82 991410
28 40 616761
71 8 277774
20 13 147162
47 41 704802
35 7 869431
39 50 224881
20 25 741219
62 5 314102
1 38 957086
31 80 654747
19 8 620374
24 69 772205
29 4 75184
31 46 992634
25 74 584927
51 55 967627
12 36 443899
78 67 328947
83 20 774335
83 8 569277
34 56 528613
48 72 21580
70 53 860985
45 73 270204
55 45 257963
3 81 99327
51 42 895005
46 69 268622
29 58 823787
68 75 244344
74 3 167367
82 31 931317
70 3 777683
19 10 703116
30 7 913557
19 12 781307
2 26 8597
63 21 973936
33 71 811989
59 18 289807
3 71 598795
40 21 790284
27 65 789662
43 51 598343
37 9 144000
64 35 802181
3 72 630495
5 37 245191
46 1 497605
17 82 197182
60 75 2626
25 81 558791
1 7 269656
19 50 38622
48 60 169557
27 19 637564
70 74 953290
53 78 585747
53 68 352195
14 44 93677
69 15 929134
7 52 613119
55 50 187129
82 57 221606
35 75 479152
31 13 141486
72 46 611418
80 63 944306
33 20 602987
57 76 239753
82 78 359412
47 40 697772
18 48 673422
49 25 113579
21 77 285791
41 3 422462
60 83 189789
6 53 704931
54 37 803253
8 36 708010
74 51 895261
62 48 391115
48 83 90568
80 66 149230
2 32 410679
65 21 166698
77 22 941535
12 13 515036
1 73 96186
37 20 593774
58 25 805764
70 79 998664
69 33 342192
47 10 275848
2 38 77959
14 9 640906
17 7 872686
33 44 730590
5 35 934098
72 75 665461
66 26 836523
27 58 660062
49 6 800619
62 45 16388
73 58 967835
49 72 451934
56 13 190163
51 11 396180
46 6 9328
12 40 246090
0 76 178249
70 61 39182
5 38 792199
71 79 698903
31 8 482877
63 55 4677
33 81 497000
72 2 545049
79 26 453565
77 7 362132
37 25 315008
19 15 674547
69 6 893207
10 26 121919
79 63 912767
81 10 862053
37 34 859510
51 48 253413
41 16 216316
47 20 898777
0 16 858617
52 43 173008
62 67 98316
33 28 173999
79 45 583397
60 11 624303
38 13 6909
17 53 509612
47 57 836071
65 26 495354
0 15 550309
51 69 679797
55 42 110150
50 56 433781
76 25 673333
66 1 915611
11 44 229459
7 62 333390
44 80 434626
32 37 910437
20 10 269148
29 69 756589
50 82 632843
12 1 69097
10 6 615769
72 1 461317
7 8 195113
8 68 593591
84 66 811723
43 63 561167
40 71 743234
45 53 471979
23 55 214632
81 20 638831
56 48 857736
20 36 771928
29 27 488714
17 13 928915
32 22 570859
77 29 699297
42 8 344170
46 62 760743
83 57 297946
19 4 12386
70 0 620332
11 31 229281
4 84 80461
67 0 176947
14 3 572217
3 52 29754
72 60 589124
41 73 10007
5 63 38397
50 21 264062
7 69 632517
61 52 519449
52 60 795638
33 56 116821
66 15 962056
37 76 235011
46 24 63055
55 18 967204
44 49 431888
33 78 881610
70 45 398216
55 20 689238
48 66 921941
30 35 188908
19 22 787585
17 60 70955
54 42 569799
44 10 421328
41 36 718886
57 15 939015
63 53 784369
44 60 501004
30 24 853483
50 51 555119
46 84 960623
30 40 430232
65 49 651141
20 61 227022
51 82 14157
33 17 966076
69 32 612343
74 29 828121
74 35 958760
65 30 377055
76 41 748038
70 34 311464
74 40 252843
53 65 682820
28 30 748641
63 71 643674
49 42 458501
5 69 751503
69 72 184667
19 77 932573
61 37 473772
14 79 309135
51 58 44991
53 21 36891
72 12 856774
32 4 467321
0 65 9891
68 78 474331
67 19 674615
47 17 450958
76 2 67040
9 5 765027
3 5 961225
31 83 553727
79 81 477295
58 6 574822
34 11 582656
67 23 60552
57 43 793368
0 29 427915
43 28 716208
53 31 775392
62 31 350412
19 18 944557
35 4 116931
67 47 109141
50 3 399099
17 3 352658
44 58 577394
52 75 675984
77 20 294504
76 65 532323
39 31 19269
35 82 778599
47 73 18635
81 57 175504
25 31 217707
71 39 502559
35 57 87110
42 39 443585
5 45 624299
72 9 699272
83 3 912433
28 76 912259
20 69 425460
43 3 540222
8 23 166592
52 70 90604
60 74 84675
37 11 648962
41 55 747800
56 49 988700
54 17 431066
33 46 877356
16 84 417526
81 55 962566
12 32 463632
18 32 993701
80 64 60906
49 76 455998
9 60 724238
47 49 108773
68 20 551298
24 56 345944
4 12 446733
44 61 589516
29 18 692846
55 19 521697
26 7 47051
53 57 283645
10 4 450495
64 41 568599
28 21 100120
9 4 37428
59 2 980616
74 5 858633
14 26 322981
65 42 359729
37 66 972413
53 42 365051
2 11 244433
43 31 444267
66 44 799656
29 30 27370
47 8 128649
10 54 934998
0 53 605402
71 5 34166
31 49 682007
28 27 546652
44 24 634373
72 20 904650
77 4 564418
1 64 231928
56 81 360080
26 20 477473
3 56 496611
68 36 960965
20 84 137282
11 8 898006
42 7 429159
7 33 823910
15 43 929044
58 80 791137
75 17 192885
69 61 915053
58 47 865
42 57 260209
53 43 271912
9 42 451012
58 30 35802
73 62 968258
5 39 640675
58 61 423791
52 9 596659
50 81 241621
44 40 164574
7 36 266070
63 4 88465
45 21 496141
71 0 89440
44 31 175042
47 42 46205
22 50 420480
21 36 193318
7 61 521240
60 8 240369
31 35 765376
16 53 958606
10 60 770356
1 23 455114
24 34 116751
66 10 432375
32 20 911626
40 84 197636
17 72 369611
9 66 954578
21 11 315781
69 43 602384
72 76 641211
8 22 385742
48 16 762708
22 72 213873
76 42 490257
49 48 255265
13 75 260303
67 46 384383
66 67 558185
16 58 228679
32 64 11033
2 56 843941
17 58 529766
54 7 75517
22 54 185682
37 23 772065
0 27 684731
73 49 467001
6 5 174382
40 80 216145
68 3 527103
11 26 768394
29 43 336979
55 31 744027
61 1 842244
0 6 617020
76 34 649943
75 45 285275
45 13 137122
0 73 790914
72 83 799143
29 66 873529
6 41 169870
27 84 279454
0 75 238766
41 11 276222
54 57 697998
35 84 337548
60 55 724719
83 55 395915
1 74 487112
15 52 355536
69 11 549876
12 41 491395
83 71 601529
56 39 838937
4 24 105265
43 61 950480
38 83 474067
57 59 584761
57 80 100003
72 39 307498
64 37 415286
39 79 654038
74 44 42761
49 67 910465
51 26 83748
0 80 258580
63 73 767922
2 31 12812
19 24 897258
79 15 39026
53 71 914222
40 79 747578
42 68 872237
16 46 444125
17 49 757525
67 55 572895
42 27 887062
59 31 750842
79 30 404730
4 45 895252
66 69 315902
67 30 22169
28 81 211158
40 61 749860
84 67 822582
73 30 221937
44 43 510916
18 28 355266
24 35 542442
41 59 199601
10 80 690754
10 1 383764
75 4 237671
46 68 932817
48 50 947419
46 32 690357
26 23 474390
17 22 705754
65 12 818452
11 35 13700
64 60 930815
71 11 967873
81 23 919154
61 10 842833
20 56 229792
36 74 630139
52 63 480759
80 72 143391
12 63 338854
8 70 499073
17 73 336284
77 59 761166
41 68 663483
4 37 415537
41 29 875070
50 47 566449
1 58 923123
75 77 301265
11 22 510363
57 33 31248
70 48 22717
63 62 59619
42 19 708474
72 28 408026
1 51 719097
18 21 369915
79 13 304750
3 4 591342
34 58 443405
7 19 588754
57 60 831724
46 50 783336
78 22 910785
61 3 84236
59 24 186894
63 50 990237
69 37 950312
51 53 840322
54 59 936883
66 25 443291
30 52 29854
77 70 952992
29 83 830747
46 23 998619
68 65 598347
36 48 184669
32 71 806382
11 61 100585
25 18 823635
53 27 640571
25 67 123813
3 21 272115
41 56 31300
19 58 636007
64 83 843084
66 60 996342
15 75 148732
51 32 396046
11 3 791315
71 36 652510
61 29 364612
13 76 674041
45 47 604744
26 70 140887
78 49 460413
76 75 739080
6 37 267173
37 42 114125
13 57 206405
11 50 275379
52 23 176631
36 73 278289
71 6 815687
9 80 973022
53 50 344349
66 12 29084
57 64 337910
84 7 75090
82 1 895541
41 78 763985
55 46 371865
64 76 869245
68 21 719352
70 59 827962
68 70 392633
1 59 689191
17 25 926090
42 33 861205
54 20 222887
56 31 445934
57 7 990513
33 10 874144
49 52 50082
84 18 419264
54 40 916572
2 84 247796
81 14 290722
77 31 378626
64 52 870904
6 44 24908
2 3 976615
68 43 675781
61 26 364514
38 20 80585
23 59 284293
73 4 367233
2 43 331079
32 25 789986
79 55 743857
68 52 737409
44 73 744970
47 46 543830
27 26 308228
16 52 589445
82 71 1745
38 30 18063
10 2 990581
81 41 590319
71 50 925846
83 82 373258
32 70 253132
26 76 431152
73 34 3222
50 62 370457
43 35 120746
21 29 902140
2 68 990137
16 78 434735
64 27 716760
8 44 67045
70 6 434079
36 56 195906
49 7 433227
72 78 961428
44 13 867309
67 6 696997
40 15 954321
25 52 284902
66 81 270924
4 54 518689
34 69 396097
71 49 508199
52 19 295020
53 60 171808
35 37 229953
81 59 262832
23 18 595442
84 3 286652
19 68 337398
4 34 900447
63 40 89356
54 15 862889
24 31 885018
62 61 48051
19 65 895961
20 75 544195
34 18 666949
52 67 108656
34 80 438216
79 74 95233
12 14 156741
40 81 761156
73 3 685937
36 49 182834
53 84 978605
14 23 797736
30 78 261477
4 81 620238
60 21 240891
25 56 560404
68 38 590083
45 23 707432
42 41 492138
73 19 667621
8 53 394335
5 52 78816
47 75 706319
43 32 551389
3 64 803036
73 46 488856
44 64 593374
61 28 964686
75 48 536683
10 69 135627
10 5 946065
67 56 197514
1 24 535246
76 23 551822
16 54 264615
46 58 988142
79 56 634062
46 25 521961
71 46 362230
48 29 213832
57 2 153197
11 72 726085
7 55 382305
41 77 739088
56 47 985077
37 81 13888
61 0 596356
66 35 140829
59 73 513219
25 16 714640
10 75 397075
71 18 129434
31 52 429124
13 15 845285
66 28 247606
79 77 872722
50 45 760686
54 72 608709
18 10 500323
16 75 587009
6 35 104916
11 48 104586
79 20 495754
50 35 919588
26 57 678003
5 28 423758
51 24 237578
54 48 413474
83 25 486748
49 14 431249
43 5 171494
30 11 445618
83 13 995695
13 27 950118
27 74 600086
41 63 208051
64 62 931090
75 22 84091
26 31 291009
81 12 541774
60 38 644306
15 33 816074
73 31 68019
18 49 89596
18 27 609635
11 42 889255
4 31 425011
16 17 746094
78 3 780354
40 76 557200
40 64 570922
78 62 14976
18 50 156391
46 29 932021
66 47 576777
48 68 321076
70 62 21965
71 29 552046
32 41 221557
60 76 914168
74 78 619791
70 41 39473
4 25 816078
63 69 98356
5 57 644130
67 76 57715
39 69 128622
3 57 164289
22 70 184099
51 52 221840
53 4 570497
48 28 419927
21 31 411120
33 64 869910
47 39 612490
62 55 586496
84 45 391765
47 22 502522
25 36 438113
27 63 643793
9 26 139820
31 74 913721
5 12 511161
8 41 328619
15 63 967364
28 67 927983
54 0 510923
64 65 678583
17 41 15488
9 7 520640
68 24 138034
44 68 48707
26 25 665355
55 13 130685
10 51 959856
51 45 948502
17 84 804330
24 62 805364
3 77 513023
72 13 459741
36 84 858787
77 60 242775
76 83 71881
82 69 685386
72 58 939188
9 16 947751
0 14 211514
82 25 332481
48 30 896541
65 41 999406
47 35 16916
19 70 94113
4 69 644613
18 13 938885
45 3 279133
23 71 918100
11 52 629879
33 34 546273
14 59 897721
13 40 528836
22 16 260288
75 51 778393
32 50 174118
20 80 339339
10 8 190574
63 44 844545
59 30 616883
63 83 515593
76 70 724410
75 67 602723
36 39 188947
16 7 94105
48 19 418873
38 58 765918
9 84 50255
24 58 96991
66 51 492115
5 8 604474
49 29 190835
23 27 979799
59 65 178380
44 52 176714
54 83 938966
15 50 428993
13 32 284901
78 40 532196
80 61 969849
21 81 868870
9 81 467654
34 51 433463
57 41 699751
62 39 869270
82 28 930440
36 57 380577
6 34 752485
39 2 964181
59 76 638037
80 46 396616
24 53 627059
9 50 803866
57 66 853917
82 41 824742
71 64 650987
83 58 117116
71 72 389762
19 74 147981
53 38 224059
34 39 529329
56 68 178337
16 28 603786
2 19 205503
2 47 475539
4 44 733964
50 28 349436
28 2 24173
23 50 408479
83 62 45272
20 34 805073
15 53 298001
46 66 817177
57 24 674424
62 22 939747
31 16 759982
56 4 166695
3 35 796952
3 80 6654
61 56 196678
32 56 784456
56 52 704686
51 17 141280
38 29 899947
69 55 45534
37 45 982178
41 1 951295
31 65 941668
10 49 859210
74 83 279049
18 80 673140
0 30 327521
49 30 948946
77 16 150855
71 13 891573
34 29 320966
48 9 13171
0 18 801516
68 25 69873
23 10 559416
52 62 234577
51 40 118177
44 1 938959
7 56 592636
24 18 934830
78 48 476577
69 41 433840
33 70 492074
39 13 811305
67 69 792994
69 64 296522
22 31 39642
81 65 406906
74 54 278844
10 74 507071
61 74 217885
4 49 918316
54 41 352918
61 32 794127
47 59 644546
11 12 506053
10 76 306727
80 6 202929
71 55 56932
70 82 670828
62 80 787111
77 83 826905
8 4 181184
17 52 205580
1 52 923582
53 48 29717
37 60 319649
69 38 472249
43 66 376285
14 6 352634
72 84 776734
41 10 502973
57 31 794506
1 65 778644
20 0 646727
62 43 993142
3 39 660875
31 12 424877
2 36 152022
24 14 648250
74 71 424878
56 63 211857
33 36 847233
40 72 9152
8 62 655551
62 53 385854
84 32 392045
7 48 366868
17 34 664385
17 63 920002
40 45 241228
55 68 51923
29 37 361925
65 35 165033
56 38 662217
55 58 36993
32 10 434560
6 73 673029
46 21 751280
60 65 794515
68 9 121729
29 78 714908
58 84 362963
81 18 68934
1 31 760414
26 19 643214
80 84 234901
12 28 737486
44 41 132945
44 35 403066
2 9 37161
67 58 879485
57 46 647156
16 14 131179
16 69 93640
48 45 595993
23 63 97187
72 34 876922
1 11 554985
40 59 756672
8 74 751018
57 25 735158
39 35 774414
23 64 34968
18 15 678282
82 75 379742
15 77 526684
46 45 602964
21 75 533234
26 69 654077
42 20 22529
5 18 557559
16 36 792686
23 68 700795
15 17 219007
69 36 311883
36 28 92952
62 21 383693
76 73 815581
4 72 926467
75 81 268140
54 56 727901
58 10 710391
40 7 375336
50 74 830541
60 0 847390
14 70 215838
75 41 247026
67 53 653963
64 55 632189
35 55 496597
16 74 521720
28 57 422376
35 38 30276
29 9 546612
27 73 357653
60 82 218011
81 78 533689
54 61 345982
76 63 147212
78 6 810800
44 46 154738
58 59 358673
66 68 573582
64 53 707217
57 71 65800
36 82 782972
34 64 370355
49 22 527914
31 33 44438
78 17 852455
30 31 131437
11 77 857908
37 22 911114
39 15 302340
11 10 76797
43 73 245524
78 52 434646
43 42 481099
3 63 504716
42 24 387997
44 50 830175
22 4 210830
40 6 979626
5 19 549937
17 36 406703
10 46 627347
73 29 930749
70 28 536407
68 69 172979
5 81 338596
68 79 581139
50 37 325953
84 78 617871
83 47 529258
61 60 208695
66 19 518169
39 78 526386
55 0 254537
21 83 537952
42 81 957171
27 21 12101
56 76 846865
42 31 403085
70 81 470683
1 9 170269
20 11 545939
74 24 659176
22 33 465263
33 43 318460
45 77 215440
79 59 990827
18 83 785106
66 22 507738
42 38 666939
60 78 366564
50 64 727212
7 81 614216
29 16 927967
46 37 846614
33 29 391086
63 13 386778
5 26 334972
79 0 318612
19 53 93755
74 33 763929
14 18 698778
20 71 779351
38 65 971528
48 80 418767
23 47 497648
70 73 364488
55 80 7709
42 36 806764
76 80 671922
35 8 705837
69 19 962817
53 47 694920
0 48 948257
73 2 37209
45 18 382658
12 25 316316
65 33 615986
62 65 347628
28 7 484967
33 75 227433
64 46 215229
22 20 725241
54 39 446807
79 18 645001
17 14 23583
9 41 99804
70 16 100818
83 69 730976
75 2 380941
62 33 874674
42 69 410972
60 40 54104
10 35 823380
79 25 666587
80 33 847704
63 9 211548
75 28 509662
14 40 279568
62 40 429810
78 58 51333
66 38 886772
24 8 804541
30 47 129628
20 53 122842
78 9 428954
55 40 54621
70 38 195157
29 40 413513
4 46 213372
5 49 154801
21 58 541319
67 72 406447
78 21 983681
11 80 568006
77 58 644034
65 57 489972
46 63 996040
83 73 350137
46 83 939599
55 29 679973
50 69 735446
7 63 791384
30 5 190984
59 84 429089
23 51 741211
30 33 720585
59 63 772747
82 20 324795
36 83 635444
49 24 866065
61 38 650036
35 19 46343
28 74 983290
44 53 597295
2 49 205149
38 34 994256
79 60 21312
2 0 989347
56 51 754775
80 29 216439
36 37 327072
46 18 431015
11 19 956410
9 11 293193
15 64 917964
77 80 544142
32 5 901064
36 76 533330
79 54 879664
9 21 569369
31 48 753623
32 68 422063
37 43 177368
67 12 472821
78 15 781965
52 8 102352
22 30 862545
42 0 420457
43 26 525008
33 23 329816
8 73 416503
57 52 340762
50 25 869327
16 21 283388
24 77 415657
29 45 29344
26 82 278642
29 53 10036
5 21 35107
25 62 216772
59 67 48002
0 37 140062
34 55 465865
54 6 415377
62 26 52514
80 17 544073
9 73 60713
77 2 401492
15 71 926703
21 7 804716
59 6 89362
72 7 343018
15 24 311377
25 11 275416
26 68 550995
46 26 920394
50 60 449740
50 61 88586
1 76 283906
64 73 129730
80 23 482763
10 24 609588
4 42 737964
23 11 517339
61 16 667323
3 16 350618
60 36 740026
73 18 61957
59 44 279751
7 11 370650
10 53 656709
59 20 597453
45 25 789115
17 30 387252
37 21 136168
82 27 292563
45 74 674008
71 75 414207
14 27 348437
21 41 393333
29 42 314063
17 74 457600
42 79 919303
2 82 954285
72 56 33169
69 12 959034
64 5 127155
74 56 749255
17 43 515358
64 4 374861
76 15 859038
36 3 170005
53 25 760370
23 36 450665
8 20 624343
3 26 572000
35 40 14666
31 63 228928
17 42 251568
65 23 286245
73 26 812707
74 23 42088
21 82 894316
73 23 606743
15 67 999450
70 58 263695
84 81 301616
82 76 7925
55 84 957224
72 79 157203
69 22 757631
42 75 360227
78 26 986187
24 40 269912
28 83 925040
5 41 825246
45 54 140499
82 61 175046
9 54 64244
74 82 568559
80 38 73741
72 55 913042
18 6 96388
72 57 394769
33 82 968193
1 27 65046
30 77 430937
8 2 836246
75 83 293837
61 47 80079
39 24 135364
12 23 960527
40 38 208928
80 19 198319
56 62 813329
36 59 959194
16 18 964506
12 79 884257
53 2 448109
21 39 630911
61 35 275103
33 0 521504
64 59 123674
21 4 468993
61 33 504049
62 9 808776
7 51 293386
41 50 463350
7 46 603083
12 38 61435
55 39 594069
70 31 716591
19 71 610142
35 9 493381
35 12 633604
59 3 795048
23 30 365722
11 78 880540
18 53 458175
37 10 643066
40 19 643704
39 29 311678
58 18 812673
59 17 273150
3 55 213903
5 65 453991
46 28 461918
41 52 14946
48 1 620330
23 40 368371
20 44 41672
82 45 269872
41 18 948205
15 31 827950
3 46 194185
50 40 957225
62 54 290482
71 43 846417
16 80 209764
81 54 941275
1 56 147566
65 74 55878
29 1 861419
74 26 110956
43 56 153963
22 44 359845
73 11 662517
45 32 580143
32 54 782371
84 64 119917
8 49 433819
69 9 919157
71 70 6482
63 8 702669
79 49 444458
15 49 389242
40 27 529104
14 58 696450
57 34 884449
35 1 719963
36 72 713140
67 10 542439
71 59 528061
12 16 789888
34 46 138047
10 40 464311
16 32 445726
48 63 951327
1 43 622660
34 28 185432
43 16 941594
31 41 687503
46 20 419062
71 62 479789
40 8 824990
34 60 237115
78 75 451486
64 58 412474
60 39 834249
12 46 649708
67 24 469053
50 34 344183
4 17 792731
43 84 254232
71 67 223941
35 27 761468
30 46 495148
20 3 972848
16 40 212693
22 36 846129
41 20 701495
84 37 919931
34 66 498365
78 45 304546
13 4 646707
23 17 799381
61 39 331239
66 59 702076
53 9 795406
83 84 421452
75 62 230936
37 73 561541
32 81 775595
78 7 768419
48 5 176514
79 47 471936
11 40 174821
77 47 521657
46 5 447412
8 0 15256
37 78 665388
75 8 641083
5 67 576721
12 70 303072
4 59 937758
63 57 918550
34 48 745103
34 23 389893
9 77 524747
50 38 907638
47 43 437371
69 2 456281
53 7 913779
68 76 606710
23 24 13192
4 50 721800
66 4 139280
6 31 799494
21 32 144354
41 60 559788
7 4 152468
5 4 283545
11 64 172775
18 52 738126
38 75 762533
51 6 151108
4 78 567169
59 61 660098
31 64 279856
51 36 72189
48 32 153663
74 9 951855
49 51 8137
31 60 494429
30 4 279082
75 30 623158
27 79 696066
67 20 86571
69 0 877603
31 81 970080
69 58 444519
19 9 572396
0 17 326851
20 70 215626
14 8 965253
39 51 739500
67 14 334435
15 83 497802
75 70 513513
82 46 14062
48 33 677705
67 60 644271
73 48 973230
61 30 396611
25 51 167621
17 40 114499
78 71 90740
39 44 626229
12 33 976282
42 70 99134
56 58 304484
14 80 506861
76 81 21893
25 19 277226
38 73 931954
2 44 221631
21 12 192891
67 4 73789
42 67 24640
14 55 1266
59 62 402029
77 48 334322
31 40 345051
16 83 818072
42 74 291
60 68 716360
59 15 111530
34 15 469270
69 65 936164
12 10 270595
16 33 361212
44 54 692012
14 63 443594
66 33 634391
4 36 435893
11 36 18217
14 2 236126
16 65 370007
14 20 225325
1 81 921620
58 7 729686
68 31 454544
54 46 912643
22 5 327773
1 13 330858
13 62 506744
39 40 284406
45 39 972644
62 77 890245
52 59 549538
20 60 378535
48 52 530296
49 27 908342
63 30 679905
28 13 338321
57 8 526443
25 75 683984
44 34 178769
29 36 389303
58 45 689059
54 19 492396
46 8 288391
63 0 414738
75 3 814985
36 19 649775
62 36 269194
52 39 127032
21 34 623562
31 54 564299
47 7 215718
64 36 944283
14 52 270937
61 71 513054
6 65 110545
40 42 277862
52 83 337452
35 73 469625
66 55 367443
31 72 372395
39 33 658628
69 79 660595
59 34 320356
26 28 192233
65 8 474949
77 68 327801
72 8 520499
31 67 106387
53 30 413286
17 57 300940
32 75 974208
16 72 577540
35 79 777894
55 59 157164
12 44 959752
69 54 208871
44 71 533572
81 22 533049
6 1 460223
48 41 214129
41 19 788561
30 50 316477
3 58 578047
36 10 270409
59 68 977820
34 27 919399
80 36 214498
71 24 647408
64 70 821464
47 5 763928
1 67 645469
26 36 750819
45 0 872390
65 4 145520
54 36 659970
33 54 269946
6 79 908072
28 29 259539
0 24 13995
2 64 315218
42 16 237678
50 78 532636
34 77 45693
53 3 623936
72 5 730755
32 58 673572
45 64 646248
81 15 208504
47 78 983918
65 18 863144
53 33 319164
34 3 861426
80 54 978659
60 7 808052
31 32 85586
73 69 391725
84 63 381697
82 47 15866
79 84 730097
52 22 913403
46 52 42965
56 29 993733
22 83 711262
39 19 217992
15 20 256543
43 40 661218
64 20 844624
4 6 595148
32 59 161754
36 6 552974
6 29 216093
37 24 585361
80 53 742545
1 47 238989
34 10 206187
4 0 34053
48 35 661072
2 40 127606
11 70 705912
7 5 40737
7 20 726100
76 66 316716
22 3 566515
62 49 587605
67 3 162453
47 52 814417
37 38 932127
38 36 459385
20 21 185486
12 42 530158
74 68 808612
40 36 200047
44 9 80481
25 8 150450
55 25 464335
50 8 623142
13 16 790565
81 83 983778
58 76 538546
66 11 31492
22 25 173963
40 9 208065
47 3 154636
45 49 569568
2 4 910534
28 68 19182
76 53 15234
4 33 289265
74 48 978073
64 78 112450
20 18 953063
26 1 42417
70 56 333597
59 75 627065
71 2 230984
3 25 387217
6 28 503329
27 5 268429
42 52 508888
47 51 658052
14 78 175609
48 10 123543
45 1 691729
28 52 872063
19 3 919048
42 13 962651
49 32 756389
8 61 772042
50 54 748362
37 72 305640
29 10 423710
37 71 668959
57 55 395119
41 33 728315
84 77 571847
83 44 935410
36 34 770243
17 29 932661
7 65 762711
41 26 405714
79 62 29719
27 6 378626
2 42 425497
14 69 200253
22 40 543216
70 69 550176
42 80 174091
33 35 385708
83 17 774551
23 7 905737
45 2 623018
51 59 616376
41 58 521005
23 31 909824
67 35 345554
15 9 128454
78 5 982401
2 22 902285
60 12 399148
69 40 543213
6 39 324859
36 1 75158
70 84 797322
36 79 140953
54 71 830442
32 38 102578
2 41 482732
6 13 365219
67 45 292908
40 70 442003
26 75 200057
33 84 562650
83 23 745757
13 33 137595
82 54 126228
4 38 601747
17 1 376536
32 74 977461
43 38 971997
1 63 68359
19 6 898861
24 26 542996
0 66 703944
76 3 452576
6 66 885476
74 63 244536
9 61 563970
13 25 263576
20 4 857158
2 60 424775
37 62 590562
7 29 581421
29 2 499581
2 79 519347
55 82 434884
26 50 628780
25 23 234761
32 1 977064
5 58 310393
0 64 689393
84 28 281803
14 42 518659
80 4 708712
79 78 504112
36 70 348782
66 53 236169
12 61 910248
39 75 567469
25 9 448745
35 59 174698
2 25 656874
63 66 763834
81 6 193643
27 76 100177
75 5 597892
24 3 660568
14 57 683752
13 59 433369
29 65 96384
31 20 160761
80 1 9456
69 35 95949
34 26 267298
28 0 658295
76 77 583287
4 16 76408
36 14 460234
13 49 83005
28 59 71242
20 43 933035
15 32 520932
39 9 443676
57 38 36623
49 23 73971
60 23 450210
72 68 734718
29 14 694948
31 50 207020
9 12 337666
2 18 693155
83 53 69373
34 31 478423
72 10 323153
78 66 335698
73 32 705006
83 37 621703
18 39 555618
60 33 7808
37 55 448935
17 37 124640
75 12 948643
67 74 212136
21 59 185981
42 59 713176
34 75 555149
82 19 301500
46 74 312793
61 66 56258
13 2 201394
44 3 449432
64 16 854654
12 52 44313
57 77 49708
38 79 545584
17 65 264615
55 56 578392
11 74 217365
12 73 469671
65 44 893200
71 69 298100
70 5 191390
48 61 161765
32 29 334217
44 62 110005
53 5 565339
12 55 570616
46 70 212258
22 55 228329
78 63 606231
77 39 225483
47 65 495470
26 15 226159
68 34 668267
62 84 594614
48 55 511709
32 39 395668
80 60 495399
43 23 384336
8 66 914814
82 14 774340
79 83 708915
54 49 748893
13 61 398250
77 8 966231
41 84 851716
24 6 432614
73 54 891404
43 65 733159
0 56 144303
36 46 42820
0 51 422770
27 46 117609
17 71 696886
71 7 73588
1 40 757525
51 72 937071
69 25 431398
36 81 868765
35 22 868063
70 49 244325
27 52 931335
61 25 294616
39 82 3239
30 68 691822
83 50 611537
44 16 657286
61 5 767467
25 7 413045
6 25 365018
31 45 320958
52 20 990411
70 27 375984
23 70 636902
44 55 457906
4 15 586683
9 13 99643
60 81 252068
46 19 219562
56 8 226235
18 40 428744
23 32 10920
45 44 807827
57 58 188111
82 68 219644
69 80 60028
16 81 60631
69 60 869218
41 0 512425
34 43 58071
44 15 77600
71 58 952278
73 82 206876
2 46 107220
21 42 282576
82 66 821306
31 66 397841
33 6 970710
15 60 665389
23 69 110751
57 79 521898
61 77 885220
51 18 213075
40 0 511807
62 68 826277
78 59 559758
76 31 734977
25 71 360741
30 2 747319
80 74 643783
54 23 891523
1 14 222556
26 38 435337
43 13 489628
11 58 570790
14 72 647034
24 21 985480
27 3 435071
2 33 488600
74 22 917046
1 53 654779
57 29 826571
49 80 962607
8 30 413605
6 52 396447
27 17 367542
44 29 515607
48 6 401877
63 82 743004
51 76 813001
81 63 148025
24 61 264623
46 49 725695
41 38 207658
81 0 648044
11 67 93687
48 26 934051
49 63 352617
79 28 949083
2 34 973107
12 51 37864
70 35 333331
23 22 12
68 11 831648
67 29 702
20 24 502679
17 31 434352
53 14 441692
66 2 875731
53 34 723009
54 64 592737
13 0 324415
59 0 656360
58 54 815875
77 73 618715
78 0 286359
34 52 854901
68 40 205490
75 11 958050
7 34 427615
29 62 147680
80 82 115992
21 2 761981
24 27 327436
24 55 466632
12 62 73021
8 9 826651
18 64 934320
52 29 746971
47 16 563858
62 76 264950
55 10 850960
9 23 71249
0 82 205742
57 6 879413
69 30 944739
25 44 692567
41 22 553038
3 10 1051
4 61 636653
81 46 431550
36 18 812575
52 84 926840
52 58 518009
72 25 891498
60 71 678017
42 5 257683
25 73 62225
47 55 808962
66 36 604760
83 42 781219
21 33 679420
14 76 750754
72 15 401630
74 30 515694
52 77 326756
49 66 964549
32 72 508787
32 80 996016
34 65 223969
37 7 614184
64 38 158980
44 21 918561
61 23 48589
14 19 185986
42 1 541657
43 12 291108
64 14 184892
47 26 251582
46 9 809719
37 14 583774
81 45 13836
81 48 841029
20 58 594281
45 59 596153
2 74 598376
18 37 844148
1 83 767870
57 56 297851
27 67 64158
7 12 444573
31 18 429884
5 33 899162
74 4 815102
43 25 506820
29 5 852694
29 8 295782
42 71 805504
52 53 524380
35 81 677705
75 63 453447
58 75 934125
60 46 402190
20 19 997344
29 75 626832
35 77 811721
25 65 918901
59 22 91180
8 64 696533
23 62 967431
74 21 601824
80 30 943719
52 13 384260
80 73 599292
80 68 595035
61 64 752799
6 56 799486
44 82 136955
47 74 529274
66 20 919423
17 18 940058
37 48 869669
30 25 584309
75 9 327314
27 83 242048
69 52 179249
36 13 795482
23 19 932278
73 66 756768
76 79 250719
13 53 817798
5 66 83589
57 30 858066
49 64 867502
14 5 901402
20 9 351310
26 52 620408
42 66 264432
83 80 513225
32 9 316297
7 41 846438
9 82 598064
17 81 307183
64 81 195106
65 3 904006
49 26 357458
42 48 166887
79 16 572732
72 24 598953
47 19 298820
19 45 688084
13 65 216931
22 51 698195
62 81 479765
23 79 957523
45 68 406790
24 9 860446
43 78 509716
15 6 826153
53 11 1664
27 54 248224
16 8 885512
82 22 117723
40 32 302600
60 84 384395
68 6 668190
25 77 472661
17 44 960913
54 26 283300
7 79 261903
75 64 717651
49 12 979363
61 17 881178
2 78 762424
44 30 262362
76 52 388009
30 41 138277
31 79 623625
27 57 28419
84 22 975753
15 41 992409
84 38 966614
24 54 508160
84 13 730562
32 79 48383
49 35 667303
29 20 978487
16 6 218332
58 40 570750
8 69 229832
72 33 939355
2 15 102979
18 72 705113
27 75 341116
37 15 356280
6 21 973877
62 41 259437
37 57 580462
0 10 85220
29 81 264842
17 68 719834
74 39 351417
83 68 535253
55 30 997480
32 3 944359
82 58 541139
21 14 605391
6 76 625878
20 23 245028
10 9 144255
4 39 97640
21 79 313367
2 1 552322
14 50 537303
32 27 145783
42 22 967598
48 39 276977
54 21 22891
14 54 859902
39 43 134116
53 79 7749
0 31 245815
83 11 85763
73 55 893390
76 19 141571
37 70 478412
37 75 391915
6 64 29100
67 26 663536
5 56 73316
11 28 949406
67 51 988511
49 1 656835
56 82 820679
82 3 83092
80 41 622352
38 11 989454
48 84 275532
14 45 93518
36 67 643752
51 37 319483
18 66 25512
83 9 199591
43 82 706682
81 34 809716
71 47 58179
55 78 522829
14 13 340597
13 29 901594
29 17 19
73 41 74
65 26 70
75 54 77
51 36 27
80 26 32
6 40 37
68 9 48
36 7 68
21 5 22
67 21 72
66 25 67
64 8 29
25 79 24
58 32 50

