84 2223 1
24 29 386787
64 75 285098
43 77 653319
19 36 70186
63 21 301744
44 33 503842
2 42 467551
65 58 648194
41 24 128732
32 45 579077
69 15 63062
50 46 348400
72 15 416921
35 60 989055
70 64 438056
61 20 902947
69 81 195504
77 59 917124
76 75 185520
1 39 812400
5 42 984270
74 27 629352
52 77 757809
50 2 396784
78 14 428542
13 79 329293
31 4 539802
78 18 681075
61 31 283732
32 61 247237
63 33 549392
53 65 289544
76 8 507533
22 82 372388
10 42 23543
45 21 175307
51 42 871083
5 64 756556
26 55 501075
15 65 912575
45 0 728452
59 63 984797
70 17 183357
11 28 572083
73 74 891676
60 6 705274
70 11 58939
30 62 472727
20 24 140724
62 58 901793
31 33 199325
12 20 768715
51 27 726049
68 21 190307
58 56 883116
52 46 704907
34 72 946737
12 49 226259
7 72 619289
1 78 196509
76 41 847376
27 24 748593
0 67 547796
8 29 614778
65 46 873253
12 78 122181
77 50 182416
76 57 252301
68 51 676027
37 14 154335
76 29 110326
38 74 353425
36 17 274192
13 75 541183
36 77 683645
48 7 469813
57 55 245955
27 53 747534
64 33 10773
25 68 621941
24 45 4422
2 26 735882
18 62 462750
34 8 545712
47 52 150657
82 19 32628
69 80 700921
36 45 17665
82 67 47387
30 83 414083
36 62 836708
25 80 76558
60 77 190727
51 24 29384
23 31 856198
9 43 356274
83 82 582629
30 60 12216
75 5 918502
83 60 649237
36 83 282240
71 54 241146
8 58 196027
33 9 44900
3 37 161999
15 60 227047
59 17 54075
46 7 291799
70 19 487519
77 10 375996
75 21 614864
26 49 697340
2 80 68232
8 77 73202
37 82 257476
14 55 406337
39 2 600876
80 72 669763
39 21 322001
61 42 437959
82 41 989236
82 59 697482
1 7 171501
37 48 510019
53 50 821962
51 78 447931
22 51 66690
36 42 759304
68 37 297211
77 57 846471
81 10 900172
52 78 470867
41 75 250909
72 65 660689
13 4 435198
31 73 425
51 41 186810
57 10 897451
15 53 317678
43 67 86188
17 64 96036
53 5 233296
38 48 528155
3 32 444838
23 49 625125
32 21 699917
32 14 78203
11 41 382166
46 74 716631
5 78 733449
76 70 95847
47 1 584088
15 83 335054
45 43 81516
82 52 808508
79 2 754764
49 25 365976
56 45 453628
9 23 819909
69 68 554604
34 29 998407
69 75 250138
71 25 995983
39 18 701778
65 17 555608
21 12 260652
33 1 37286
12 34 956007
49 82 279295
49 80 58064
38 46 899858
67 83 230368
42 31 481232
8 16 986257
55 17 449066
16 17 759124
45 67 370261
28 5 647904
29 40 117411
78 46 534790
16 57 158917
73 42 811768
41 65 285228
14 81 404530
27 42 659901
28 22 925253
3 14 677314
25 44 421603
68 43 975620
71 9 200456
19 18 841825
83 23 34982
58 79 243230
34 70 52180
61 79 280162
62 12 387631
5 36 133954
67 70 347488
2 49 37897
52 35 309047
53 81 19134
53 54 1029
64 77 676298
15 25 427270
3 31 493380
15 13 654097
10 40 48130
28 1 266986
6 69 830567
42 74 842677
68 22 708784
1 5 752093
22 64 656111
20 34 111470
0 57 337712
28 8 185646
49 31 297985
13 72 560862
36 48 533471
0 66 625343
61 3 695451
27 14 951004
77 9 556379
0 10 358112
63 24 739840
74 18 866698
22 8 804010
71 75 708175
58 14 371546
24 74 813796
13 78 936434
2 47 419631
40 4 303245
74 0 116539
13 26 92698
38 68 590111
75 58 65513
38 42 921886
67 52 907613
79 41 71868
2 31 519985
79 67 807667
28 49 751047
14 15 146394
4 75 332614
14 17 358114
48 13 943595
61 18 101452
25 39 778841
6 46 228480
41 69 718799
58 2 537612
82 66 285052
74 4 640411
61 7 77553
11 51 229250
41 6 257278
50 70 874235
23 58 483209
46 18 326175
45 1 483047
38 4 197964
37 57 143360
74 36 400490
26 35 790000
80 68 251140
65 33 181879
53 29 437287
26 70 463310
18 40 255359
19 76 213363
5 70 619400
2 19 905208
55 11 969939
30 24 603790
46 56 743598
72 16 915891
40 49 788578
58 45 517642
78 71 863771
83 21 971132
12 72 557484
27 78 322298
15 12 173954
17 68 372987
50 37 32034
15 5 990143
62 34 245996
30 13 722158
56 55 890336
33 45 672292
72 29 393992
27 7 947145
73 21 840723
44 55 872596
54 2 678443
11 79 725372
16 70 348059
61 65 264347
24 2 514239
28 7 209319
27 52 643231
65 54 489328
7 80 69878
44 31 969488
64 62 523688
52 64 348216
80 6 664361
71 1 989783
83 80 716500
59 20 17878
24 7 700106
24 32 810276
45 80 948288
63 68 240657
26 80 352675
56 12 801408
45 17 520668
80 27 953249
35 59 299022
27 37 958947
24 43 988847
64 51 94568
32 27 283705
2 41 667213
47 16 377337
60 74 36937
83 62 773724
30 17 854887
32 8 454117
80 74 775621
28 10 454011
66 11 970624
51 28 948640
6 38 780476
26 10 660862
63 75 594025
78 10 692210
78 48 977131
55 0 804661
37 13 371183
26 56 763465
52 37 768222
8 75 261429
56 8 774610
65 36 812981
17 78 321975
56 74 111389
11 37 510592
47 80 942778
37 78 682476
82 14 83716
72 48 554457
56 75 506339
64 36 973675
27 10 552130
81 4 371431
51 18 192817
30 18 230420
35 40 632537
10 12 568004
15 68 531342
48 67 612222
53 64 305009
0 63 497298
26 68 644739
54 44 229419
61 15 395144
59 5 845849
51 9 923394
56 41 248759
14 38 568971
40 17 365185
64 81 886285
52 32 370845
49 64 607018
53 55 744083
34 18 728840
54 47 767992
19 44 648438
76 61 146469
47 55 719999
14 20 981747
5 8 760429
20 8 58112
68 57 822097
16 66 599843
54 48 395597
54 82 750894
57 27 841261
83 6 894203
13 44 222752
14 30 176123
16 2 303814
47 69 447262
60 3 649773
3 49 601377
59 34 52969
51 46 154935
80 77 895310
50 31 392060
29 26 934842
66 13 399159
4 55 978452
55 52 12818
56 62 221396
80 73 774735
49 43 965115
19 9 335595
80 66 642095
54 21 407753
71 19 650253
20 30 593428
76 27 278116
15 23 580303
83 11 695935
77 34 919474
5 2 530880
30 59 216142
24 31 532029
26 78 497571
53 73 27738
12 4 705407
79 60 315356
35 71 22473
26 67 277698
39 50 56124
68 61 630479
28 27 99589
11 39 625883
24 46 69168
72 63 706372
18 65 226786
38 22 220258
33 19 734170
33 5 286263
1 15 452690
37 74 792508
51 44 706488
42 41 336170
47 49 543236
59 56 338595
79 17 852763
63 6 314163
68 60 882696
14 52 924743
2 25 104426
7 23 386396
20 17 633906
23 13 946025
50 18 19725
77 55 844149
40 11 906434
54 15 732482
57 24 297657
83 71 179243
12 18 806897
32 16 185346
28 13 750253
60 78 565381
74 66 1017
13 61 940530
69 19 704809
39 8 199237
71 47 419559
21 44 292155
9 46 752145
80 51 131661
13 58 941520
2 76 6931
11 43 876904
58 51 403550
82 15 159142
37 21 970005
40 39 707617
16 34 859624
76 79 998728
45 28 869666
20 74 599799
46 48 42105
55 13 575428
16 4 295780
25 53 547249
27 49 408233
77 83 528624
27 12 236775
30 27 231100
71 67 633061
57 33 585368
75 47 841343
11 45 130928
45 19 112139
23 76 76533
4 57 686228
52 7 108228
4 6 391103
75 38 263226
27 20 453115
19 46 253072
2 14 423619
0 51 891493
37 69 937254
17 58 497601
0 36 587436
6 76 114302
45 53 720583
57 9 620563
70 15 74290
7 68 645758
4 22 811892
77 31 401379
39 80 366050
14 23 883116
33 30 280446
35 82 740551
8 23 132063
43 57 520653
30 74 529221
6 25 998558
33 26 527416
34 63 961166
10 75 368831
36 63 91707
45 2 804784
21 5 710459
0 47 327579
9 82 257909
78 61 978189
1 44 191964
16 39 988413
44 75 635911
49 83 574132
76 28 331941
14 62 306802
20 67 413644
18 66 770343
22 31 659839
13 42 170284
81 50 865664
22 15 523307
63 11 405219
73 7 709411
74 70 602513
79 48 743560
27 39 167442
7 81 977947
47 50 894733
0 75 333284
4 54 504774
14 64 589355
38 34 17819
18 17 722506
31 5 201629
52 73 200383
13 39 477798
7 44 299339
79 65 747410
43 1 212325
65 80 653131
0 82 367148
69 7 903254
62 40 448788
71 46 466296
32 1 365122
28 14 4859
26 44 434307
79 34 407292
35 81 595674
72 76 95089
74 47 426239
49 59 275174
47 81 791728
26 24 699582
83 24 260654
58 27 544771
31 70 947546
54 30 224624
7 83 888777
81 77 651697
32 60 311712
34 27 364186
44 5 160794
38 15 382798
31 20 914984
19 25 927612
19 29 544406
11 67 842025
37 46 82428
72 26 465204
44 57 463090
12 28 229339
9 80 605060
3 51 567017
81 1 602781
30 49 476187
29 31 620264
41 31 188159
38 44 728201
10 80 160246
8 80 766590
63 53 132357
10 2 102697
50 6 161542
64 76 833266
59 69 159685
40 43 139198
15 31 26131
76 36 541832
23 82 386469
42 18 882249
79 81 271540
57 3 422946
83 59 196430
42 76 921588
3 26 205775
71 16 540014
35 3 730234
58 6 643113
80 78 863572
36 27 631302
47 60 703027
37 47 784139
54 8 838433
41 46 909009
30 39 645928
13 11 259614
69 27 395415
21 47 964654
71 33 621668
34 36 882322
66 76 966272
22 62 621257
30 57 112648
66 69 25521
30 26 248002
47 58 608652
19 22 507548
34 43 185776
16 12 666808
42 28 75185
73 70 688338
33 58 655596
35 39 660696
35 20 575094
73 3 354899
0 31 38255
35 42 523800
21 76 498265
29 44 35811
3 66 677227
36 68 61960
61 48 537682
32 20 444896
82 53 462592
17 60 845290
59 42 564692
30 36 182740
67 57 403012
57 13 823431
31 30 541030
11 9 956254
53 38 458874
62 78 99284
83 26 922819
78 0 420225
80 35 722260
48 71 972367
38 71 512594
27 70 672920
52 6 189218
72 61 878758
46 44 485783
31 9 681643
37 36 472560
68 10 580127
56 40 850071
40 46 913245
6 8 740979
25 64 223023
80 32 934677
66 70 258863
27 13 953767
69 24 881252
17 34 902041
42 43 886011
8 19 260723
50 60 377168
39 6 785467
71 26 854833
8 53 278133
16 51 546127
67 61 570870
17 54 852131
32 57 186315
28 33 502349
45 76 659835
36 4 187698
63 74 365701
54 24 888712
38 24 719966
77 79 144705
3 69 866426
28 79 284483
27 71 614427
1 31 687077
67 42 315137
76 56 917381
4 45 472567
25 66 555775
33 32 667777
77 11 753575
31 63 128800
18 67 750550
47 76 956804
25 42 756717
9 41 479616
20 23 365341
68 4 798759
64 2 808328
5 82 442902
17 47 300414
79 83 181823
49 72 909914
18 79 620186
12 5 220588
18 15 93792
69 61 738041
62 55 707261
71 57 156395
37 67 405673
35 67 145841
40 22 577864
70 35 435059
6 35 982195
27 41 953483
19 0 488599
47 56 860610
81 0 656593
26 58 852328
33 38 470207
74 21 65140
72 43 808866
57 2 794841
46 70 268228
22 67 22242
37 65 695851
11 12 628041
36 49 670384
76 44 168253
65 31 436476
67 76 410317
51 72 123805
61 62 349498
38 12 185110
28 38 633359
56 28 33809
59 23 664589
22 69 116468
22 10 936732
21 23 613148
12 0 185740
9 28 419598
70 7 31766
82 2 498176
47 82 670276
63 49 481834
20 79 252370
26 64 710835
30 28 951161
52 63 819077
22 80 973374
83 35 113545
61 35 496386
2 6 821065
73 28 242102
49 60 423527
28 21 297181
20 44 312862
22 11 922654
63 69 45428
40 24 593195
74 31 630470
79 10 208404
22 32 226755
23 53 929501
59 65 245728
29 22 564426
48 83 153866
49 71 299692
53 51 494541
14 51 770204
79 62 789300
12 37 670764
16 78 692143
29 63 897415
58 1 482947
79 78 951971
7 65 100125
51 40 198234
77 45 16025
11 0 319495
55 40 791702
61 8 703054
83 58 76040
14 10 779641
13 22 946207
30 7 588468
42 8 421628
1 51 129632
7 4 559455
61 23 44292
63 28 144482
45 9 523948
18 5 588295
40 38 229681
50 82 956321
30 58 559622
53 57 618967
21 49 156525
25 12 356644
70 83 626863
65 75 95989
68 19 541191
68 75 319200
8 33 705765
25 28 726341
81 65 327077
73 38 969000
1 22 928965
41 62 998544
31 27 777293
47 5 257389
21 15 323215
6 16 121408
10 71 534005
60 29 475443
3 21 839776
65 34 473975
10 82 864656
62 1 729797
32 69 956524
41 59 606299
72 45 167338
45 20 434555
43 65 222456
45 42 490880
79 32 291203
29 43 505486
40 81 421476
73 26 550822
19 14 896942
37 42 189045
2 29 835147
17 73 59629
11 26 285171
76 37 537997
44 73 705093
5 23 756995
33 4 405221
33 15 587435
63 3 466697
36 9 735343
74 26 172981
40 50 977869
19 4 498126
43 54 121754
77 5 578057
22 3 557156
37 0 694630
10 64 799820
1 38 55148
81 63 921355
63 12 30694
13 47 285446
79 53 728100
46 5 234622
54 35 311060
55 20 472926
64 7 589035
12 79 508506
34 75 822764
5 35 964143
54 38 466146
34 6 960985
16 15 713916
9 81 431349
72 53 455327
2 38 55603
66 23 658007
77 37 984253
50 48 434640
77 41 710044
10 63 384444
69 0 105817
55 16 573422
46 12 711496
71 14 343473
38 51 850504
45 3 759609
83 16 506307
13 38 429477
33 51 75463
20 54 64479
48 9 72604
72 3 967619
11 78 748845
31 6 153181
49 22 590227
55 74 896469
0 53 521920
19 66 209714
58 53 772632
6 45 687627
55 48 941128
19 34 85854
55 29 262880
32 62 211134
45 35 620933
5 65 313894
25 55 742885
70 33 268566
7 82 133569
18 29 213674
71 5 828799
30 23 630523
35 13 925872
40 83 307535
40 78 301331
66 72 303077
8 9 121049
26 7 260479
33 66 552253
31 59 469254
35 29 116404
62 21 229968
30 19 48912
52 45 398285
8 50 142791
47 42 106112
33 48 44655
29 15 769931
30 46 177432
25 41 243757
41 26 206350
61 46 46323
82 76 380636
47 59 580413
43 33 938307
62 19 351226
81 68 432953
35 58 901426
46 35 773884
34 2 659840
3 59 304010
72 40 122657
65 0 137906
37 35 878317
64 24 21590
1 56 797646
54 50 932501
57 17 760217
73 64 135861
65 73 428328
83 47 426544
21 38 820821
28 41 747834
31 37 719923
76 60 137194
51 10 420365
25 61 539533
78 83 141017
15 11 133079
49 74 786250
43 70 42704
26 65 484558
49 51 606562
39 37 561374
0 8 185921
21 66 311864
44 62 911331
70 39 306312
9 40 206916
2 83 439735
51 35 900464
28 31 606408
18 28 925436
57 49 886409
43 25 203057
66 22 921904
66 14 452826
26 60 438591
81 21 664860
24 56 679866
57 60 863709
79 5 49922
26 43 981761
60 63 310080
41 23 942293
72 19 373059
59 67 908608
31 8 787298
53 17 78545
28 80 328794
55 80 999936
24 59 389039
66 53 474249
50 51 26600
82 46 994566
47 25 596813
52 1 747822
28 26 377605
64 46 865944
19 20 829296
23 36 686504
72 32 951296
75 11 963529
74 10 415250
28 46 562255
56 27 302559
10 16 638720
71 31 374466
34 76 862498
47 77 919872
30 67 187869
9 73 671163
7 53 740234
17 13 940846
16 61 296372
19 63 936862
8 26 475985
13 21 186192
5 10 172303
15 9 111626
56 19 443353
71 73 615604
39 56 365042
72 23 717193
23 48 526141
60 14 923250
70 61 273754
72 78 941126
71 7 698029
82 69 543057
64 23 175413
72 36 231887
63 9 336517
32 2 245610
58 24 224491
1 54 17561
51 25 797992
71 18 618603
77 44 701389
59 6 824018
68 14 771209
4 69 252450
31 82 133702
14 12 929750
27 19 836628
72 82 640988
16 43 774188
67 58 333032
44 22 221189
7 32 965894
51 37 802327
82 55 660512
53 44 987796
61 58 805114
69 54 277094
6 66 556262
34 21 72146
18 26 771814
64 15 628439
14 73 493159
17 15 622263
63 23 954138
79 6 240259
19 12 740523
16 42 891545
43 55 694788
4 46 836351
15 3 258257
37 60 795158
10 47 655441
13 49 66249
79 54 478473
44 11 298353
32 4 747404
29 5 804492
30 50 260988
49 20 232270
48 42 546986
1 37 252185
26 63 418491
27 60 273887
83 61 412667
4 77 902727
29 51 400386
69 71 204877
8 11 842536
63 48 922711
12 48 663932
78 23 77987
68 28 319228
5 68 501607
18 48 152379
30 69 46243
51 70 173466
30 9 587914
4 79 817100
40 0 539553
11 27 396904
24 23 448958
14 42 10858
20 2 486410
41 32 909406
56 36 180161
39 64 643540
60 72 658786
35 32 165189
24 70 641046
83 37 574380
35 36 919089
46 49 952409
22 14 999640
40 54 486891
27 16 195399
14 8 472388
39 66 154296
73 33 485790
43 75 702026
20 15 559586
71 62 150907
41 66 61902
47 8 959253
43 18 680728
51 59 437740
26 12 77025
65 12 791032
32 9 19662
55 37 211688
80 64 348046
6 19 942303
67 40 389290
76 38 748359
56 25 909498
80 11 914789
16 40 956925
72 41 743763
59 36 994575
31 18 451702
49 17 826262
56 37 140105
49 50 789504
43 35 274424
48 32 447319
4 30 967055
69 55 669260
6 9 659720
70 32 801256
10 56 461868
3 23 443329
76 65 459779
82 4 611847
63 77 227648
49 81 34136
15 30 610815
32 54 388670
79 30 872951
7 2 673274
12 51 85944
82 75 329369
63 71 844310
16 53 404845
76 58 287548
36 82 370042
30 75 364011
83 42 770886
81 71 697856
29 66 266052
28 61 565582
83 5 500977
37 64 731263
38 17 878294
65 45 765815
40 12 977863
58 21 107812
33 35 293830
29 20 835730
35 16 421133
19 83 106903
78 65 371309
7 58 436884
7 18 9024
16 75 615763
46 10 929669
8 43 7585
74 57 773260
51 66 542445
80 0 227367
64 11 627295
1 9 35329
13 29 367281
1 50 314017
19 65 60172
61 43 738146
74 41 346940
9 65 647667
53 48 486473
2 11 153996
39 3 118988
82 16 15263
3 17 801669
73 62 921533
41 60 277745
65 35 987802
9 68 541602
72 68 8864
28 53 341813
56 81 580530
62 76 172545
68 56 942135
71 3 304769
40 68 905257
37 75 172794
59 71 428218
37 53 248273
35 49 998617
78 59 290072
63 55 624168
43 21 417026
22 20 304947
34 13 642294
30 61 462503
44 56 722389
74 77 24338
64 57 297711
53 75 112269
47 57 37550
56 72 439424
54 77 532642
27 66 950398
69 45 512357
43 15 639889
3 78 839756
83 12 373049
4 29 382797
57 20 350558
15 76 913023
34 50 129209
36 61 650613
26 75 946000
36 6 332555
29 61 620743
74 2 620583
10 72 34340
52 20 917675
15 32 828184
50 9 429875
78 33 333660
0 79 279559
35 18 386865
10 8 948826
33 59 745888
22 24 840793
24 12 193425
10 48 49279
78 6 536787
75 31 334508
35 78 21143
24 49 355035
66 37 570980
21 77 633700
5 81 301754
35 75 440551
83 69 217249
61 10 870282
59 38 885701
53 61 348874
76 26 245397
0 5 49285
81 54 428153
61 54 985273
40 65 861016
11 73 444318
47 63 636562
48 20 641794
25 33 537687
29 9 742344
12 13 46084
81 12 270582
8 18 751751
45 71 853628
38 80 774483
37 49 872918
67 68 918732
8 60 966026
81 52 413350
29 65 32636
79 26 964095
49 10 121971
13 31 284513
76 9 835830
28 55 345749
2 35 782161
79 7 770444
37 40 161377
80 13 724459
65 13 579595
13 14 320395
40 31 812477
8 1 574983
75 83 654990
38 3 393978
77 66 453128
46 68 156363
40 34 69070
14 53 87898
31 21 674094
43 13 542004
60 1 807771
83 68 456423
36 22 38758
37 5 186597
55 46 46360
47 61 786763
53 24 931103
27 35 35418
19 40 590310
80 21 853520
61 14 930714
10 41 870105
48 30 262159
75 20 261685
50 26 520410
78 64 217544
79 21 184693
3 1 242782
16 64 504782
49 42 207976
0 20 995404
62 45 734106
44 12 338455
59 79 343637
16 80 276792
24 8 187400
30 72 473519
58 73 935240
11 35 105322
76 68 466193
5 25 701654
4 66 808536
8 68 577437
0 26 169985
32 43 849334
24 21 830931
40 32 723779
38 77 458790
74 34 527672
37 20 751507
25 57 294720
55 21 988865
75 17 224193
67 55 303862
23 19 160631
40 79 497120
3 0 674693
48 56 964328
83 20 621096
5 49 839544
51 54 776381
20 56 919155
40 70 841631
5 57 551140
62 50 108586
14 70 649673
53 70 582137
36 32 441025
83 52 249191
15 48 783790
59 0 893536
83 25 326594
11 1 605387
46 13 103219
83 45 273553
80 18 992453
79 47 181821
29 37 346185
48 58 818860
77 20 303995
76 50 921705
59 48 865174
33 75 4801
38 20 295377
79 72 254704
53 69 116111
46 23 664975
59 13 592387
18 54 756298
6 22 331315
17 72 289545
55 33 983897
83 8 634874
18 45 355793
59 76 90909
12 30 561546
76 10 871526
62 23 269252
71 74 810786
6 53 259752
43 44 903745
12 33 574230
65 2 11569
64 0 821095
13 83 230457
75 80 654653
66 5 53931
2 61 467257
34 11 479416
50 24 568242
6 47 806204
0 28 352429
32 31 216925
27 55 152987
24 15 670366
42 26 838518
51 8 441385
62 25 317753
33 68 798874
22 27 146321
7 0 165604
8 12 140436
1 41 941804
69 16 263274
23 75 800740
33 53 50717
16 33 594652
48 39 149877
30 5 72001
23 2 11489
71 11 364017
49 9 115190
33 2 441447
43 62 297139
53 40 382374
57 8 145472
22 17 612076
47 73 775106
55 66 876572
83 51 594049
52 65 595336
39 65 709745
76 83 942956
62 15 611589
64 68 224081
45 81 101454
56 52 582880
64 29 334751
38 25 419695
57 63 561946
10 50 623919
67 81 104876
55 45 287302
31 46 404577
67 15 334232
10 70 625190
37 43 910857
74 16 460675
38 52 756438
34 30 445731
79 68 793512
11 53 252104
38 18 732734
0 73 324526
53 12 114046
72 31 713720
77 27 180859
57 70 407266
67 49 822460
72 46 261198
13 2 274161
9 38 939114
16 24 220556
64 31 91168
52 26 731094
35 15 93636
52 15 144222
24 75 63059
11 74 149118
12 9 818999
15 77 595710
13 41 609018
75 62 842684
27 40 19699
66 43 207513
38 0 832502
81 43 192843
81 28 587984
75 67 939947
62 9 847734
77 67 794654
7 17 997426
82 40 499249
11 60 260529
34 80 237228
73 79 391213
80 40 488469
19 49 290013
21 71 88141
39 72 310605
31 34 319329
38 29 442585
12 23 604231
19 55 89697
54 83 227074
69 14 11104
3 40 962092
71 41 533371
67 31 719593
47 72 368330
74 35 296570
66 34 869127
68 20 887659
59 14 430739
34 26 992291
27 44 562119
73 6 180227
80 50 113211
70 59 118761
52 3 770133
5 76 302264
66 83 926297
64 8 802884
52 13 667289
21 36 762268
63 78 522846
71 65 13865
1 67 335721
10 52 712565
78 24 210716
5 9 261171
77 29 851229
53 22 996086
66 63 229945
13 73 7425
62 4 386934
54 60 528296
25 81 157877
67 25 662775
1 59 942201
0 17 185169
46 17 231338
70 49 103980
3 77 391866
12 1 516301
15 50 336541
77 82 343198
76 12 136443
6 24 807129
78 38 504068
27 3 423263
32 29 847792
8 65 841724
66 44 922488
30 6 849461
33 13 3422
41 40 765891
16 11 647158
56 54 96292
31 83 140884
77 70 215620
19 16 470433
67 23 448666
5 72 109912
53 41 347882
13 18 170653
0 6 169880
17 12 391511
19 58 160407
23 77 958375
26 22 408258
82 33 930407
19 35 308249
34 52 507866
23 44 20297
79 80 955726
26 36 280833
31 54 651921
71 53 308213
47 64 902782
7 43 931042
64 63 822073
64 4 288631
55 49 415010
32 42 57999
55 59 118256
56 15 922715
7 76 84820
58 32 348798
61 40 145638
83 44 111160
35 9 888039
66 79 96164
4 39 648059
69 70 838683
73 55 266995
76 71 624275
12 47 867998
22 74 278134
53 74 752055
57 19 735301
55 81 431180
7 37 274460
23 65 553226
26 32 442200
43 3 828083
68 0 320346
19 1 201335
59 19 83196
61 82 337733
39 61 622662
56 67 621274
71 4 126602
25 76 922891
78 56 327715
21 26 409967
28 67 583454
78 50 897864
59 43 909928
67 7 37361
1 25 340850
43 46 489793
72 83 245409
10 30 566587
11 29 18831
12 64 528733
53 32 673355
72 27 298229
11 24 620111
22 76 467449
0 54 419925
8 40 224880
69 1 656811
55 31 299550
16 52 874344
74 44 29010
74 1 246793
53 2 496955
2 81 697130
40 47 558921
10 31 881140
64 19 459917
50 71 224687
33 21 981920
63 76 762125
38 67 771817
45 12 985781
55 60 941397
13 25 973634
72 42 606235
46 57 975821
8 17 618262
66 50 582048
12 41 997189
33 0 680770
28 60 271486
36 24 512020
52 44 821668
50 13 454639
13 6 135525
62 0 338626
29 25 817283
28 52 162874
62 60 32136
74 75 927483
54 57 759911
42 30 621061
80 70 686715
23 11 203375
38 81 2782
60 22 245019
42 71 73173
5 54 400848
1 42 848473
13 77 475966
44 71 79863
47 44 265604
43 56 79834
4 42 1718
33 49 77896
1 57 728621
26 62 137649
31 48 963279
62 16 325073
19 67 510267
27 82 30509
55 42 349370
41 3 223167
10 18 134987
58 77 276363
71 37 535247
40 69 965231
69 57 902450
6 49 628326
17 44 678558
71 43 7411
55 68 138801
0 39 128957
34 23 148605
48 81 833582
21 18 902199
7 3 603299
46 3 23391
65 56 589971
37 8 854626
59 25 619619
6 51 889625
10 4 39466
80 43 571528
66 38 756150
14 79 513109
25 36 887910
65 60 419482
45 40 732123
49 34 426385
47 38 4192
7 35 138685
61 51 960320
31 78 844247
36 29 64614
69 58 574893
59 27 446623
26 25 458542
68 27 509402
10 83 969381
63 50 857777
70 8 967742
71 64 654663
56 14 24381
79 27 760618
28 17 11725
67 21 503132
20 72 587193
45 75 25675
7 39 537732
15 6 276194
83 65 787807
39 51 879489
75 19 828005
3 42 797004
16 7 941958
10 36 585818
28 2 137253
20 26 694037
74 28 869718
39 57 658400
29 7 988666
33 76 337838
8 69 792340
34 61 503199
69 31 15727
23 6 318966
63 13 510932
52 21 961111
25 30 969819
34 57 285466
36 54 962959
43 19 898931
49 79 489946
4 11 546378
10 67 683107
47 22 904791
41 29 836225
18 72 260024
45 51 229124
35 55 683102
21 4 122902
45 63 877704
20 53 299305
36 3 890397
10 32 54491
28 50 62002
39 44 330163
46 62 396829
38 41 349353
1 14 553809
20 50 617257
52 9 989972
52 61 417826
55 5 172941
62 54 425600
20 70 358251
34 71 967435
0 32 356696
54 27 437786
30 8 452523
24 5 14919
21 64 484602
57 18 659743
3 4 468734
82 58 525737
6 44 775622
82 30 749036
63 38 544739
60 52 14121
49 4 833199
66 8 749934
82 8 269027
76 74 949108
72 0 394972
24 61 593541
70 12 584364
24 35 447273
4 80 211289
57 36 497480
55 23 844782
6 17 263026
4 18 195180
16 22 578420
60 69 900306
52 50 588111
78 58 28141
54 13 180320
65 30 100759
3 79 485128
6 74 782062
63 2 746003
37 28 169956
66 67 880530
62 57 982905
8 59 190781
62 35 875189
65 20 834556
48 8 599133
37 58 689299
9 21 65407
20 78 345406
54 73 583099
54 55 128147
66 36 14941
0 83 367158
21 20 782765
63 30 187667
82 73 330292
46 16 283747
54 33 258190
25 78 744082
37 24 680312
73 45 30492
46 1 558073
67 51 593592
37 34 436022
13 19 627097
11 49 826845
49 78 509149
82 38 11958
42 80 263130
83 28 467671
15 79 836115
32 28 115908
65 64 96904
44 14 973075
46 22 978791
33 23 647552
54 22 102294
40 2 237886
27 61 525053
40 60 319460
67 3 449233
32 83 790278
60 67 135544
62 3 411849
0 34 531978
54 59 365033
2 15 825197
68 32 89139
78 36 694193
22 7 730334
43 50 80609
21 78 603661
11 20 564807
69 65 989100
41 67 726695
42 34 110673
34 7 286426
51 76 147597
76 17 154683
48 43 462980
44 65 824776
50 73 527924
59 4 411710
24 80 310267
14 31 410620
12 75 9799
72 75 353759
59 58 720820
80 31 907542
62 74 67862
63 5 935059
65 51 6597
24 76 156143
82 64 166024
60 80 67236
35 17 189490
65 62 516525
18 9 307999
66 40 420214
50 55 153289
57 28 832751
64 1 130700
75 18 877656
11 48 582455
41 36 654063
52 72 44736
76 14 710667
27 21 665714
15 71 463599
22 81 832200
67 63 718886
70 55 263172
77 16 789675
12 74 608507
42 19 463106
25 22 4189
70 78 714914
9 79 585852
56 11 687020
57 52 67308
17 56 381891
21 51 172467
4 41 99709
7 13 174184
80 20 168186
16 48 191655
18 14 490081
77 1 586351
74 32 389909
48 77 586585
29 1 959933
64 27 474752
8 15 354843
72 6 122342
2 30 889478
83 64 210406
17 11 382271
76 20 972789
67 8 61560
46 11 90763
48 6 310463
2 4 320399
55 8 43679
47 53 600813
83 22 800614
47 9 322953
67 12 981559
54 29 574615
18 76 757880
50 41 903826
72 54 317650
33 14 895363
69 2 793463
69 20 994358
61 33 987280
43 31 750160
50 11 461961
36 73 754796
81 37 430557
53 1 392592
73 66 814981
72 77 582413
48 75 943095
33 39 190813
45 74 805171
80 57 212807
73 25 153474
10 58 987960
76 78 898079
3 74 370804
17 80 386456
81 26 359072
58 54 333575
46 21 437943
42 53 14429
73 8 212484
34 51 655858
45 16 514108
60 73 648514
5 48 584607
4 73 84518
17 25 7358
10 17 176938
18 60 873316
5 38 530125
64 20 762422
44 34 66053
29 67 812236
77 7 409457
16 13 803187
6 71 457895
13 82 133755
32 39 854703
24 13 18564
39 58 703815
34 67 164517
34 64 719293
64 9 536150
56 5 507532
48 19 703779
79 44 377026
15 63 978417
13 20 279761
2 18 70344
55 65 558722
70 4 306643
57 29 660881
31 25 837239
13 69 191476
22 63 598693
50 7 717377
19 10 730930
28 24 601614
72 58 771179
3 11 710301
60 51 373291
17 4 346784
76 31 657605
66 46 524611
75 3 948993
66 64 888861
6 21 641922
20 16 183173
62 80 321094
59 81 205018
31 79 856138
3 28 558916
69 25 249868
35 28 221852
32 64 876200
11 82 748818
72 2 459097
24 19 745486
57 31 535760
58 11 839567
46 53 157873
72 9 662569
23 50 945712
70 72 848058
5 73 179714
58 43 777226
43 38 51246
82 21 244822
34 22 870184
48 65 458706
70 58 77074
51 43 387457
41 16 548224
3 44 247366
42 33 896907
46 36 124384
48 82 136615
49 1 590168
77 78 550131
36 71 956020
41 8 519693
40 77 759620
44 40 647863
38 70 45543
78 4 463471
47 19 352272
64 43 887095
54 78 915737
56 6 753978
27 5 149379
17 24 143774
7 9 633146
13 45 533262
12 58 39335
13 40 10559
68 54 186674
6 3 765135
83 53 505895
59 68 148870
39 22 452753
52 12 336077
50 4 590066
27 15 506583
83 14 240815
53 13 123404
59 2 79493
4 37 595853
1 66 115582
10 1 123963
51 82 173392
42 7 291453
78 75 855104
51 5 46580
3 2 593319
28 75 378144
10 33 134024
68 35 440847
15 40 518684
29 45 477646
47 20 676073
7 47 600368
67 64 439138
79 22 70188
41 68 840970
66 17 279395
37 6 728377
68 78 44934
14 46 98049
61 1 162716
19 5 263548
47 43 545105
57 65 838091
62 20 732480
14 35 450368
7 55 470142
60 31 923724
62 47 388141
41 22 71024
27 43 699294
60 81 799394
12 32 269713
72 22 61004
31 47 642677
7 49 937673
81 58 610337
13 70 481973
45 78 481198
71 0 809965
63 43 267283
19 41 486029
46 47 358902
34 9 604004
74 78 122513
64 72 800423
30 29 263648
23 80 576738
15 59 298554
37 30 158484
49 48 311012
34 55 362430
36 60 394463
18 68 730202
78 47 501201
34 48 626883
45 79 451004
10 7 727787
15 78 764999
45 8 873083
81 27 634133
25 82 558980
38 23 577681
45 50 406537
74 8 227219
25 34 686916
71 51 901093
50 83 577247
62 10 599702
5 74 564461
1 68 810998
49 41 757388
4 5 48897
75 15 356493
44 8 950867
60 34 92706
75 36 472341
13 62 132378
53 67 244363
65 74 323984
33 29 609147
18 3 118717
61 81 51289
81 19 808113
0 77 414598
29 62 984590
46 81 267873
35 79 623222
35 4 369783
63 41 660788
8 3 133307
39 28 763025
22 55 960442
2 52 284111
46 8 807289
21 41 143278
58 55 696049
23 4 367482
19 74 324551
36 14 170015
37 16 467269
40 21 186137
70 65 137591
10 66 828191
14 7 701699
30 71 400248
83 41 536812
68 50 516832
62 8 220100
67 2 739830
2 66 476651
38 37 756393
48 2 810697
45 37 159941
79 70 742134
45 70 844252
83 18 332121
28 48 325275
59 53 494920
8 27 259606
23 71 559385
47 18 126153
56 66 882498
61 41 962298
71 12 815010
39 24 793737
14 50 976418
22 75 964703
6 11 919875
28 44 276680
6 61 586759
4 53 134934
33 74 165636
79 70 1

