85 324 7
19 76 957099
33 60 258628
21 62 66625
31 22 885349
48 36 203616
22 39 146082
38 20 415836
18 43 54772
14 12 873912
53 12 759117
31 2 977479
8 51 304159
33 46 275952
14 1 483023
37 61 678380
70 6 816282
30 16 384598
40 50 750653
83 9 902637
80 37 956455
55 24 384352
37 3 683857
29 80 603198
42 84 986417
82 29 559075
49 84 667870
69 48 293489
40 22 269382
71 1 139772
68 51 49687
70 8 625796
79 10 163189
41 77 6734
30 38 959670
2 10 204978
52 2 972563
18 72 625386
30 80 847531
81 29 31134
83 34 332133
15 77 987947
37 39 674776
2 1 403169
24 35 328828
26 10 669378
33 0 405249
3 60 547448
59 60 738137
19 20 182560
28 31 341578
25 13 103880
72 16 734936
32 22 870096
42 73 239878
48 32 605236
78 63 247809
39 78 170240
2 69 761648
31 75 779630
48 0 635552
5 65 988721
56 51 575522
82 34 943572
16 32 291938
46 67 629554
45 14 733327
75 49 471026
39 79 193997
31 34 734484
74 48 997035
59 68 683351
70 14 336040
12 71 587956
44 84 621314
24 78 812335
56 58 911151
46 2 168117
53 26 537631
29 45 564984
72 24 46116
23 14 114244
79 40 953725
24 69 163889
54 68 122905
76 47 329894
33 9 198089
53 0 451385
48 72 112820
44 23 419017
53 6 807525
51 3 380302
77 59 371982
26 33 249495
9 22 853021
57 69 420918
80 19 534478
76 26 42968
38 39 394105
34 53 842748
8 79 833874
38 8 687449
77 19 938560
11 59 178664
77 11 276959
42 28 242230
2 75 749451
44 80 562210
9 72 414100
65 25 855134
84 2 847314
0 14 267668
23 24 362397
24 33 806743
74 40 304806
74 56 986549
37 7 813034
25 46 231357
18 35 142313
41 70 628693
44 37 962866
54 42 420170
22 65 782981
18 31 109996
6 4 29313
48 64 693822
32 8 619709
41 0 967270
41 17 165916
45 39 557942
7 58 823687
59 12 464858
41 1 615401
37 15 766766
84 1 537163
19 21 330051
49 72 436699
63 46 621900
34 71 879226
5 9 210001
37 6 120206
19 66 41466
2 59 646373
46 69 284210
8 45 424197
4 59 637077
77 24 487014
58 24 520295
79 75 143818
11 20 170763
64 44 311949
75 19 767836
18 16 733904
61 26 838125
60 14 649692
23 27 379992
53 13 78513
8 65 586745
31 1 273317
35 59 471820
63 47 191238
32 37 5177
64 12 767168
73 0 936734
77 33 745065
77 34 749344
47 52 610210
41 72 236860
8 68 632293
46 10 545106
79 43 45516
77 2 755613
60 81 737827
48 65 437127
68 16 260573
39 1 801947
77 72 73977
30 37 457910
49 48 589771
29 4 280578
20 25 746180
58 26 859347
22 62 469629
4 73 841185
48 52 555893
24 37 753973
33 29 923987
10 54 352271
75 37 744202
28 76 341719
60 30 890936
15 54 572219
59 20 100998
49 33 471884
73 56 734211
41 61 939388
69 14 574391
12 66 882699
1 43 995622
6 68 268264
25 8 464315
10 30 316734
3 62 961316
66 17 74725
25 4 485329
44 48 726454
54 17 563581
61 66 307753
50 48 517502
44 81 629944
20 22 551612
1 82 381384
31 38 810626
52 75 509117
66 74 472233
69 54 556537
52 29 880562
49 40 836677
15 64 684435
55 19 25101
11 42 515503
76 61 690902
10 42 228602
66 25 240186
22 3 493541
50 54 725091
83 77 845036
55 59 684235
54 81 467205
29 8 735068
74 68 798172
78 70 333455
28 84 72027
22 68 444702
39 4 624678
30 82 71516
2 42 499559
35 53 735751
77 5 347265
16 20 380805
77 73 858186
46 0 339227
56 40 768322
37 60 658224
72 45 403954
15 36 506875
69 23 372329
42 79 501478
20 34 529340
39 82 207231
23 78 83574
67 10 54039
61 15 917372
71 84 100184
71 40 707205
24 50 914693
52 39 195902
29 23 685687
55 22 277921
63 62 500573
29 42 358054
61 69 211320
36 45 426399
44 67 39138
32 7 875610
39 72 545339
42 35 881731
36 7 958078
23 45 408798
3 35 894969
29 35 226265
17 7 3895
76 82 396034
65 28 781247
59 80 59417
79 14 172071
63 33 673754
77 64 69379
2 0 634607
82 59 325601
4 7 859660
81 58 345693
17 58 928696
4 9 110735
14 83 934519
84 19 395849
67 29 12238
61 68 145063
66 43 173380
31 30 635241
71 80 15808
6 41 393529
23 26 998460
3 55 378455
47 4 21457
38 43 392421
0 49 640404
3 5 142991
84 31 508466
18 75 484442
49 61 983569
82 43 855036
65 4 293552
80 61 489909
31 54 325593
37 35 97973
7 43 695626
45 32 2225
21 11 159647
58 60 579466
24 51 448952
19 48 416033
24 11 558356
64 67 380530
54 26 440480
29 55 695979
36 74 381873
6 47 277492
48 23 636093
30 42 588197
60 35 322360
73 54 835009
13 30 504335
53 27 989828
28 40 268757
37 0 63
8 19 45
49 61 14
22 84 62
17 25 43
74 42 5
11 76 1

