71 1884 2
50 54 535187
14 36 72955
43 4 359492
60 11 545080
32 23 553996
51 64 461854
47 17 590899
31 55 427528
23 16 450871
6 51 473679
37 51 806891
43 44 530538
25 51 454006
52 70 656156
26 10 390386
31 28 592345
7 29 685184
12 60 437163
39 49 102032
58 1 974706
5 12 242712
32 63 542277
2 15 344579
64 52 14072
29 18 78301
31 17 357490
8 65 427063
27 13 664851
27 50 692109
67 70 261018
17 46 199513
20 49 707806
53 23 192290
67 45 837544
66 45 46977
26 38 820517
49 13 386395
9 45 566154
51 41 360482
66 36 640207
12 20 595467
39 40 448563
18 62 62199
29 26 686211
32 40 185811
63 4 769688
45 63 652023
45 34 553179
34 60 538516
10 52 745994
61 22 359412
63 14 99431
42 70 188065
16 1 393844
12 3 942726
61 50 635923
35 67 392313
66 11 416533
45 26 900552
12 30 888241
60 70 917129
2 57 110723
25 11 161995
13 60 839309
25 33 786123
31 19 918489
27 18 551080
26 3 872641
17 4 912488
3 28 300976
35 5 693582
14 5 508257
51 18 799140
5 66 478879
24 65 684812
28 64 546885
63 20 597349
59 6 874535
15 5 947390
45 64 27114
58 13 843551
67 8 59062
5 16 627173
12 48 16804
19 16 431721
56 60 371929
1 27 183572
19 21 61029
66 60 467150
49 34 870856
21 60 684240
2 22 761264
15 57 87116
68 56 319496
29 69 465187
64 18 131341
30 21 821351
23 7 47296
15 16 725578
60 27 663585
57 24 985858
47 61 381287
67 31 386470
59 31 298113
55 40 14184
68 6 808268
4 30 78692
35 11 557785
25 38 181749
69 23 807899
41 11 225095
59 60 524810
68 61 141152
16 58 674171
49 65 965865
64 5 437283
66 22 686383
54 5 474534
25 5 518441
15 69 613705
6 56 432753
50 36 145074
45 29 802525
62 35 821809
66 16 498492
25 70 616280
66 20 109693
44 9 589170
33 23 522910
10 54 534896
1 28 785313
4 3 844528
66 67 320657
40 4 208438
18 48 91845
67 60 97933
8 41 822339
44 58 754237
29 51 607496
48 46 194682
69 14 496237
23 61 832914
3 19 852254
16 36 33005
4 29 965578
60 6 139765
36 60 115807
62 33 22029
38 51 444647
68 35 382460
4 46 833869
11 24 401655
45 16 212479
45 14 200979
46 1 521577
57 6 634296
35 20 720879
62 39 741898
36 20 4614
18 34 182680
4 53 835370
28 63 822133
5 41 738014
19 34 536141
28 8 189859
30 45 553237
8 9 693994
1 25 545749
40 36 914817
18 24 106721
2 48 646475
63 23 622437
60 14 503642
3 48 809297
12 0 864191
40 29 563931
51 7 794462
38 68 23810
24 40 219521
44 33 157386
40 48 55229
25 45 15136
56 24 599082
50 24 548992
54 42 546831
1 14 412432
24 63 774962
19 68 172412
24 31 75905
45 21 601034
18 36 213476
61 26 293094
64 25 369716
60 9 464627
34 50 821217
60 40 624498
12 25 540332
16 37 762668
56 58 679111
5 30 536352
64 41 612288
27 55 880526
63 43 165073
36 37 745830
47 55 927396
24 27 662441
42 68 302605
66 8 979985
0 40 728526
21 41 530562
9 42 703323
37 57 850144
24 67 265603
46 22 282301
47 45 636650
20 11 806537
48 31 863048
68 11 186970
19 58 664314
0 33 347406
12 62 153308
53 37 614147
39 43 824806
50 41 467573
20 17 67645
37 22 821895
21 66 134230
45 11 431637
67 51 503922
19 4 485327
64 7 890938
53 24 555507
37 13 438661
5 6 634388
28 47 562580
4 54 872183
30 42 470273
64 58 702349
65 57 1170
50 5 795697
70 7 136876
8 13 844744
44 27 993119
32 44 155372
42 18 534891
4 49 82063
34 24 485265
31 21 714306
12 40 228820
35 60 195069
70 53 937963
2 52 841889
27 8 452485
60 5 106332
5 61 432719
18 65 882697
41 34 165835
19 29 677080
35 28 357641
11 69 393777
46 44 104442
58 69 337017
42 43 32066
32 49 906630
33 70 981396
43 22 837027
28 33 409101
8 20 685014
27 6 358623
68 53 375877
4 65 352846
65 61 884630
11 19 316251
64 46 137863
27 10 958086
62 4 383180
70 21 909000
42 37 871744
25 43 673953
33 39 293611
44 5 684687
6 39 837606
15 51 53110
24 29 642717
56 13 558653
46 16 276237
11 10 869449
53 49 991020
57 66 614700
52 49 886325
8 63 884429
57 8 931481
49 41 826891
35 26 436037
30 2 41623
46 5 143528
33 5 868639
58 20 384406
23 67 975357
40 26 206642
48 27 803089
52 57 681507
53 11 537876
9 28 137301
46 12 780248
58 65 836405
44 57 300516
52 35 778684
57 63 184144
66 37 13139
16 54 340931
30 34 583047
4 7 402122
63 58 365111
0 30 303150
3 57 771651
37 63 184555
21 43 605007
15 11 130568
62 8 7517
38 36 588700
51 16 847585
16 64 471299
44 53 685920
40 44 667557
17 43 300815
15 4 266662
44 56 379616
15 32 952696
25 68 604661
13 45 869280
57 56 478124
60 10 360223
56 65 54890
67 55 123583
70 58 231616
7 31 379554
21 57 680813
66 33 693332
7 8 783604
68 49 526826
3 1 673001
35 59 182989
19 56 226764
13 52 163219
59 28 769004
65 28 50199
38 49 700136
14 56 535634
43 5 212963
68 30 214345
69 16 602747
69 35 287328
65 34 568374
65 3 546574
7 69 468738
40 16 890686
40 19 833075
61 69 637809
11 21 933343
25 28 33511
30 43 37441
64 69 742185
26 69 535154
24 36 400662
31 54 392121
38 37 743460
36 19 898661
22 6 273825
40 9 489631
63 41 56746
22 18 236947
13 59 29652
41 62 493017
55 26 34556
24 62 213266
43 26 6001
55 7 273666
43 52 714058
66 27 238097
20 4 620848
27 7 931312
15 58 414186
28 40 438759
49 8 824028
34 70 705543
38 43 638871
55 49 131962
27 37 135731
56 16 112698
68 43 506851
70 59 290375
10 35 511792
50 46 90666
63 36 955119
66 47 66262
60 16 277837
63 67 432140
32 6 189451
0 70 243589
34 17 835733
36 64 232851
46 58 388597
16 38 418270
16 18 375232
11 6 902453
7 14 251769
58 3 389801
3 41 476476
63 64 895613
39 11 992703
31 36 761607
52 0 741932
60 65 710579
42 44 923711
68 31 713788
55 30 731979
9 70 335962
10 48 298431
28 36 586121
59 25 10912
55 20 675948
3 55 929961
25 31 854290
30 36 158873
12 26 437
29 46 281385
18 14 358903
53 29 142949
61 9 172133
29 38 887615
68 59 889040
49 15 426715
19 49 925354
56 31 21145
70 56 375899
38 59 30073
8 2 634661
28 69 747028
12 51 240346
42 26 534392
21 59 825685
15 25 395381
30 46 206780
59 49 582397
2 25 386947
42 25 916458
70 5 461587
29 21 938390
52 16 64884
46 57 28885
48 7 605064
48 29 399950
5 36 780022
2 69 934546
44 11 206509
25 58 689105
45 35 440378
21 0 206873
32 66 648257
30 32 331056
61 17 140642
9 58 543634
38 20 558856
64 38 67537
47 2 163695
53 66 709830
58 40 629184
6 8 244031
15 70 78454
50 1 319826
28 58 639133
35 64 204539
9 54 922784
9 49 254615
64 47 692831
66 70 869447
58 57 852061
26 16 851294
67 21 45531
59 32 727114
16 22 452625
5 63 88374
27 43 383213
2 39 54467
29 16 797254
36 57 117174
35 17 738483
6 58 942860
70 69 150245
66 15 606260
46 63 295315
51 62 268112
6 31 169211
17 37 346982
7 12 133437
58 29 96079
22 51 363237
32 21 932209
47 24 153642
26 33 182836
13 31 226435
15 62 97435
38 62 341761
20 57 557496
42 62 453652
11 49 802757
45 70 694201
47 12 904074
2 6 542692
25 39 719226
34 11 207840
33 21 231916
55 38 32692
66 0 576298
51 30 3982
18 23 795188
17 19 53048
30 48 305700
17 25 382206
25 10 939360
12 35 296993
62 55 357587
12 66 739868
37 14 699371
9 15 442531
41 47 325690
12 41 358516
36 62 33560
8 55 207596
25 54 295368
65 40 390142
14 67 464201
27 46 527155
19 28 476929
54 13 737022
33 6 950393
27 45 335024
40 43 962693
67 47 480429
2 38 728429
44 25 36018
1 52 120015
53 1 233193
10 31 589929
32 27 19692
66 62 805375
58 27 797327
54 34 773090
59 64 784571
38 24 206990
11 46 115496
31 49 688324
2 7 400343
26 5 425375
31 70 82319
44 64 495127
7 65 393119
51 13 433697
2 64 476882
61 70 252658
65 33 425623
11 13 114957
46 45 345165
57 22 765886
47 44 947894
18 35 59316
34 26 12554
67 49 181140
23 4 204827
40 38 300019
53 25 117780
35 23 28943
42 63 71625
28 55 296716
6 40 10941
62 32 660427
29 68 615468
54 57 445392
65 20 722752
34 23 703598
12 33 856829
23 11 60085
11 51 368848
57 29 485953
55 58 205788
38 31 102169
31 53 818353
39 69 405199
55 44 620299
49 14 33562
2 13 467356
23 48 97204
37 48 124634
43 8 493273
66 55 10952
39 28 361763
62 40 247012
15 17 210486
38 63 325442
2 43 384636
20 47 360064
24 68 27157
6 50 601294
2 1 707210
36 59 846640
5 62 571852
7 20 34454
54 64 363616
38 0 866707
27 34 4352
38 4 909659
1 38 8822
55 46 148741
20 15 11010
25 23 39049
7 18 851860
30 29 296171
46 32 242189
60 28 674534
22 36 339502
68 60 375307
42 17 642288
52 37 821545
31 33 285332
18 58 176343
40 47 41230
31 1 483557
56 66 422264
19 55 136264
58 43 706979
37 4 579476
50 51 833850
37 47 268228
4 69 141423
32 53 756825
18 57 700506
65 36 977281
61 27 28601
50 21 315768
26 62 271496
30 7 820640
45 65 896618
25 41 840786
9 22 122318
67 30 633718
11 57 299755
19 60 243574
10 65 794096
17 23 620043
8 0 953852
55 57 844283
48 69 466549
68 28 966707
54 46 960771
9 25 660710
39 3 537483
32 39 665625
8 18 811375
59 4 448601
66 6 202207
59 65 590053
46 67 590142
26 11 765134
54 38 660199
66 24 489343
6 42 7951
67 15 979504
46 6 430063
35 19 798231
68 51 34858
5 29 268247
63 22 567345
9 6 940394
60 58 629146
64 67 923541
30 19 150443
8 46 288487
56 67 726644
52 7 692274
18 28 458437
64 27 387876
52 27 234295
12 61 512856
50 53 49595
29 33 732895
20 2 166291
0 61 881267
33 56 835888
27 17 574215
26 19 643492
29 6 829641
54 52 279102
34 10 347757
9 59 591089
47 51 862591
9 43 825539
33 54 757088
33 19 355665
47 39 738954
36 9 188990
30 70 290860
20 33 566373
9 68 19029
66 9 898310
61 32 371876
41 33 524278
7 22 201201
55 70 808524
36 68 907982
8 69 396594
39 29 694968
31 50 276678
58 0 614791
59 27 635670
57 67 516978
34 9 567391
18 31 487764
13 36 45201
5 69 303670
51 8 658816
13 5 868702
0 42 647186
70 68 178312
49 1 588919
38 39 374545
48 39 396806
23 42 205914
20 41 643298
62 3 70411
15 37 677267
27 68 47629
43 14 134645
29 9 280614
2 68 944487
37 10 536347
47 48 505806
11 37 316357
61 7 10397
13 48 584992
3 66 321967
69 1 134275
49 12 615637
40 64 155479
14 8 581080
68 33 115504
69 66 761236
4 61 499463
26 22 225014
20 23 796899
2 18 92188
58 36 32205
39 20 227831
64 39 264122
1 11 795811
36 6 386586
68 3 50866
59 48 420676
50 3 491726
43 60 647624
35 25 176519
26 8 810588
54 23 260202
55 48 33228
62 9 4013
2 12 954006
42 55 995771
24 59 335085
33 52 420901
63 18 601618
38 41 874831
50 30 899382
10 32 187936
62 61 393086
24 9 250079
62 45 263878
48 52 667786
22 55 322550
39 70 857937
5 22 67988
4 11 17651
46 15 53869
24 30 535009
64 50 797803
47 7 163711
51 39 816576
40 59 863659
19 39 828518
57 19 115244
19 13 19366
15 55 436230
24 37 163302
12 9 203366
65 41 528235
4 27 300125
45 44 728761
64 61 270992
7 34 21884
63 44 419341
30 22 207871
47 54 855398
43 0 478718
43 69 278254
1 7 882218
56 1 658905
42 7 847862
0 11 14447
6 52 681994
30 52 86271
23 13 411434
35 0 969856
55 68 84404
24 5 253532
43 3 723431
23 39 227680
10 15 83622
17 57 996050
47 19 745365
5 49 947242
46 39 88406
54 70 27460
61 45 955249
18 69 123609
4 12 21150
8 48 839450
17 59 155365
61 8 230584
42 36 65686
54 19 761911
44 61 719764
24 0 325047
11 32 919489
16 21 205874
13 46 132864
41 57 629418
43 1 119012
21 3 620630
48 49 708193
41 68 748243
14 31 643481
3 59 505685
20 18 818452
30 26 525809
32 36 463318
58 8 960245
56 15 382919
16 49 956358
19 6 750297
59 11 926773
67 3 968549
29 55 172952
10 16 986819
56 40 340831
1 8 675140
26 58 34590
5 45 498671
17 7 671303
19 23 927878
52 45 989777
53 38 51800
61 14 383796
45 36 637655
51 0 134711
59 61 213566
26 21 762437
43 12 579392
55 64 570272
8 5 426734
38 28 228031
40 42 959541
43 46 474334
54 58 979993
27 63 999867
4 68 740279
12 64 875469
44 28 867067
61 19 643771
57 42 363384
5 28 91569
12 59 761458
17 69 256436
51 66 259982
47 43 217648
55 65 990690
46 66 578665
47 35 909027
59 30 136481
50 13 11878
3 56 823723
52 68 360613
68 57 625285
52 41 747613
18 53 498687
39 52 307232
3 5 579309
59 56 289695
65 66 925342
18 30 872930
46 23 963095
8 29 721474
11 42 695997
27 11 784633
11 67 490417
44 3 924018
1 36 635383
44 65 261849
54 0 168152
14 40 476062
4 39 923783
66 1 924271
7 66 190351
63 61 938218
58 30 782456
43 51 618960
36 54 923897
34 35 693940
49 63 109806
45 42 212479
39 54 222213
9 17 21252
5 59 501382
54 22 243935
39 55 179856
31 29 479010
51 2 505129
6 43 254525
10 29 392231
1 54 190396
42 51 710160
18 49 718695
28 50 171141
65 12 373944
69 67 91852
30 17 825938
17 33 864577
49 51 895711
23 5 329307
4 33 431770
64 49 20404
56 63 980613
19 44 434910
49 50 376026
49 3 275214
45 4 875472
30 39 674182
28 4 299097
46 41 153708
22 69 997494
60 0 141259
24 10 266318
61 30 156677
50 2 186524
19 70 327622
28 7 951253
34 55 464548
0 6 239177
3 8 857785
18 9 857710
16 24 48010
26 53 475368
27 2 543943
6 23 715547
10 8 444428
65 54 7278
31 27 317372
53 67 767374
22 68 694612
52 38 191217
57 69 723643
16 25 413821
11 62 177384
31 46 323274
15 40 292215
55 37 750628
35 33 140630
42 8 994598
54 30 567146
28 48 637216
8 32 37648
6 65 607153
21 51 225750
27 40 355681
66 25 485049
55 10 999250
27 39 128279
42 66 251090
20 48 256352
54 37 135910
60 54 646147
24 60 945916
28 12 360444
19 41 604766
51 70 310374
29 65 241686
34 38 471199
0 23 88412
25 56 585829
25 14 215792
29 17 21901
28 14 710786
31 44 27191
37 65 55141
67 22 455823
37 21 852222
45 7 930747
11 40 38644
62 2 300822
37 67 186250
31 16 893943
17 44 733298
50 60 201149
9 63 487939
55 69 942008
55 63 848680
32 20 835286
26 56 303533
64 26 988824
19 15 321721
70 3 424204
47 6 602532
29 42 707072
61 51 548613
37 9 367227
1 59 315262
23 58 155567
4 56 637132
1 67 183102
27 41 607016
58 35 38895
21 1 459241
38 19 878239
12 53 792969
40 49 110990
69 63 637130
41 67 811955
11 55 640961
21 25 336612
11 12 739934
22 45 810818
5 27 738802
11 31 65199
30 31 107385
23 24 835433
37 64 556464
49 25 25785
28 67 827375
67 52 511842
50 69 100260
13 25 891978
36 49 323892
43 55 428823
20 62 383508
32 41 880717
20 68 540246
48 42 365258
3 69 997410
9 48 102756
7 53 805538
10 68 734371
4 41 517648
60 51 789200
10 40 832844
42 35 746580
2 44 614261
40 2 817421
48 65 598769
68 45 821127
46 14 250065
18 1 537609
48 19 58527
19 51 115616
45 38 578880
19 45 234975
32 34 514718
33 27 519145
47 58 430396
18 52 316071
60 31 499171
54 11 561116
55 9 302095
26 57 305034
6 14 265275
28 27 466560
56 11 785847
27 47 324027
2 28 217483
69 33 238479
37 32 819969
21 7 310477
12 34 11125
27 69 698641
70 62 691743
8 47 243934
49 69 933088
68 63 386091
33 49 280682
21 44 44165
62 65 222779
34 42 398111
2 63 647519
17 70 261084
62 13 817654
1 42 520956
9 5 603751
12 14 335356
24 25 634739
27 0 847042
61 11 492089
6 69 103937
2 3 662307
56 9 48550
26 51 777235
51 44 482490
50 8 153723
25 61 902843
13 34 375673
1 24 263850
51 14 585770
36 25 578895
14 20 460418
41 48 93245
53 3 11456
38 12 783091
35 16 544384
69 40 566825
38 13 582
7 11 624924
30 57 824246
20 45 84918
2 45 979263
23 29 738368
39 24 435345
16 27 539801
61 15 928328
23 43 924437
20 1 502347
70 43 867155
69 65 753595
41 43 849879
6 13 824178
52 55 3282
8 54 227373
34 39 132425
6 64 626470
35 22 438705
17 3 824288
45 49 124740
59 52 502002
52 9 953408
21 36 390510
15 38 709602
17 39 157089
44 60 820840
34 43 715371
2 59 592516
57 59 243406
56 43 639927
20 67 161214
56 21 95687
10 46 709146
63 0 742563
52 8 604741
0 7 202673
22 0 740977
38 70 127943
6 49 10555
59 10 930022
48 5 517590
18 21 984221
21 40 969574
62 29 293452
34 61 824382
62 30 646135
1 13 396518
23 37 13425
24 6 970383
12 8 935588
28 56 866142
46 36 82988
48 6 920962
24 70 574919
59 22 931776
18 19 596172
63 47 903326
40 5 506450
3 37 224303
29 28 799998
10 4 533647
31 12 480113
39 5 955196
68 16 545051
39 58 447952
33 22 564134
54 2 454081
29 13 881010
49 2 163948
12 56 646849
38 46 801330
56 34 30969
69 24 306560
10 30 758320
28 20 235760
26 4 384512
23 1 552982
50 47 845528
54 14 470169
65 25 218200
6 41 873729
16 50 447506
48 24 756655
7 16 80150
39 45 22358
17 60 686317
70 23 490727
22 56 843318
3 40 620513
18 4 622341
5 57 98906
54 63 328901
35 70 135740
0 45 33139
20 60 805175
24 33 996788
22 39 968790
4 51 774493
38 33 181861
37 70 577303
51 10 901431
25 19 168078
1 26 663783
45 17 956250
26 32 965222
34 57 24212
20 50 182301
56 38 848347
3 10 163132
64 22 74111
58 53 596916
66 54 78139
62 14 196896
67 33 299688
31 52 472289
28 45 604757
6 25 842806
60 39 980538
41 58 563228
59 51 463779
8 17 379688
66 38 867424
48 34 838960
15 63 658161
43 65 148129
39 7 884853
66 64 732347
53 63 204577
54 48 74295
13 35 979139
48 57 388225
56 7 458259
23 57 719314
55 56 800567
9 39 585763
67 12 736128
50 7 920503
32 69 711133
14 0 357531
11 64 838991
16 6 986439
60 23 735530
59 20 800728
36 39 886214
65 11 605047
21 46 598589
12 32 934098
60 42 665532
65 17 733117
8 39 65872
68 65 434568
10 23 510550
53 55 949733
31 4 471257
30 14 309000
68 37 808607
13 70 997078
9 51 717656
40 22 721557
43 36 505321
28 70 849791
70 49 841384
49 46 562347
16 42 170191
35 50 795456
60 30 84321
56 54 67407
20 70 82550
58 10 61967
0 67 715542
50 45 68049
17 26 560509
3 9 830011
45 41 867573
33 40 407769
15 54 388392
2 53 346094
31 23 490413
30 47 788802
62 49 376126
63 7 584979
13 7 366709
10 47 852250
69 20 849766
38 17 770859
42 14 804941
2 11 478421
48 66 465776
18 5 963351
30 66 434792
26 24 844035
30 1 282482
58 4 401259
27 42 171404
10 45 904457
27 62 841743
23 56 514268
43 61 485382
47 1 705618
64 29 351069
10 20 925205
4 55 665590
70 57 428948
13 30 837863
29 1 136453
23 41 930877
3 33 160417
54 49 563048
61 57 270567
43 66 943820
61 16 776143
17 63 744678
52 61 631656
20 43 806575
64 21 373528
35 1 148166
46 59 649438
64 14 421574
47 21 517120
43 53 356118
68 48 137985
37 33 912196
2 58 76613
49 47 124333
10 66 908925
13 14 290184
34 69 522017
16 44 333457
5 7 327715
25 57 623523
69 13 335084
5 11 100336
49 35 166010
11 63 969916
68 23 749235
21 34 647316
64 1 85984
17 13 829210
24 15 289624
53 60 187959
4 5 164043
3 11 98072
47 68 98053
50 70 928187
20 21 190462
26 20 414986
57 62 688963
60 8 846619
33 14 177326
4 24 867434
16 41 124303
18 43 391257
38 7 800284
37 45 395839
46 3 648411
25 8 290717
34 29 263227
35 31 321975
5 10 487522
18 39 613878
69 36 405277
43 16 351497
0 55 790265
19 9 674029
28 23 149311
68 8 272039
42 31 325894
57 60 378431
47 46 470545
26 9 650031
57 1 847734
18 6 773492
16 55 132181
13 20 723151
53 14 835131
30 64 307415
13 9 700809
10 56 501753
29 56 928949
10 67 746636
29 43 171915
34 37 30778
9 57 614766
36 48 529073
8 19 496071
18 38 809435
64 10 314866
9 14 719412
5 37 994290
32 60 21052
56 8 960329
65 35 913652
24 61 277643
3 38 707689
44 10 575679
29 47 872274
27 29 573398
53 54 713959
38 61 992215
59 18 704723
4 35 803145
27 12 871839
15 42 3199
12 22 744801
15 27 184603
68 0 172779
67 36 84856
65 42 997068
56 5 357700
63 40 138170
54 24 856624
28 51 152141
3 20 62777
26 66 403973
65 26 395317
45 69 452866
36 26 363750
16 34 284562
9 1 351648
51 52 987314
6 1 106732
65 70 290283
0 44 203215
30 3 310765
33 15 180171
63 10 157313
40 34 71514
6 28 746444
44 1 475678
49 26 870426
11 29 668616
30 38 21688
58 11 386871
46 26 948287
53 30 189306
56 2 144132
70 14 406515
16 3 391027
54 12 308376
34 36 761761
21 17 533091
49 21 855960
52 47 150416
25 32 733589
8 38 152078
50 55 454720
31 47 300845
51 46 205198
67 29 552097
28 13 568319
31 26 719964
15 36 543776
25 3 818801
68 66 598863
63 50 167730
10 62 835270
8 33 255012
63 70 594544
40 1 252706
59 45 74341
4 22 767429
7 15 762933
3 23 916343
27 65 370269
24 2 799758
30 11 926823
35 24 16191
61 46 381082
1 60 781562
37 59 138102
51 36 640450
9 38 205909
60 64 437214
0 50 616431
41 59 501764
29 25 975024
19 7 418340
68 39 473476
58 37 567165
23 21 66667
26 39 257887
50 12 826515
35 36 873393
40 13 102398
58 67 306714
33 2 127797
61 21 31558
41 36 415137
22 41 987320
46 19 629811
24 49 563899
32 4 244150
16 47 513622
23 47 234562
23 59 415887
28 24 252050
56 37 102329
66 29 641727
16 57 18643
62 44 926471
67 25 802541
21 39 327418
44 41 510699
53 28 187261
62 0 874285
52 36 411358
49 42 538826
38 58 131258
64 62 911493
21 53 674208
44 4 84195
70 46 480305
50 29 60347
29 41 953542
15 60 923425
64 34 897754
48 0 50894
45 23 623525
54 20 467544
68 54 878007
62 46 465963
7 36 990395
10 41 271244
33 9 456651
6 3 929780
50 17 82852
49 66 635728
58 17 860746
41 31 829019
13 53 489246
56 30 264583
50 23 281684
35 51 981946
19 14 667256
26 2 133316
36 0 780424
58 32 552725
65 32 697364
13 4 133990
43 50 392180
58 24 556923
67 61 381082
22 29 434944
18 60 175980
19 59 930091
44 15 907306
69 38 935341
52 26 510149
37 1 527080
48 51 316434
14 38 359979
67 18 462352
55 61 300035
34 52 358994
8 37 527121
61 28 926702
15 12 593435
8 15 935411
68 46 978249
27 35 740816
26 0 425291
69 31 425956
39 42 504608
57 27 303985
51 32 824688
50 42 657126
30 65 647401
10 36 251271
20 22 713911
68 5 166217
33 13 801114
58 42 659707
70 11 629559
14 16 483914
5 0 98910
0 28 260203
4 34 307746
63 29 28461
70 29 509784
10 19 111201
18 26 112992
4 1 980056
53 33 25875
7 57 203431
62 17 313722
48 60 274813
0 34 188262
31 39 766234
68 67 590709
65 5 605091
66 41 948105
70 22 813561
16 28 504085
32 47 984800
42 28 783020
27 21 114279
12 13 55132
57 53 885321
31 9 120797
70 18 133284
33 46 833402
22 11 879830
32 56 376813
48 38 291112
12 36 400324
32 43 233164
56 20 526795
5 58 192511
21 55 630098
31 2 136815
37 39 252965
34 33 973743
21 13 192663
0 39 58912
54 41 937943
40 52 632383
22 38 833636
32 2 994704
46 25 669996
40 67 286108
41 9 966153
12 42 615613
63 59 258854
39 65 303613
53 39 502999
47 69 441714
17 55 601190
53 41 911089
56 18 560631
42 19 164680
3 42 618799
20 30 597413
40 70 136918
7 68 871273
54 7 858770
53 10 972243
0 13 128008
27 20 11427
18 47 646259
19 63 665461
44 38 973109
32 22 590579
22 14 658930
34 67 426434
6 61 216498
49 61 856492
12 58 96992
17 48 482006
0 59 664585
64 43 735730
54 45 671335
50 39 685103
48 63 11206
1 34 261874
65 0 276503
10 57 375760
35 21 267909
45 24 938319
1 19 370791
27 26 547855
61 60 92198
23 22 11197
22 15 231058
49 58 10204
10 14 812028
45 3 964261
45 57 316435
14 29 602823
54 69 310815
7 62 728277
68 32 386224
13 55 241727
58 45 274313
6 26 83865
60 63 255527
60 52 189681
43 48 937431
8 40 176111
65 15 157024
41 26 749600
66 14 574111
21 58 121009
7 43 539680
3 15 492585
33 16 138596
21 42 473060
21 69 458737
52 12 616068
23 30 657993
44 39 170680
22 10 258218
17 41 377163
41 0 995036
69 60 394039
3 51 483357
67 26 215155
58 61 52683
25 20 730087
4 57 311273
31 57 947086
32 33 553644
60 62 221694
67 62 659239
7 44 816459
35 7 139256
31 61 740679
68 17 391559
19 22 220957
11 36 119667
56 36 85200
22 3 38215
38 35 475965
44 67 144665
10 42 373791
63 21 306043
34 31 676999
69 9 909555
21 10 593372
14 3 919231
11 9 156660
41 7 66728
10 9 548093
35 37 695435
63 16 359138
9 64 424186
29 20 216093
20 53 88686
40 61 474463
8 35 509482
12 17 401647
65 22 781914
62 53 908272
57 33 894831
46 0 231314
3 54 344118
31 58 3037
61 37 305617
45 32 511071
13 18 782561
21 14 383702
41 39 823373
49 7 254794
3 47 715288
67 38 468810
17 22 899332
3 61 35702
23 55 132563
42 22 147797
25 50 179915
40 25 297592
67 13 505374
69 59 6086
31 15 826637
38 65 170300
26 48 898136
13 68 601720
45 33 325762
24 20 515406
42 2 840085
13 32 545263
5 1 106354
10 13 987473
19 69 332178
50 62 880009
16 39 201310
63 34 225661
61 66 4474
48 61 844023
37 43 674149
59 47 77957
2 9 358280
24 13 640244
31 32 164229
70 6 592879
9 16 960476
39 57 737519
2 19 512338
53 16 970320
37 62 323786
11 16 637243
42 4 847258
18 61 128594
61 41 511669
26 37 324461
4 9 547974
4 25 265429
3 35 671445
1 55 965124
44 12 374570
53 45 478099
34 46 392094
44 35 369069
39 56 46632
51 45 899415
38 32 403198
35 43 355065
47 62 678450
47 13 831491
3 60 894238
51 63 774913
55 36 736609
60 38 560647
37 40 181104
44 70 324961
59 53 611118
29 32 577110
40 17 405208
5 31 799719
31 3 95439
51 31 800178
18 15 26358
42 32 203953
19 20 450029
61 56 112183
60 46 416120
0 3 711495
55 35 252704
22 21 12094
11 43 774202
59 29 74500
33 7 456524
53 36 566228
29 15 282369
42 13 262162
42 56 443918
6 55 331096
13 61 944266
52 20 237547
1 62 113462
24 12 962405
39 35 814843
3 13 821013
62 54 984214
9 46 935420
57 38 280377
24 22 177246
54 28 564525
2 0 179676
35 40 504667
44 52 757627
6 44 155302
64 4 963892
22 25 246000
27 36 517106
26 59 753569
33 42 640479
12 19 140078
63 3 183765
52 25 774681
46 42 99501
27 51 399236
32 57 571388
41 2 231091
26 25 461688
26 14 893195
49 22 719858
36 3 24346
7 70 65
37 52 16

