87 2599 0
78 21 616037
30 9 559323
15 46 720070
79 29 824185
35 63 285379
75 79 118374
81 69 76086
14 6 8325
13 40 861682
79 81 622737
74 80 796888
51 58 133746
0 9 458877
31 18 363473
49 83 237813
80 64 656432
44 71 776800
49 25 907506
27 28 169862
70 4 411156
9 19 267630
67 37 188247
14 41 723676
3 1 940010
17 27 905991
28 61 151533
75 4 630300
25 76 580276
46 53 269193
71 23 845843
84 81 986775
28 83 355666
67 47 368455
46 26 905921
66 43 83548
15 25 755353
30 80 431374
20 33 956187
73 34 600563
10 75 676536
77 14 115307
21 12 812290
59 36 585148
21 42 25097
55 11 215008
2 37 96211
79 1 159560
2 67 378744
5 81 574161
48 69 371520
74 77 450251
51 42 990895
62 19 777009
55 78 759143
76 3 151476
46 34 43303
45 85 519698
49 3 413092
51 16 285682
69 85 522938
42 80 157261
79 34 735889
23 28 905799
31 74 770651
23 45 610290
25 50 809435
8 58 270048
73 75 804397
8 11 781790
27 30 531062
67 3 781352
46 54 310943
18 27 715106
42 7 899583
7 76 208826
12 6 89286
32 72 49670
69 13 766695
21 18 434640
54 43 149388
3 2 59015
76 64 224300
62 17 263181
29 46 544150
53 12 782272
81 33 529119
6 68 882013
68 63 552505
62 39 531271
81 74 713252
54 14 245210
28 34 441593
86 71 984594
70 74 41938
18 71 980412
25 23 429087
45 33 620152
23 3 364350
45 70 352022
67 38 1514
60 46 58179
67 42 807135
77 5 404719
40 77 493350
71 77 407096
43 69 896602
63 16 989856
74 17 505296
66 86 522142
74 47 82475
17 81 206630
41 63 173744
2 21 363599
79 69 850938
18 8 249712
17 69 886798
41 85 222446
78 84 108444
1 50 725216
55 63 868509
64 51 937025
29 71 744785
86 39 375034
1 23 738077
22 66 943843
34 14 460340
76 58 586846
86 15 747110
40 50 898320
47 8 487517
12 59 325808
15 55 350383
72 30 149085
21 84 262369
14 4 385922
46 75 156645
44 50 289563
59 57 492006
57 36 128362
68 24 450917
85 70 353026
54 41 94063
20 3 884151
77 28 23351
80 32 439265
44 38 771876
25 62 437588
82 30 991753
72 35 734223
64 6 413360
83 18 593002
19 13 397784
64 74 113029
85 76 538231
47 2 731427
3 66 877131
0 8 840662
82 34 440408
69 44 624417
65 21 710437
52 2 776651
13 3 644039
39 5 725951
41 2 888173
12 86 460102
80 2 660103
46 33 733903
13 8 250341
31 59 45195
7 85 700392
86 49 391633
41 22 697927
69 33 710249
27 40 37092
84 65 438217
48 3 556021
14 73 804363
5 3 109900
45 55 878396
7 67 156071
4 32 435461
43 35 933417
75 44 458931
36 82 886019
76 37 706391
52 53 142829
54 63 74508
22 52 624149
68 60 395082
47 25 977372
38 39 791051
55 57 823728
41 79 537116
9 67 17806
32 17 303610
28 81 456067
70 36 29945
30 84 278086
40 69 421897
11 10 78268
6 58 461608
34 56 173490
15 6 545011
53 83 407673
68 43 69361
54 77 794805
57 10 933036
8 21 184501
26 21 518884
82 26 225284
66 37 228013
4 36 935226
22 85 412504
75 42 686728
53 38 182436
15 59 808503
3 6 519844
10 86 771671
20 23 786007
49 55 208894
30 79 694704
80 17 505739
6 74 885633
50 61 728465
15 35 252127
85 16 338652
51 43 598432
48 22 772535
27 68 643342
29 27 836506
84 37 424835
48 78 270202
40 76 193454
1 45 86994
16 27 578880
74 44 667118
86 64 626231
65 61 688814
63 13 465332
23 16 431223
55 36 768641
5 67 818256
58 78 874964
17 60 421990
24 55 352728
35 81 460092
22 10 715963
46 67 231874
78 5 779103
4 5 878023
13 51 638881
62 32 423404
27 49 789518
64 75 607475
61 84 115379
16 4 407914
18 12 465328
66 14 340122
64 67 598253
54 40 380313
31 56 912939
55 86 711233
58 62 274455
60 47 805055
77 12 330634
45 75 721684
86 50 907342
54 76 78692
39 12 14210
2 9 176591
37 28 260709
55 75 201309
37 75 232089
10 41 645679
13 76 205381
58 60 587232
73 67 527316
2 51 355668
61 30 985445
59 76 700837
32 3 345124
14 13 75413
22 42 12298
66 74 406745
47 7 623967
66 46 140421
76 15 479936
80 86 573725
86 33 339237
72 54 519690
35 86 667294
36 33 131608
42 56 78535
9 62 480245
48 6 215082
44 3 883642
74 62 493259
16 33 877097
86 27 6075
68 39 996689
52 39 95814
17 56 873529
29 49 728198
16 12 922105
80 77 937211
55 12 271567
28 43 707077
14 57 37317
45 36 751682
62 50 201685
3 73 517608
26 10 754887
23 38 478852
4 83 769303
30 73 689972
36 74 896687
6 20 903277
31 25 659451
6 19 289601
28 21 967534
39 9 648356
63 12 667169
58 24 585533
70 61 6433
50 3 934034
22 20 735719
67 79 362015
82 25 691471
46 24 112153
37 57 778503
51 56 140150
77 41 561109
47 83 97108
78 49 836859
47 66 813608
11 72 832364
82 72 156927
85 20 20402
43 14 614623
48 47 503917
52 26 858587
46 63 559933
34 64 462656
43 82 858100
48 39 232200
13 75 347973
28 80 665007
19 22 802022
50 6 911181
60 48 254159
61 42 898864
66 72 649045
44 31 735140
6 21 502001
59 67 72848
68 67 851929
81 38 132617
11 19 487987
30 41 78299
44 33 152121
24 56 202118
67 6 694996
49 13 513147
43 78 101655
69 3 542796
2 66 908754
66 13 953559
73 33 758125
56 45 537726
57 52 972782
5 19 401278
53 43 715353
36 34 822617
26 76 970420
57 66 979438
29 23 476369
64 32 393154
2 58 753776
64 33 595124
48 31 514642
81 32 308972
52 3 312610
13 81 288824
18 58 505417
59 1 565618
45 2 408704
72 79 918314
81 34 308617
85 61 881209
13 68 20821
56 43 50673
38 75 745751
21 61 979540
48 54 558327
24 16 60197
57 3 119337
15 14 124621
40 20 683566
41 6 695627
71 82 222259
73 15 497920
80 55 692503
35 1 795527
71 46 8001
5 31 769262
25 84 876964
75 84 94955
68 78 534077
72 7 756832
5 34 520822
26 40 145570
46 65 776034
8 66 204606
67 8 931767
20 75 410975
31 50 126563
84 72 633970
6 35 876769
21 4 195053
19 66 414000
54 38 909264
74 63 929421
57 26 140268
79 20 817771
35 40 556597
77 47 13149
67 10 939949
71 35 332647
4 45 733609
60 18 427007
42 69 149260
38 85 835453
34 66 552514
70 64 602790
45 61 68033
11 42 336460
74 56 105435
71 56 302416
34 25 727706
68 82 318078
1 19 668486
75 74 51150
55 72 644873
43 20 913908
81 31 303368
47 40 354957
73 9 363851
36 22 522165
16 79 513739
75 36 383494
45 84 772661
7 28 727837
44 47 206271
0 20 879486
22 6 632809
58 49 691465
43 32 945590
84 0 652278
37 78 25665
11 79 464319
57 53 87704
73 81 704582
66 1 58413
37 34 193853
19 61 295657
50 13 447368
15 2 173888
48 51 212491
66 73 425113
18 39 595578
62 15 482017
49 36 781524
46 25 633822
67 24 218689
42 23 19803
5 7 911321
39 28 585064
41 44 674455
59 40 209812
11 76 399958
48 49 141529
81 25 470667
10 31 286183
13 38 641335
77 7 596266
68 28 745699
52 27 794801
79 86 107260
0 80 334967
54 62 353293
36 9 251620
7 6 261257
70 23 339801
54 79 338783
39 31 341346
53 18 673066
12 38 50934
76 80 218318
73 49 649065
63 14 833584
8 53 3589
52 16 268905
9 38 800083
86 77 605922
78 3 584488
36 19 650745
42 83 275331
82 8 659307
85 65 120823
51 70 34398
53 11 729538
58 13 507507
54 5 203427
46 81 304063
54 25 231966
68 4 711520
39 65 468558
51 77 534260
1 61 225447
5 41 631914
54 66 235719
86 7 91069
28 55 16183
63 43 628779
68 33 366067
16 6 703023
4 79 31462
38 33 343983
3 12 890879
0 3 640594
47 76 46958
52 66 70077
83 20 775986
67 49 558625
50 17 658022
30 49 102266
41 33 186921
1 36 717351
18 75 395968
68 11 236961
68 65 507818
23 55 475605
63 66 858935
13 83 3463
15 66 393933
0 58 416368
74 61 695736
12 23 733236
21 68 694579
43 44 890151
25 68 68779
34 51 541803
34 9 623388
53 54 425969
51 25 178497
20 68 344801
49 66 794668
63 26 344513
44 18 952005
64 69 553354
24 3 998556
24 61 230859
18 7 939374
78 11 975613
28 4 340845
38 14 568206
33 80 443465
81 12 535388
80 82 75721
73 54 199898
85 77 217216
47 84 774633
62 7 664781
27 53 383563
11 23 628031
50 53 649346
30 85 277295
49 12 728059
82 19 551853
61 14 68208
42 52 343950
61 81 722948
63 60 14814
28 17 970024
8 54 252843
7 52 55502
18 33 593966
43 1 505316
32 74 855134
67 74 132515
39 74 6074
67 13 832903
24 28 870869
27 14 402667
41 27 162553
48 42 784355
8 61 661068
10 37 76384
31 62 116113
16 50 195573
72 56 462216
27 71 968642
47 21 711596
68 14 408262
49 84 339774
45 21 774746
19 33 373560
66 51 237686
61 35 747633
8 5 694430
3 81 722189
37 27 195362
41 74 953235
4 52 898325
56 13 915373
13 80 91598
26 58 139946
26 41 54736
48 45 787894
40 37 234346
73 41 480239
61 78 150257
50 73 317510
32 8 699287
8 69 615868
69 4 611729
0 67 762635
30 55 541563
13 35 281172
46 41 954742
70 40 227750
39 56 284882
1 12 131963
11 15 8579
35 74 772004
40 38 689359
6 65 391956
77 22 509309
47 26 867821
72 46 756584
9 59 205054
54 2 346777
25 71 605787
4 43 649685
67 83 867003
0 46 390481
39 27 472286
77 1 510938
29 20 583772
74 2 394070
56 35 694244
10 15 206882
51 29 369278
20 50 497930
79 58 239052
51 53 964220
69 83 378780
16 49 57900
32 73 983404
30 51 53747
65 16 33099
52 8 834097
38 46 894887
80 16 418384
1 16 468942
75 85 265209
75 28 48615
39 15 932972
24 2 10546
29 72 35050
38 17 170153
45 8 298156
17 45 852310
43 48 937568
0 55 684722
19 79 259293
80 1 39670
62 81 413628
9 13 680159
47 0 560846
67 17 277786
51 33 253862
19 76 749313
58 57 34694
36 46 200500
2 53 450677
1 37 240074
49 28 545961
67 70 438284
73 35 587759
5 82 760595
44 32 912092
42 30 963788
31 78 962714
60 69 731360
22 60 394764
50 57 699999
15 36 175126
25 59 739467
36 20 488312
20 48 859487
73 5 780542
3 46 166517
54 84 978041
3 84 944388
53 60 514611
12 78 91121
53 1 4629
33 23 176013
52 62 35174
74 3 234932
77 15 518799
65 33 219069
77 57 870106
37 23 179906
50 48 298275
84 33 852111
47 20 435070
23 86 56678
51 69 600059
39 76 186579
72 18 793969
73 0 61680
31 36 12113
47 31 364954
83 78 792149
25 18 865076
65 34 884812
69 24 772944
68 8 729060
69 53 157182
3 80 665738
54 23 497755
38 52 235572
42 74 55618
13 25 901523
66 62 358445
42 71 182625
4 54 106951
81 77 519503
29 48 384093
2 20 428640
63 64 148742
77 60 4202
3 58 735395
43 33 218830
79 52 686455
80 49 603643
13 16 459699
64 57 861042
75 80 15628
30 58 645974
64 45 6701
45 29 95439
19 74 758300
35 52 785373
75 11 101918
6 86 237836
4 41 856597
81 70 308042
28 64 749996
49 43 192677
50 7 248867
66 68 508875
37 39 953312
19 37 66960
39 29 2631
10 71 918206
86 11 804216
86 72 811668
65 76 706466
4 37 540110
22 79 805301
50 79 313993
11 45 954562
47 18 939167
65 27 109358
36 23 26624
79 7 295415
44 20 770387
81 86 224244
77 39 157191
34 32 624666
43 84 701366
43 25 800621
52 54 572220
57 84 153051
78 26 439179
28 63 667234
72 68 738084
71 59 365286
57 68 795652
15 27 17084
80 36 5269
15 29 766989
64 25 717473
56 82 145110
71 51 971327
11 4 894389
77 16 939646
79 26 696002
72 44 271321
6 36 882197
51 59 367467
86 65 226835
10 44 291853
24 19 1080
13 7 538849
47 81 771968
81 7 328504
46 62 970066
34 3 558675
39 61 953589
12 32 108465
3 40 204585
58 12 294153
14 55 757055
39 85 83975
68 56 287773
29 7 218585
42 40 651305
55 52 163095
76 86 789108
44 23 928176
26 2 156961
10 70 709719
56 49 296177
48 66 18113
10 72 805673
75 71 674748
13 22 640340
15 19 941644
48 52 966161
54 9 70070
11 77 440716
82 83 34379
4 20 723748
74 54 400644
66 27 821601
9 83 177212
76 77 311524
22 64 856381
40 28 190677
68 31 595904
53 85 934465
77 52 223493
65 28 266340
21 58 442315
68 47 516191
62 49 616205
20 82 372199
59 64 350316
26 13 702790
5 12 717860
45 51 429018
70 34 606272
15 84 657537
69 37 873253
51 75 191998
58 69 162173
67 76 229845
46 78 807754
2 12 800337
48 33 149222
70 49 174757
52 51 427205
65 44 763005
25 77 575229
19 54 983750
53 30 297407
7 41 730716
70 2 328106
73 11 693661
5 18 858169
21 49 790534
28 52 876624
31 11 386994
61 31 918799
47 46 467082
8 42 28009
57 76 490125
42 16 743294
13 46 617229
78 1 722545
18 26 41486
16 9 537600
17 84 847453
33 10 640770
38 27 485166
53 61 181381
21 7 729464
29 24 16576
81 36 182299
9 20 660324
36 35 393511
47 12 750111
26 24 221520
71 57 361022
29 40 579137
46 19 129070
0 30 570774
62 29 164056
18 74 689687
80 29 559455
12 68 960397
43 76 284037
23 50 679013
16 20 216971
57 44 890326
5 27 170747
12 60 606247
58 81 493413
2 7 588695
75 32 859473
54 21 604781
83 73 636602
78 77 873503
11 60 986596
57 46 430275
73 12 413580
7 57 665569
64 26 946391
19 52 93587
26 66 70189
76 56 96946
64 0 739985
11 84 416027
20 57 712965
66 33 114196
27 23 256776
21 11 637828
30 19 83595
15 30 603832
79 5 498413
9 18 615187
0 43 181668
16 37 487881
64 61 193509
54 27 745209
38 57 220684
34 6 346247
45 86 540235
6 83 750009
43 13 892635
57 83 973636
27 3 375423
21 74 555938
56 75 289535
75 22 869264
4 6 184661
11 35 715361
70 26 44263
80 10 738876
24 40 801973
57 18 278832
0 40 302792
49 8 243152
9 76 408646
86 0 146187
70 72 199528
50 82 995649
60 25 304189
6 10 347322
42 29 292154
22 50 737391
63 82 995361
71 12 729542
35 59 462019
11 38 465877
29 68 224469
21 71 116156
55 70 253965
9 77 222531
12 33 824605
80 56 478358
0 61 255391
44 48 856756
37 9 860227
27 59 95625
36 3 793311
25 74 482907
7 58 17842
16 45 857875
57 82 712463
19 12 460765
32 58 255510
1 6 226886
83 11 811956
37 71 64965
78 76 246165
41 71 422872
77 50 536555
45 82 79414
58 53 558389
12 27 833146
1 30 425925
68 22 35656
69 35 591952
12 76 60261
61 33 183692
1 39 535423
57 75 841808
16 67 7780
82 53 712849
60 52 275522
70 9 966434
72 12 176287
80 52 749264
7 17 416319
32 57 746403
67 34 568311
26 53 350993
24 50 491494
39 26 324540
67 40 812061
15 50 316738
33 55 955532
53 22 324967
32 84 454181
34 22 45923
50 78 793048
1 64 704267
16 8 740010
81 67 228037
47 19 103909
55 20 555901
74 24 683670
58 85 519752
15 4 983971
24 52 53065
41 82 124059
28 38 535496
38 80 957193
57 23 365940
7 78 609021
41 52 9958
25 16 322514
75 39 873596
45 19 417390
78 81 906690
19 10 501733
83 74 167667
63 48 803097
0 16 880474
1 67 156396
67 66 165165
21 60 46154
15 38 129897
55 38 523666
22 0 2915
72 64 835894
63 70 987648
80 26 45328
40 81 276888
23 68 855066
34 45 344349
30 39 542335
19 4 733105
61 37 629239
30 47 133631
63 29 127707
19 63 679373
35 67 733404
10 78 205329
5 72 326326
41 39 79499
20 14 562758
39 13 244250
17 0 846
70 75 322149
65 30 401014
9 26 698108
44 37 696076
35 42 443120
83 17 430615
58 63 752363
84 48 445772
53 74 933001
86 9 655683
78 74 531787
84 44 600327
11 80 801162
79 9 938117
50 63 35805
5 33 963407
51 62 486981
0 25 156142
81 59 138266
42 19 611238
1 18 631866
72 60 735047
62 53 34196
60 79 506274
82 17 978038
18 22 216681
82 76 236785
77 44 596239
40 7 654105
1 70 248060
2 30 759996
63 69 317982
81 15 840902
37 17 320672
26 51 699194
31 42 911471
49 45 713531
59 20 148119
75 35 644410
73 31 432393
37 54 705490
21 80 237554
43 61 685960
20 19 187368
62 16 53830
82 4 101032
72 33 162945
47 45 438395
82 40 182629
28 9 318021
0 26 780976
61 47 132219
83 72 510297
56 19 676940
45 78 643125
77 31 107113
20 13 983834
6 70 421074
46 10 314203
55 53 747580
50 71 167866
22 81 400032
43 7 594347
40 31 954080
21 30 336082
78 2 269476
44 8 151631
54 47 434764
45 10 388431
34 2 440976
46 45 387241
33 60 464810
23 73 949217
5 38 72847
32 61 271488
52 17 132343
26 56 232962
50 51 106516
68 81 862505
84 66 527386
80 54 800684
10 56 685401
11 36 452933
48 13 866570
65 81 446165
51 67 284807
80 43 450259
46 30 290424
38 72 84547
40 51 918381
13 0 682895
54 45 342085
8 1 263308
84 59 708431
32 10 48908
43 52 504361
60 20 505659
4 13 483784
24 59 180718
24 13 632529
36 24 170641
24 11 577853
46 23 494190
58 84 351999
55 39 696310
72 39 842687
17 31 265511
30 13 149175
10 84 816304
82 31 630530
12 0 969408
45 42 644480
13 15 794303
5 75 628568
64 52 718377
72 2 157791
29 67 117270
17 43 483100
30 16 360569
20 65 430222
78 59 362930
70 58 845085
7 60 127990
61 27 632213
24 62 380011
38 66 76086
85 6 830751
39 59 165239
26 5 976175
51 63 264644
53 29 629606
66 32 184893
69 11 495142
40 66 688628
55 85 906410
61 29 552280
72 31 614782
68 18 236772
16 56 97878
53 10 461265
82 0 973611
74 9 47810
73 1 571630
3 51 765545
28 86 364783
1 9 337146
20 58 407615
85 23 998838
75 83 426258
54 65 718231
58 82 419247
23 75 360137
55 79 325347
39 7 750447
19 80 155801
81 19 141187
70 83 893644
37 59 479472
16 68 310591
51 18 836980
58 66 358425
25 86 406323
26 62 411263
11 39 980293
48 67 96568
40 68 244767
69 10 984775
47 59 63859
14 32 549363
62 47 1686
42 58 374325
50 4 816738
40 44 86243
11 64 325639
62 70 252595
9 17 23253
1 20 546402
50 28 106781
76 52 107840
53 15 858653
64 13 812568
21 86 865517
86 70 455408
16 81 974633
50 84 267889
10 65 817219
23 77 601310
83 50 702749
65 70 894513
61 11 256826
31 28 403882
13 57 311445
19 3 165983
42 14 488808
85 4 183247
65 7 58118
43 71 980552
68 58 243247
49 52 235831
82 85 840357
5 62 476773
11 58 128400
28 1 495492
27 47 231523
54 10 452757
41 0 731156
43 21 269302
44 82 564326
38 2 909163
3 56 49166
64 40 446578
3 60 151101
13 29 586229
8 39 988577
48 59 794405
77 79 446557
66 18 718410
79 62 799495
75 43 283317
66 7 623605
15 47 100505
62 14 467393
64 7 315683
13 65 521836
8 15 766909
49 39 200022
82 32 635901
38 20 3576
61 83 232694
58 16 402557
17 41 572141
71 72 207751
21 57 985888
45 13 890782
47 72 302574
6 44 203460
24 34 878293
26 69 390993
65 58 928654
19 68 560739
64 85 30787
79 78 113808
85 28 923296
74 8 537771
27 13 41998
60 27 467989
27 42 275128
62 71 397160
0 79 93295
56 15 576924
48 18 934263
33 24 338407
69 38 830658
77 17 751798
65 50 887896
34 53 503797
56 79 157518
57 6 587573
40 62 125085
59 43 682675
78 66 379684
70 50 749591
77 18 402134
71 20 163966
85 21 157301
21 81 598468
70 79 551067
43 24 110499
22 62 672527
20 32 674097
74 55 990757
63 40 560019
7 33 533345
61 77 969324
21 29 842265
4 53 427941
60 76 719035
53 72 1326
12 57 283257
70 71 555715
72 74 138664
31 1 768168
24 4 931397
39 69 717700
54 3 117073
8 50 199875
85 60 953584
15 40 234077
1 15 410905
46 86 935372
24 49 193518
2 62 368189
42 85 50604
31 51 481534
78 65 343010
63 49 710522
8 26 969
20 69 1331
37 12 450308
58 61 387819
73 53 32873
44 73 51901
76 72 167901
10 83 902547
26 48 152409
17 72 315620
12 65 970485
60 44 479109
36 5 365988
83 54 401603
5 58 65246
41 40 641893
24 21 363989
56 18 744968
67 52 64605
68 51 366006
75 33 167875
28 36 529495
35 64 579562
27 85 12697
28 70 435359
19 39 887460
16 15 825751
5 0 706254
76 63 246624
4 31 828049
26 49 28225
70 43 73686
67 54 190578
78 23 465466
83 12 472810
32 11 984626
72 73 202604
48 1 448093
1 34 31891
1 42 561294
79 14 844751
74 65 139952
60 35 476555
14 45 281485
72 77 149466
64 8 971188
65 38 247465
56 27 489086
34 8 743635
13 79 122056
34 0 622358
0 19 255899
70 42 760307
12 22 65796
37 48 96500
19 50 272823
82 48 232996
22 82 665666
72 6 683575
74 33 838973
80 44 276218
2 31 444136
32 37 72494
60 71 397609
22 15 923570
24 10 387574
19 60 2964
31 60 425628
15 20 478057
18 85 790739
67 20 861193
54 32 513961
46 44 303025
12 28 8438
43 5 158820
55 77 231675
49 59 468152
3 18 253103
22 31 477474
48 86 316123
17 35 23218
58 80 316494
68 3 512127
72 78 875732
36 21 897751
61 69 148116
34 38 468321
59 23 878903
32 25 39343
74 49 962391
49 57 933312
73 36 12262
30 5 258176
5 84 77780
70 29 953236
35 9 969453
81 20 199449
31 69 408841
28 0 934237
69 12 467410
77 30 972174
69 23 354607
3 62 452053
58 15 1238
39 0 658664
31 63 77775
46 52 272626
27 2 712198
86 59 677264
16 55 197591
12 80 976918
85 15 767393
43 12 87980
78 67 198063
60 83 163641
48 77 605912
57 16 163996
18 13 921610
3 31 6445
41 80 823565
59 68 280066
23 40 705354
37 86 590013
11 66 484622
77 65 195906
33 11 910033
24 60 289649
60 43 785241
71 52 35570
75 68 370548
19 86 533791
79 57 944342
82 15 25229
27 1 198128
9 31 579023
53 0 359099
60 8 772085
12 70 541693
2 63 671272
46 20 745990
72 34 553345
63 5 246836
57 86 285830
15 17 116180
81 6 620488
83 80 472915
37 63 185373
64 60 716454
68 84 974896
84 67 512149
43 42 319751
20 63 763327
76 18 852472
18 16 257014
60 86 790910
29 43 857238
7 1 161248
64 4 211410
0 62 963933
20 24 378525
49 23 196948
23 14 327806
26 11 149261
37 64 443116
24 79 119743
26 20 173061
54 24 864048
53 13 420986
59 32 81356
54 29 232478
57 80 837336
79 42 764058
29 35 718594
39 2 739503
56 25 347031
80 65 916057
49 9 54544
79 40 650348
7 35 190049
64 12 978137
28 76 292472
62 6 74840
73 70 750495
64 65 502075
43 6 85963
11 56 373770
55 40 179351
57 1 705020
75 86 580647
29 69 509433
61 15 279211
1 58 95515
0 37 855093
44 58 526481
49 72 522719
14 64 810072
62 59 699344
65 1 132140
78 71 586689
47 42 753660
14 50 79941
74 43 102266
48 76 79424
37 41 919677
31 71 655895
56 21 383434
9 45 713598
29 57 656679
39 10 856087
85 67 96455
5 48 779433
71 2 492982
63 53 903321
70 14 42923
60 23 356211
60 50 576809
16 84 897801
35 85 409044
53 31 104599
5 59 24546
83 29 865937
39 51 590402
50 37 369568
80 60 816667
64 29 259769
4 7 152319
42 62 507180
60 65 401132
23 26 407264
55 83 635984
40 43 90754
70 37 209057
57 67 504820
74 84 766075
3 30 330653
69 6 762539
66 55 168095
32 56 990141
43 8 96841
23 81 154951
2 29 333112
24 70 51727
82 47 523301
19 84 95981
54 56 533202
5 64 865043
14 30 999612
36 27 679465
82 28 40754
26 35 770270
33 9 31865
34 71 91281
71 83 401362
78 73 89873
18 69 152386
49 64 244607
57 45 418639
17 11 919624
1 74 785558
43 50 82898
58 59 960239
63 0 538703
73 69 149240
5 69 810640
41 8 740548
50 80 328788
66 25 383402
74 27 25487
7 37 933024
4 34 545740
32 83 387905
80 84 388174
5 76 20881
4 18 374795
24 75 738853
79 8 624396
43 47 95679
28 6 333951
31 79 900864
46 39 694208
33 30 745461
14 3 324079
38 82 453666
27 11 421501
7 23 623782
11 7 511677
83 58 550670
41 20 595778
15 74 32954
62 64 50639
23 6 250284
10 23 997498
72 37 702914
60 51 505207
25 28 830640
32 53 552745
81 52 238144
36 2 89748
74 86 877972
9 68 959604
12 50 375634
42 33 826856
23 5 953436
79 82 301806
20 11 243323
86 52 607154
61 2 716941
86 16 256387
11 14 489797
52 12 136434
42 34 784093
85 52 890040
84 34 608443
8 77 322336
2 79 146305
83 51 836993
48 64 336833
49 14 700163
6 71 656651
81 48 803467
7 59 86593
50 2 551704
40 14 559226
16 64 881378
49 47 790860
58 4 904523
57 2 615424
49 4 871827
57 4 707871
25 63 221671
77 26 472509
32 50 632246
70 54 120485
25 39 756692
81 71 56908
2 42 64213
9 42 625717
8 36 712672
84 39 250969
39 32 789448
78 15 27547
10 40 644472
36 0 5765
6 45 609833
28 14 673786
47 28 712853
45 74 469569
75 81 782406
81 45 155664
47 69 317260
21 44 381700
63 42 742793
4 74 389772
74 79 429215
41 86 362779
45 72 783035
72 20 42506
68 32 638048
30 6 690889
48 58 370225
72 21 116906
51 32 10877
75 6 399714
51 38 264621
14 65 456113
83 52 329154
64 53 905377
25 53 283910
68 42 487372
73 65 635448
3 4 588080
13 52 774302
39 50 44216
79 44 99833
59 53 218191
6 80 561082
30 10 738385
63 38 742757
68 74 912549
85 72 915265
78 80 34418
83 77 403565
68 46 320844
50 9 378470
33 79 213494
18 73 914392
22 67 471495
76 16 37439
33 56 390502
55 56 297452
46 70 375905
75 7 348458
35 58 11069
44 42 51090
21 32 582170
64 46 296132
6 33 564183
76 33 167456
85 26 579294
75 61 311828
61 71 224192
84 22 768165
15 33 144693
73 8 34840
5 56 291027
6 2 927618
27 62 546346
16 43 972432
62 18 950515
83 43 345239
46 74 715371
84 82 700288
80 81 732887
32 40 196759
77 62 69661
57 19 723775
70 53 100355
70 48 141667
74 57 374160
69 76 924793
11 6 676612
74 29 566803
64 9 643208
44 27 422655
15 69 931252
69 19 199405
59 85 885800
56 64 452795
9 72 764369
51 6 559595
72 58 352427
62 86 233676
27 81 454173
44 5 306307
78 33 45157
81 44 268155
30 29 781103
36 85 918563
55 2 345201
56 83 171303
61 68 327819
62 75 119295
82 55 930726
48 71 360046
75 76 914988
32 7 61541
66 21 34202
0 2 353297
64 10 489393
13 77 172792
66 24 822208
33 57 617360
9 47 825018
86 3 383931
75 3 259828
58 52 1289
84 69 394994
40 6 600695
13 62 530924
70 11 582617
46 31 138784
86 51 941841
75 40 751388
16 61 750445
56 77 618626
28 41 901626
4 72 917790
12 11 965331
63 27 561630
74 51 42929
49 19 798655
48 7 260131
69 46 430235
12 29 464209
69 54 41952
36 83 670222
43 22 261351
49 7 149822
9 58 248676
58 17 605211
42 18 408381
35 31 277024
67 14 305986
65 72 873902
23 82 286627
34 43 748359
10 38 697183
85 32 475923
37 46 422860
1 41 733129
24 53 682139
21 17 210995
60 15 334388
37 38 520645
67 27 239977
54 31 370941
46 22 198138
4 2 315482
23 34 900823
48 14 525653
59 70 123269
27 50 598731
84 86 610726
48 55 888579
83 2 41560
67 62 189042
22 76 788572
50 69 872528
81 24 503626
7 3 986327
32 9 447417
82 2 624776
3 28 479750
51 24 909691
38 61 297940
52 65 455955
69 52 299669
84 24 791229
22 47 929224
28 66 54349
37 36 331477
84 38 333554
32 47 954499
70 60 321152
11 16 548104
73 43 556821
40 57 276342
48 40 122800
14 56 421624
32 26 70178
66 31 448835
33 3 891911
21 31 965433
33 13 910596
43 31 237513
83 48 106709
82 21 971711
17 68 886051
84 28 845079
0 11 237392
78 60 676392
78 22 830789
32 65 594582
77 82 952833
36 62 612931
27 20 178315
46 80 551281
59 18 515779
47 35 362334
21 5 22735
80 70 643264
4 30 202297
85 46 438624
20 74 718358
70 47 120355
19 35 373232
18 61 371945
33 77 911759
5 25 70886
71 49 227530
41 34 794284
15 79 889021
34 13 784768
49 53 948068
27 9 636859
73 29 483992
15 75 442924
50 56 847020
63 33 891161
85 79 204531
74 28 789548
22 73 976540
27 82 890403
29 4 228373
9 14 60489
73 48 178532
13 60 806708
15 63 414625
51 27 713414
65 83 640345
77 2 910408
14 19 887987
45 71 123325
59 0 999194
42 0 681172
62 11 713067
53 80 24921
59 10 265722
12 34 587976
16 83 190492
48 56 742912
39 54 329591
4 10 592671
79 53 760045
30 66 665434
56 85 641249
73 51 930036
85 2 538668
79 32 177743
85 3 619165
82 64 55613
56 29 810920
70 52 407926
33 39 655019
70 56 996710
18 82 272503
63 21 236802
32 19 863500
46 50 997322
80 37 508582
49 61 448845
63 65 552549
37 53 236555
48 11 95492
74 22 759171
70 39 875701
50 29 609650
39 45 991581
43 85 778533
60 75 335238
60 54 293142
13 78 632041
57 73 603
43 37 79821
72 59 257527
76 6 27847
8 29 257344
22 17 778920
48 9 30779
29 17 624445
76 24 512392
85 71 271433
46 77 666297
30 45 263145
22 45 284940
5 37 825278
47 73 231362
10 7 505573
8 2 102328
36 13 907594
84 53 928345
18 54 582898
56 53 171638
3 65 882822
72 43 293751
82 42 93805
4 25 185520
3 82 253702
51 19 153919
82 49 105611
54 49 320851
24 15 245104
27 73 748259
47 4 319169
34 19 58717
7 55 517680
5 17 212101
6 42 52263
34 21 605249
35 79 887562
84 46 603327
33 17 44544
24 32 420338
14 82 607863
36 43 814963
36 58 529652
46 35 696971
34 86 738540
49 5 698315
51 57 549816
41 84 956778
20 78 617662
77 66 759668
13 5 355796
19 72 510004
79 71 770802
23 18 171708
14 16 628801
80 71 382189
8 51 971895
62 21 161111
14 69 732950
74 14 919103
40 74 65786
86 29 497449
61 34 527497
86 54 384435
8 4 365659
45 43 150743
16 31 803533
31 52 441378
85 40 355203
41 53 617596
73 28 755954
26 44 649600
23 21 869518
10 82 813581
81 66 132944
83 45 999479
4 55 865102
20 28 371575
5 83 976038
39 63 513486
26 28 515459
72 62 736317
80 85 541721
71 0 843843
17 65 98998
47 34 625645
73 68 71346
12 46 958874
15 26 744276
46 49 837463
50 47 42995
46 73 338444
40 36 937822
12 56 359104
9 41 607571
15 3 765599
45 32 315924
64 42 938526
63 10 751208
86 30 354419
62 10 781758
52 37 276217
22 69 183312
67 25 98652
66 35 323705
40 52 120032
31 26 379774
23 65 943629
71 40 66186
72 8 643390
10 12 514214
64 47 901852
73 38 314693
47 5 259266
55 51 897483
40 73 588018
8 25 154973
12 14 724686
75 63 256488
36 79 157928
59 17 429337
25 38 896811
5 9 265412
4 33 659440
35 20 520000
51 37 684491
32 48 641752
33 67 770666
1 14 732731
16 5 593797
22 32 409116
13 73 340881
14 33 886612
33 85 660911
5 10 596812
1 2 841864
41 75 429554
38 0 559342
12 7 221864
72 81 730255
9 22 366967
79 27 181505
1 54 937242
86 82 426272
40 22 59308
74 85 772391
45 73 810178
44 13 60585
40 72 941033
11 63 150056
59 22 963225
53 20 95173
77 45 392489
78 17 10305
51 41 75068
58 67 884622
64 68 576859
55 5 783456
80 5 5264
32 30 352771
60 36 21461
70 57 559664
62 20 27211
0 52 704412
14 85 854475
23 61 894484
81 39 42451
66 12 137679
67 86 627649
1 56 80215
23 32 396562
59 54 158558
23 48 443333
25 26 947277
42 78 827560
24 35 478207
65 71 985006
42 12 607160
17 71 288946
55 81 366112
50 72 82542
60 49 800089
32 5 754494
13 70 863726
57 31 476500
55 25 22205
15 12 95584
25 6 465871
64 31 69448
59 79 61071
78 16 261511
68 80 893800
68 1 730005
44 34 87776
64 30 495254
2 86 733666
25 70 261977
67 72 142991
33 82 366709
60 29 44118
41 13 428761
69 21 565113
58 43 354804
17 63 190654
17 16 640715
53 44 91368
55 61 568598
7 38 181683
34 77 495375
28 67 528730
14 7 368828
45 15 866276
66 4 894858
22 54 618540
9 29 577567
28 46 301167
42 5 799263
19 43 389860
58 23 941181
57 35 9080
71 53 959789
52 10 682792
72 61 59763
4 26 981355
47 10 468764
38 8 143537
44 85 769007
21 40 285079
50 75 879585
38 21 649734
48 4 575430
11 50 475143
53 67 646073
80 72 303888
30 12 103857
31 83 839697
78 35 276516
59 28 29526
29 41 137245
41 15 97412
27 22 373015
53 45 135896
59 60 897294
53 68 739848
76 2 838173
34 15 54812
48 17 581662
51 65 508374
34 35 624971
25 72 163177
62 30 622086
5 2 1555
29 59 241867
16 34 913681
38 30 512216
86 1 60322
20 51 805410
2 18 205560
17 3 679235
78 39 501709
51 61 86559
59 80 96483
45 67 165527
83 0 826399
35 70 832777
73 84 557809
19 27 490978
67 39 139520
65 15 324993
40 65 353306
84 26 387936
62 78 912669
69 41 849503
18 55 685714
28 33 107929
42 77 546654
33 83 312836
44 12 203343
57 47 378232
46 32 287545
54 7 770922
43 2 334580
86 17 407153
56 0 95267
14 84 369011
56 44 113231
14 59 850937
37 30 466201
48 24 232971
32 2 656149
45 27 290402
25 75 262420
43 77 216296
36 72 992178
56 23 502612
29 37 913682
69 27 468848
60 1 483155
69 80 590101
65 45 248898
43 62 636097
17 36 57037
47 39 931714
56 69 510099
85 73 297664
76 49 796932
21 83 392962
42 32 689415
77 59 222054
9 11 732020
47 17 684529
1 44 647600
55 50 777618
58 27 812191
3 25 83197
86 14 392833
86 58 808191
72 24 826651
29 78 851388
68 86 324087
63 44 403622
24 82 770723
53 39 833631
63 3 641633
47 37 563233
67 56 427953
59 21 41643
66 64 608002
50 35 337847
62 38 114714
79 21 24586
5 86 465691
48 2 320974
84 55 160142
86 18 233168
34 57 832879
2 56 289763
29 82 587888
76 4 714441
30 68 433368
79 18 476351
11 25 345200
18 0 992459
43 57 9180
36 12 695536
27 34 826408
29 10 78605
12 75 323697
51 14 374615
76 36 825047
30 81 344094
71 1 545647
14 72 615191
39 20 930531
68 69 53225
1 5 35219
28 57 543686
68 83 81910
68 0 870447
81 42 955378
8 56 397056
9 69 552183
42 20 231046
66 36 661462
12 40 925338
60 30 308056
83 64 363360
16 70 656362
85 5 741728
78 69 834854
48 46 512261
65 79 433406
47 65 591208
68 35 704682
44 22 426235
44 59 112901
27 24 485635
67 65 875584
8 30 636649
18 81 396762
58 33 738533
67 4 23535
12 8 648430
47 52 343296
30 20 523668
61 80 563284
76 81 313855
6 84 300222
9 12 80358
24 18 514177
52 20 677794
41 65 628538
10 14 94129
78 24 307191
35 22 710035
83 30 458930
14 24 598720
39 4 209665
41 72 713180
81 2 7923
73 21 56314
32 55 360580
58 64 167389
37 20 870003
63 52 132730
6 29 471565
41 31 298551
63 7 458988
9 8 380114
82 35 713983
19 48 140785
63 23 450769
31 7 367411
75 72 402320
61 41 494154
79 63 7023
42 66 510961
41 56 656931
8 14 248807
69 70 951134
79 61 614783
27 48 937611
30 43 472162
69 32 109813
45 76 286738
10 2 227914
26 34 622821
65 69 699439
17 44 144062
35 8 997855
10 1 563873
5 28 946660
37 45 850794
20 8 337310
47 58 800272
27 4 742961
17 76 181512
73 52 62952
39 22 383967
11 82 68205
69 0 541738
46 6 122504
17 61 40883
59 52 773385
28 58 702279
49 77 27054
13 11 125576
36 78 49696
68 55 289894
78 8 503715
37 21 157501
25 52 335302
27 35 588813
53 28 928082
62 44 399639
2 23 702179
57 42 457710
0 4 769351
81 4 61127
84 70 699740
29 75 492834
79 48 335043
1 24 46829
12 62 37253
35 16 776779
46 8 486909
80 63 832204
57 69 531633
56 40 132113
26 16 224806
60 32 408834
83 8 550265
1 13 879604
35 12 298563
40 25 961179
26 50 983849
39 82 362626
55 47 616073
67 50 228046
53 21 307498
38 83 457001
22 29 570725
62 55 680110
54 20 965961
85 13 103589
9 71 768136
59 55 342373
38 74 841912
11 5 331138
3 8 705482
14 21 818968
40 34 714130
54 30 407349
24 6 56387
65 9 599257
50 58 637772
40 58 446967
28 54 523621
20 5 11740
66 0 530613
1 52 900798
35 77 985556
49 35 97393
28 44 615597
35 3 826068
31 70 168864
67 32 358859
34 75 79443
31 20 893978
3 16 282463
36 77 483466
30 25 911292
7 16 581894
85 24 822090
22 61 736819
63 36 328974
51 49 568360
16 32 733925
64 78 520234
14 25 572312
34 63 888790
50 85 949878
69 62 507720
58 73 643362
66 41 213245
22 86 33061
41 25 107047
0 72 92951
73 82 548929
65 57 253104
71 11 248085
32 6 477462
11 28 832064
80 24 235506
60 42 985819
81 49 903655
63 77 743750
29 84 708969
41 58 756190
64 39 289103
6 77 460686
62 76 749290
28 16 324460
35 51 871794
35 38 95649
31 19 532241
80 51 104313
60 37 316424
43 18 7710
22 56 570248
28 69 225552
36 52 901313
70 78 532346
58 56 96247
75 77 564212
61 4 458569
74 60 431109
61 76 811076
67 80 397990
7 82 148841
34 20 685867
23 24 416864
56 9 622294
29 25 955671
39 34 854416
51 72 370095
16 66 328531
76 1 292894
18 29 173163
8 31 348601
83 46 821701
65 18 818901
31 24 694225
37 81 279109
58 25 805172
22 72 564403
60 82 61828
30 23 249429
31 84 369790
64 54 842842
66 56 144154
65 4 719592
55 1 262485
50 49 323063
26 36 835312
67 43 397822
19 16 707761
62 61 550592
35 2 176656
42 28 210197
13 10 280135
71 8 861972
10 85 637340
41 64 26610
18 63 246611
22 14 336541
10 21 982046
72 69 241711
33 8 624588
42 13 66462
68 62 951033
70 66 86824
7 25 641591
18 15 390753
48 85 884872
77 10 526634
10 49 754201
38 64 48972
20 76 61645
41 24 367470
78 32 779954

