93 2320 0
10 72 935412
36 17 987387
25 21 271136
40 59 50465
91 32 971278
68 66 216357
18 81 911188
14 48 471354
61 83 125218
91 26 811419
77 67 964915
87 13 492926
35 28 217338
43 88 959947
19 62 824695
45 90 859286
4 27 191559
64 55 311634
68 21 206037
61 6 856435
19 24 802541
33 18 174017
66 83 528186
26 30 140942
56 9 964210
57 88 213679
30 15 238327
81 29 624169
13 61 518274
62 49 543722
61 79 265570
25 41 258003
38 10 700329
11 80 652350
89 17 15062
73 39 64649
57 13 672980
88 27 942599
58 60 256413
25 43 567206
49 74 162740
50 68 908770
18 40 600119
43 79 469466
24 60 45438
6 43 819835
55 45 101016
81 25 823483
65 46 962990
51 58 323785
17 20 712312
51 82 689644
66 54 777113
58 38 436783
91 25 591463
11 88 298975
39 61 282266
29 52 59747
68 8 905096
33 15 361679
48 30 129475
92 2 829001
12 51 501281
89 37 209882
21 13 311776
14 57 300098
85 80 995856
33 87 379520
10 67 165900
52 84 930390
51 86 199803
64 5 584158
80 35 160404
6 73 985310
43 70 90474
51 16 775890
45 85 27022
55 42 60630
81 48 742303
10 0 524195
42 73 40233
8 90 702552
61 64 784181
22 74 856687
84 27 573168
79 16 330246
25 35 14937
47 71 91907
32 0 795486
2 86 544169
4 60 663138
83 3 953925
22 80 10391
90 76 301968
79 31 301524
53 35 307906
11 69 881820
69 90 211271
22 48 419795
42 44 915913
33 38 387544
66 82 278010
26 57 660389
3 38 466712
32 43 549449
78 76 880242
78 18 559232
5 36 690327
70 49 428096
27 85 321724
20 26 511093
61 37 453757
49 69 174894
4 59 538577
73 26 527061
37 85 208490
7 23 385420
63 41 80535
12 64 813360
50 40 589918
24 11 896254
2 13 367802
54 12 217566
35 11 956970
43 77 197993
70 28 991476
31 77 562007
78 82 717623
68 7 692914
59 8 87903
35 34 38062
6 36 826727
13 29 338822
69 15 671507
12 86 583726
31 49 655621
38 66 316621
29 0 616893
88 5 984319
50 86 493442
50 85 965179
51 20 850540
18 73 494125
63 20 491510
90 63 870087
27 1 722418
21 71 81589
46 75 760751
47 45 120683
41 26 332171
40 26 991240
41 64 40906
60 68 840673
23 6 459185
33 84 1802
69 38 68576
61 31 512364
37 55 174094
21 76 244870
25 15 565127
39 3 724646
86 79 240083
52 91 786887
75 10 713199
52 46 667058
85 69 285493
27 31 865386
47 53 797572
34 67 985196
73 41 957869
23 51 113345
58 90 702769
16 56 454519
83 90 706187
58 91 499822
48 87 774348
1 66 237321
13 9 293792
11 0 697753
63 85 824645
18 12 351243
50 63 865781
74 81 270539
60 63 12383
0 21 679151
45 81 761035
76 24 631969
44 3 457323
43 51 114435
62 24 508892
80 26 351730
6 30 434000
49 58 755619
83 36 921608
66 61 156728
39 25 958363
9 77 701846
57 52 765675
25 18 4468
33 72 543990
82 70 278321
1 3 772802
56 76 969233
8 35 187315
74 76 103997
50 82 613167
61 41 583795
54 3 913723
25 75 40041
86 77 456224
6 81 382683
84 29 603818
78 67 200771
89 71 605605
46 30 17868
31 1 440988
15 89 93393
6 8 941816
64 58 457866
27 11 994261
13 55 46886
69 21 711520
18 41 643179
33 3 861943
67 38 360700
47 91 113261
49 25 365706
54 37 693219
40 51 837647
39 33 290147
33 70 499544
28 85 272130
5 9 807181
85 62 743398
78 47 451515
23 26 762174
43 40 172667
44 86 798237
66 40 729191
89 68 466923
17 69 138276
71 24 822014
68 36 806319
22 84 400293
3 66 341659
85 81 944520
74 92 423982
6 16 611557
5 90 964734
12 24 172642
68 82 845917
4 54 718145
42 87 510590
19 92 265752
70 45 125885
75 32 256203
84 89 790330
77 23 185623
40 36 768843
38 87 961936
55 12 466050
74 88 735031
38 76 421820
18 44 26791
31 10 758740
56 67 952895
22 68 294261
76 65 39402
0 40 392336
52 1 824140
76 46 661213
56 39 547781
39 17 986277
70 12 343600
21 74 658356
42 64 521228
91 5 457396
18 53 727699
38 50 250799
22 15 174268
47 92 176412
40 45 165592
89 92 490722
54 21 339908
77 20 457123
43 17 176278
50 45 205874
23 47 63033
48 39 53128
54 80 908848
20 7 322338
87 4 50126
18 80 716800
29 28 901393
26 61 781021
64 75 616938
15 23 576242
30 42 930774
55 79 575475
43 33 327980
31 91 210021
54 63 466587
85 60 103018
59 11 162269
37 17 17520
9 57 220597
21 40 849733
15 77 793135
57 59 354691
75 9 63424
57 6 154809
15 5 963399
12 73 298632
26 65 106774
31 72 658675
71 49 706222
49 24 820867
81 86 242607
60 37 247249
42 86 855003
91 35 551368
68 47 636477
37 84 794227
26 28 767788
49 28 420234
73 80 350216
42 49 72541
3 76 605514
36 77 960505
47 59 749494
75 31 429733
5 27 26827
72 37 758098
10 87 783503
43 26 377516
55 74 248153
29 8 351216
24 82 916164
15 80 867055
73 59 230760
6 3 37745
32 79 779404
53 17 311851
92 58 283841
38 59 244824
86 84 79942
3 30 521123
23 43 465808
79 22 442598
15 19 34101
14 75 595781
73 60 270051
8 55 311341
74 45 80491
70 34 524020
22 11 542618
7 77 375920
48 44 215507
53 64 892138
22 52 510111
21 88 388176
27 26 461201
78 53 315274
30 84 455030
66 71 265476
28 87 474397
28 88 371162
47 17 575000
10 57 700012
45 80 458327
67 75 170480
70 71 560189
32 28 741471
35 72 93935
50 33 40566
28 51 169099
28 34 239578
63 70 914009
75 57 757627
32 18 701434
59 90 2651
21 77 893849
63 66 491283
29 18 132687
82 33 856464
68 63 683444
68 87 807784
61 44 804704
58 68 539312
4 39 355518
37 66 756686
25 2 643355
12 58 2520
18 6 148002
86 52 66874
68 81 14853
67 11 625028
15 79 274089
58 63 77588
81 21 672586
76 55 892388
50 27 79680
20 64 198914
38 62 796634
79 54 583943
33 47 345159
50 54 551299
22 33 124474
0 43 306256
56 81 691536
41 70 116231
1 87 172647
78 2 330758
71 23 867587
77 71 333189
77 55 258150
25 22 16505
91 39 886675
89 25 969278
92 91 38635
83 32 677510
72 30 968023
10 15 680014
4 89 764828
48 67 986862
50 31 904788
67 42 178108
39 62 625363
33 52 674095
84 43 172828
59 19 449681
7 13 626166
16 14 871067
36 46 928920
35 26 40221
57 35 590863
37 88 952633
20 88 518901
48 28 972017
34 30 607863
31 39 61536
3 65 788177
12 65 318285
0 19 936643
37 6 225859
54 5 678549
36 71 723273
75 13 742165
73 45 658895
81 27 965816
22 88 720527
28 65 732271
15 50 765984
30 10 921687
27 76 746673
85 40 171488
14 28 121257
61 29 924912
43 27 728595
56 70 5060
30 9 122617
78 8 146516
74 66 998551
55 11 669345
82 81 698662
84 49 418696
81 64 810309
30 1 61782
92 41 64832
11 8 385027
43 42 478674
73 31 700921
80 63 857566
45 71 770976
22 40 273524
40 78 370553
54 0 949034
15 17 374869
56 45 323910
51 62 405424
25 45 754029
90 16 825778
19 76 725442
85 30 661856
82 7 346954
1 59 178203
58 61 221059
74 58 188542
55 41 882263
92 25 336522
41 91 191446
50 41 789044
21 46 725888
38 30 576513
21 30 639594
39 75 799642
5 75 463539
65 13 411796
47 49 320916
42 6 549412
10 29 531744
75 21 453814
5 76 641548
23 29 363853
47 13 616006
6 62 101699
91 36 725404
81 12 667622
62 75 828567
17 27 619103
23 63 757539
1 4 325469
72 57 35543
42 36 730082
75 86 518460
36 85 110869
22 44 507773
71 55 950144
77 4 760364
87 71 552263
74 86 954784
42 8 444699
15 54 582093
16 21 454474
74 32 625185
40 79 820699
41 11 409494
19 54 52731
20 69 305640
34 80 406614
72 66 662586
44 32 763899
74 83 652367
19 22 507200
36 3 736754
58 48 525685
65 71 170533
35 29 478191
9 18 53285
11 17 823759
66 75 820173
58 20 329081
89 23 785150
29 49 147656
12 47 126320
23 67 750478
92 43 253811
54 44 887366
15 3 487565
17 25 856901
22 59 319694
15 75 123253
80 71 300207
55 51 23099
40 33 82732
21 8 945571
52 20 386298
86 65 896600
64 82 904876
5 89 438732
37 8 510378
16 71 810610
14 83 339297
50 88 200683
80 56 429589
62 23 947550
90 42 203578
45 53 589138
57 56 687165
81 15 547915
46 67 920641
89 2 979960
58 73 382007
5 26 977915
40 25 855860
78 17 948215
66 35 456434
83 28 810480
42 17 768386
55 56 855071
52 26 402171
19 86 313841
79 39 847273
19 69 605500
33 79 298417
87 27 360696
10 77 93003
50 57 226378
6 76 942968
88 68 661322
14 20 220770
10 83 735127
10 78 879646
17 14 535995
15 90 789418
75 74 183957
80 82 73971
82 79 507019
77 64 751814
55 92 134554
22 32 278495
46 13 875835
67 43 770915
11 85 571700
34 14 592969
20 22 835686
85 71 342226
60 47 180141
12 80 915449
52 58 553660
36 73 751521
91 10 274692
62 29 432600
62 60 934868
8 14 573181
88 73 633689
83 41 270055
69 48 757925
86 36 236383
50 34 728046
54 72 111626
87 16 208048
46 90 143842
49 73 924577
12 88 584363
71 37 358867
2 75 758424
29 55 156370
33 76 206282
65 83 266776
12 87 935541
25 9 601119
59 62 669731
54 53 12051
80 30 565685
52 9 851969
85 2 518442
30 92 532722
70 39 785881
54 70 774425
92 46 701963
92 16 161782
55 58 630614
14 15 488417
25 54 984657
1 69 459083
15 72 475593
66 50 647256
22 5 719247
58 31 648333
91 53 72367
79 7 611464
80 19 174961
13 4 988429
44 74 965575
50 51 749836
4 24 484193
35 61 998866
69 0 371891
59 14 265486
21 50 889189
43 55 647874
18 45 995192
64 14 357862
2 91 49151
5 62 938130
16 30 634923
45 33 404395
17 62 648703
32 31 418840
55 50 663443
32 4 279130
7 16 610914
91 72 821949
20 74 987783
71 25 760514
20 56 182482
44 46 233448
57 76 420919
27 35 456277
10 28 20625
65 36 259079
39 86 875370
40 70 69071
3 7 467761
26 17 200528
84 75 429778
89 44 328207
62 89 126537
29 51 454788
26 66 16316
19 5 545659
71 27 242640
43 12 417360
32 76 587107
79 81 209457
64 1 605515
73 75 999073
66 27 688577
55 15 421766
24 55 202181
41 87 262237
90 72 182044
3 61 919461
23 92 177454
82 48 486507
85 89 942186
19 49 558723
72 88 711790
29 59 580583
42 16 966978
2 48 802705
6 87 844562
60 27 251939
47 48 933128
57 27 277693
63 83 365614
35 49 202830
84 4 269045
71 38 654368
58 24 445350
71 91 256468
83 88 734606
81 53 632177
45 66 593890
32 47 387287
9 22 249616
48 83 680560
74 14 142981
53 9 69867
39 13 500470
7 58 804170
30 71 967163
9 51 713626
0 20 885139
37 70 155974
35 81 299466
74 64 746023
3 56 109963
60 26 283246
9 84 436544
72 80 724955
83 45 203273
49 10 512378
62 55 35978
37 53 310269
83 49 580757
32 1 435845
27 47 486032
62 69 657124
58 1 478618
70 69 614146
64 90 438433
86 37 836921
2 57 323335
20 31 207345
22 83 378990
4 85 925868
48 80 450716
34 59 92079
51 60 700345
22 92 850761
65 16 390613
28 60 255424
55 5 649743
51 73 58228
20 91 786816
58 40 207233
82 30 691163
74 33 988080
74 16 731542
19 44 419785
36 1 809893
55 53 627888
42 11 101809
2 3 821942
54 36 725251
25 10 290051
1 20 113495
53 38 748011
86 85 636956
74 90 748088
74 13 376722
56 12 52326
73 78 747116
6 4 380671
56 60 192243
46 74 397787
90 25 850827
43 28 24723
3 89 205520
64 44 599193
90 84 66675
9 21 739808
81 17 31590
34 13 230219
13 90 879227
81 40 366026
89 75 599285
69 66 461414
66 55 736381
12 85 932526
26 0 368598
22 43 213002
37 91 464869
36 25 141585
39 58 101611
80 8 297574
52 42 421779
64 62 250509
75 71 583447
60 52 291185
23 70 833858
42 38 847645
62 40 231992
89 52 479974
92 73 815709
65 7 787676
60 84 185140
11 62 45466
55 90 224029
16 46 902072
1 57 503825
28 12 896667
51 48 720530
76 40 557032
32 42 308400
12 61 461488
62 33 826593
43 4 409408
47 58 692185
34 27 442465
92 86 198056
23 14 718834
69 31 444849
4 10 348759
1 56 715304
75 12 632580
46 6 125589
83 69 713886
90 50 469228
55 4 914032
70 32 205042
72 49 371486
31 7 310270
18 27 714573
34 15 393142
91 63 68990
10 59 682810
44 2 491544
54 90 669725
19 18 924309
10 73 3464
15 18 803928
47 10 832292
85 7 299907
21 2 76535
84 1 26480
36 53 7948
64 8 121751
63 11 59148
68 85 576058
16 50 167440
7 50 943027
10 76 806978
6 21 647462
62 45 299460
90 24 345776
18 65 470632
20 9 160476
31 21 805965
59 87 843531
52 87 482295
83 16 417355
2 31 68186
2 83 826417
22 30 30827
92 79 305298
21 56 36140
64 6 139801
59 3 169390
27 82 169729
35 74 784348
22 39 807293
5 33 957949
59 75 880827
62 25 449750
73 32 340849
92 72 927002
37 50 526593
15 36 271153
26 44 60038
77 62 9774
13 53 607385
89 13 312574
43 50 544589
39 84 505900
80 16 680062
84 56 539750
4 92 267389
79 63 449295
91 19 910636
74 2 314813
79 51 512558
75 48 580038
67 76 936468
44 11 993757
86 55 318808
34 64 554008
0 22 980858
7 80 343666
4 58 597809
30 54 774155
91 65 915166
31 34 854869
34 46 705944
26 21 645052
72 0 518922
37 7 643968
71 76 709579
38 84 513739
79 20 367461
90 1 182310
35 45 191660
10 8 987191
81 52 205100
76 59 326873
92 54 332590
68 59 67300
28 13 866823
90 17 666695
33 41 628722
29 7 566061
68 41 295182
74 41 642223
65 79 82517
74 1 491240
18 68 458844
41 57 88175
53 5 815514
40 61 3851
79 45 734073
42 74 303642
23 2 203467
88 31 227183
71 29 271562
5 82 866199
72 65 408401
37 69 148621
48 40 895765
14 44 211517
22 35 840769
21 84 600894
30 75 940940
82 4 167047
75 44 600739
53 73 686770
35 89 327392
86 57 571830
12 46 939845
74 47 107731
91 40 902731
83 47 861651
73 46 262601
6 28 217745
21 48 349762
38 16 647270
31 67 117558
22 8 136033
63 37 902009
4 38 871073
12 84 137039
22 46 228738
32 26 379460
54 55 331199
91 85 779422
80 67 239419
48 29 413035
70 84 868382
33 88 765231
1 9 599816
3 84 72567
24 39 73494
14 51 218481
79 75 204283
40 56 552559
3 35 691186
92 78 353259
63 84 520137
34 18 772996
36 84 481081
29 66 255078
29 19 443778
39 74 407546
16 41 549645
79 36 784689
23 41 516134
21 35 766625
63 29 514477
34 69 957320
45 29 744450
87 46 983940
46 7 254630
25 42 902993
60 88 194083
37 21 208911
40 57 860244
21 20 944718
29 87 902368
91 6 962953
38 0 174015
9 74 698622
79 17 83291
32 62 131670
42 91 542135
3 67 513257
5 70 408362
19 57 355252
71 19 880365
29 36 729654
48 55 260250
61 68 419473
45 75 414138
30 88 537206
34 55 690149
44 15 911673
82 8 362270
14 56 312513
44 24 608922
46 47 468650
55 59 56639
61 17 547936
84 17 274803
34 82 657203
47 87 159338
38 28 697980
0 86 240269
71 48 575863
38 49 334156
52 73 301555
15 88 745443
28 61 252700
36 80 203603
37 1 532213
3 81 745785
34 8 53685
42 65 963651
86 70 81872
18 57 936244
84 77 96453
84 50 572740
10 51 686171
28 30 372691
3 80 579142
49 0 443076
15 42 519897
78 43 607402
48 65 587722
39 63 809463
3 4 334667
45 42 597213
42 68 412344
7 12 552984
52 75 74339
66 53 911736
50 6 138664
17 87 257288
36 64 601073
10 37 702621
11 71 867305
36 57 142559
63 17 537971
0 77 161156
22 77 857785
9 19 156227
73 0 119517
20 47 216457
65 55 201880
12 15 143387
27 28 652144
51 64 406870
25 32 16105
79 46 371518
6 33 783466
14 72 840304
39 50 812718
14 11 211919
33 69 60441
52 35 179260
14 84 49691
45 59 249869
71 0 509557
55 82 752409
60 57 27714
46 43 912264
44 78 538410
43 36 535055
53 79 201456
63 64 891313
77 11 614408
0 44 652721
88 75 487511
74 87 307815
30 24 232057
66 43 771164
10 23 664136
85 72 605486
63 44 915472
26 83 473504
27 33 289182
5 44 166728
58 34 185434
44 17 8827
62 27 87294
66 92 828754
61 11 111847
45 86 460091
10 88 437653
81 72 884643
69 67 138097
61 72 904300
43 65 452312
77 73 679918
80 47 934907
34 43 59430
49 75 112107
24 54 428551
85 15 763512
56 62 855717
77 2 6179
86 88 164757
15 13 436542
7 88 342488
22 85 77154
3 27 785064
75 29 830508
41 15 998818
33 77 959955
55 38 480080
17 3 324673
32 8 800441
65 58 930661
81 36 510494
73 70 826834
26 16 792955
90 61 563602
40 23 889286
55 80 700813
69 68 412112
4 12 447892
37 39 386191
61 54 184627
35 75 69689
10 14 24931
37 18 579134
56 26 329935
16 5 590698
7 15 997204
58 79 570533
72 89 320779
3 48 186640
7 70 80293
74 51 611603
45 92 597339
76 53 291872
57 71 547317
47 8 213028
13 71 306365
87 43 441821
77 76 815483
11 87 771778
33 48 382317
35 17 593252
63 88 703065
39 77 6347
10 36 488127
3 8 677163
90 38 431940
82 37 161241
89 21 776709
9 87 601865
18 69 532658
39 19 942251
92 71 236041
68 31 59810
22 76 434964
48 73 891787
48 24 699101
38 45 784669
37 76 477
45 88 292724
87 75 783614
88 0 429731
21 32 898522
62 37 491517
56 61 261343
89 7 214857
44 57 201246
58 32 156738
39 87 130598
72 70 701919
24 52 182886
1 67 748360
10 2 324606
90 47 565976
25 83 723779
77 69 200343
47 85 802020
76 31 458283
63 53 604695
77 29 185339
79 91 514520
5 78 947877
23 49 87651
51 52 789190
77 38 135057
91 82 778055
35 50 283657
42 76 952660
81 91 514403
53 1 66595
44 21 34912
7 86 322451
67 54 91868
86 38 542867
7 5 727609
10 34 582548
30 78 360361
77 56 1216
28 19 573225
1 68 16576
1 44 883728
9 46 755544
13 49 888279
37 35 87965
92 18 464260
78 46 504771
67 20 703600
77 89 110381
73 14 472431
83 60 237589
10 27 9752
37 13 24853
62 67 703897
18 10 207795
16 68 390391
89 76 759820
57 68 771272
84 10 503675
1 92 963639
10 53 191456
45 39 148095
62 50 973795
71 32 521508
17 33 250721
41 5 965830
34 75 26274
28 31 562402
57 65 584138
16 70 285798
75 83 450245
71 74 528084
34 0 143834
59 67 289484
76 15 455766
0 28 972461
69 73 807862
66 32 207857
69 46 949646
52 0 316115
26 48 673363
68 48 551404
81 54 395190
23 8 833033
23 45 852043
66 4 128282
59 58 73052
17 19 226965
21 53 979437
16 34 469171
14 6 361076
30 66 523791
28 54 643347
49 78 556806
18 42 517756
72 11 836801
34 25 811156
90 37 145373
70 48 899171
76 50 148992
80 87 520747
6 70 53749
5 50 161117
35 46 215136
21 85 805778
67 87 30630
77 28 695517
0 68 621506
83 82 908643
42 81 144817
2 9 467854
25 56 62475
38 92 313642
25 44 287741
7 75 314092
54 57 436228
28 56 15125
50 28 703029
41 58 113064
63 0 433371
33 32 474134
85 79 527784
79 11 352227
83 21 215025
68 39 728493
37 59 813908
14 37 224719
20 82 168246
76 75 550498
20 18 409956
44 69 449900
26 74 756199
13 0 207204
79 71 905527
72 16 346152
59 48 364305
59 85 406519
84 64 400253
65 1 884488
9 35 554247
52 27 648216
4 7 113250
58 11 830648
41 2 134351
47 5 874951
17 30 133015
10 40 651116
30 55 668747
44 12 911137
48 0 936098
76 35 981460
53 39 28607
49 43 274917
65 85 715535
56 53 414854
26 47 603370
64 48 159677
58 19 95810
29 40 250822
92 39 257682
6 0 629458
24 70 940486
13 41 906796
14 1 514642
67 91 477817
76 13 268241
17 21 283790
7 18 485022
0 84 320032
21 86 496019
19 7 842162
77 27 280707
89 24 216163
49 36 606724
0 65 532852
43 90 775885
43 5 329102
65 23 778620
73 44 15956
9 40 52890
74 84 229321
15 31 296343
49 80 799720
20 50 116518
48 84 215568
75 90 918502
13 1 909420
37 48 402080
40 13 874285
81 66 187061
83 31 29227
53 30 235946
85 84 824787
79 57 183784
56 23 637837
78 75 114833
71 10 729931
20 66 702541
36 4 216478
65 11 446840
6 83 570571
70 26 554029
87 76 465826
25 70 763989
46 32 154337
68 90 846833
68 11 309810
78 6 421718
44 88 937150
42 60 20291
14 54 569339
26 10 241492
88 91 127581
62 9 655702
78 1 716889
27 38 801369
36 7 202253
46 37 321131
55 21 790304
91 16 303684
80 14 66431
14 70 469409
87 50 317169
43 21 810362
30 41 812015
72 76 864084
5 28 877422
40 74 590807
3 92 667672
85 20 232855
39 47 117477
1 12 7760
45 3 179004
75 33 583733
27 73 563451
16 53 399294
36 35 299435
33 90 804582
26 59 617966
69 86 180472
45 61 687543
79 12 652275
71 54 447234
38 39 250475
9 29 738044
88 25 465942
71 35 562069
31 80 394791
39 72 501423
61 16 712064
22 91 26023
90 80 310470
32 89 610730
33 35 988920
53 46 601648
18 91 50896
69 26 543034
60 86 565982
17 85 594188
67 32 228521
84 24 224125
13 14 933185
11 52 980507
54 29 213038
4 56 578695
20 57 11696
60 19 80957
17 18 312151
6 49 361292
43 59 922677
57 49 989052
32 52 666279
2 62 677380
9 58 732967
62 13 479625
72 27 125745
29 20 933124
86 28 561472
83 64 893012
40 11 309521
18 63 1316
51 49 796701
41 56 461676
20 25 827960
54 87 30218
52 43 415119
69 84 469453
33 42 765511
48 46 547571
8 45 679626
78 62 427222
70 1 190078
83 1 494953
72 19 80093
37 34 976705
36 55 315926
49 92 44131
32 41 707414
69 40 390196
77 26 527833
25 66 663262
13 5 613613
63 25 850060
85 53 202427
91 68 415370
49 61 303666
35 68 409721
36 14 803274
48 16 651685
2 88 846182
70 58 330647
25 73 706983
21 59 564851
25 61 424195
73 24 833180
90 39 254267
3 22 80723
51 6 656013
87 26 318108
8 56 619965
59 15 416085
13 17 817372
22 50 773352
47 35 655111
83 72 388135
91 49 942099
0 58 583985
28 25 575224
28 45 941730
48 5 908874
49 48 999282
74 89 141652
80 4 329070
42 54 696366
27 90 454632
8 54 221841
74 24 401408
0 79 662327
41 9 850701
69 53 665606
47 1 429325
12 53 445321
20 71 181448
51 59 920252
74 52 323133
62 16 396011
4 78 183042
28 1 451745
13 80 529454
78 45 920872
44 49 428212
46 85 560133
76 66 867201
5 73 600949
42 51 421044
22 16 809152
41 0 341296
21 38 330833
22 45 498831
38 32 43951
46 14 857826
67 21 692318
85 92 339883
28 17 482575
52 78 615424
64 24 208872
4 41 898579
71 67 985554
18 89 609282
70 81 901236
2 67 755892
41 17 87539
66 84 275004
39 82 961429
75 72 655027
16 0 173329
61 74 876245
51 63 912668
62 36 40632
89 41 961893
65 34 759624
31 6 209967
72 86 443036
36 63 462588
46 19 930246
64 2 344168
51 25 957583
13 88 504752
12 2 554012
59 83 137220
11 39 621398
23 79 996848
81 1 723108
9 23 864755
32 57 163613
55 40 103280
92 12 205058
12 77 38899
11 10 903066
32 36 657070
12 27 449434
33 16 393664
51 21 944156
40 63 888393
90 34 807633
25 24 106110
48 86 620454
14 7 369633
30 47 55519
70 10 92635
39 16 967906
46 60 711592
65 39 504733
40 89 493757
42 71 529573
66 60 652016
86 67 650694
60 72 558270
68 2 107929
26 4 250696
42 37 245960
63 46 363445
78 61 754784
40 35 358301
43 15 85720
51 7 263687
68 83 352198
71 14 323472
29 53 607948
29 64 553023
84 79 580214
18 36 446620
10 13 904859
79 62 284639
2 55 190077
5 68 451750
38 75 856273
12 23 927488
34 73 879660
73 82 958245
78 56 2730
53 3 547872
29 85 103013
67 63 545185
81 13 950772
6 26 684704
24 31 534414
0 12 872339
34 78 732726
54 89 340036
13 31 133600
52 56 684319
21 64 241493
76 52 283208
9 45 563076
18 49 783350
79 41 171251
61 19 539063
72 6 878322
5 14 615326
16 86 25682
67 25 203793
0 59 18393
24 67 266606
63 65 8049
56 17 136743
41 80 820968
0 23 42531
70 52 980725
92 29 236083
86 64 991875
26 53 52331
8 20 163757
62 8 668466
90 30 250871
34 85 383779
3 34 329238
33 49 190439
7 2 888742
69 78 568475
88 49 835937
41 59 160851
29 50 276700
74 6 271364
64 66 814680
88 55 734535
13 85 595447
69 16 436767
11 90 779144
91 86 149593
0 89 432013
51 90 550421
16 10 447776
80 28 884739
27 19 4601
87 19 94050
70 90 793697
88 62 504010
51 57 389937
62 30 196068
74 50 300326
20 84 505165
88 52 957460
53 51 817033
88 90 423710
3 5 557912
4 75 985844
64 26 783040
63 45 418656
15 29 9391
17 48 852719
79 27 872082
52 25 137523
29 91 582473
23 42 288034
17 5 22922
12 72 84017
47 15 208134
4 29 10341
87 73 485954
42 2 610027
60 41 569389
59 23 828841
0 92 536376
57 47 517613
58 86 194133
67 14 765491
76 0 79706
38 43 963801
7 87 180222
31 18 725909
36 13 393267
67 64 242673
67 18 649107
67 70 390558
47 82 740397
13 27 893519
71 44 572707
37 36 394700
2 60 563942
43 24 325887
14 52 867552
80 38 218209
52 72 170700
91 60 523508
32 27 844185
35 2 226083
26 78 906804
49 34 398787
29 12 864180
82 49 64682
61 82 643447
28 58 636495
40 83 111857
62 68 657260
82 71 611368
59 6 12836
88 66 791221
22 53 491748
2 19 773564
37 78 289553
63 86 178993
36 47 919121
90 35 263006
29 78 445006
18 26 713400
64 69 127213
4 52 706199
19 31 706765
36 23 825035
11 9 949973
63 72 879758
79 35 787430
59 77 310518
15 67 534329
34 84 567857
8 19 19730
70 17 71353
26 89 804577
21 7 210079
26 34 493540
13 52 370704
57 42 720115
44 39 654784
14 81 663695
27 78 697488
8 61 334070
64 79 453752
13 38 965626
76 36 626522
73 9 416818
48 76 956116
11 92 87383
83 78 794395
37 45 853144
58 37 140259
52 44 417379
81 60 162085
14 45 320904
82 35 885478
87 44 655803
21 49 995069
42 35 600591
30 69 771675
16 13 433920
81 24 529598
32 37 890694
49 79 343351
80 86 77085
45 64 702000
88 39 886881
15 68 289336
55 16 803711
72 78 697677
62 63 345868
52 37 255065
28 39 315770
8 63 452126
71 69 100194
80 78 83554
50 77 989634
43 83 940511
53 44 558500
19 64 240806
81 20 316284
89 36 582121
18 43 399495
36 28 780361
45 15 413053
87 56 63497
67 6 724742
6 27 766529
26 72 961721
90 60 440251
91 43 982490
72 48 362233
90 86 938732
60 16 55099
67 37 603373
84 91 78059
54 46 136136
78 55 29308
21 65 306714
27 9 380429
49 11 303684
52 45 135903
77 60 853537
37 33 874506
8 79 377458
12 76 783836
76 2 898840
11 45 940998
88 14 989185
17 75 31565
57 15 98442
8 70 744179
38 44 108446
71 31 444216
15 0 733954
14 24 483444
19 30 618960
71 1 889368
25 11 636296
77 88 890173
66 28 710887
56 54 377834
80 66 524933
77 82 685799
1 73 314640
58 67 605042
1 42 75726
46 2 478116
76 63 674241
81 76 39654
79 60 422747
37 19 244452
42 13 25589
83 34 364128
47 19 147568
83 73 310122
84 58 226771
52 15 74929
51 56 299343
64 4 874279
80 2 623463
75 58 949114
44 91 984683
30 73 110969
7 43 449970
48 8 270032
31 64 385840
66 8 577377
47 28 101992
84 51 130455
58 10 561480
34 53 811439
37 0 337503
57 70 468402
63 92 895827
76 14 556732
50 46 935268
40 52 709828
26 22 626072
24 5 854374
38 89 129857
9 86 968649
23 88 959077
25 50 190135
90 29 574155
71 15 910260
68 6 797407
37 57 1868
35 7 140397
44 50 39932
74 8 72906
25 5 537758
84 55 970612
9 31 715041
53 4 3960
20 36 82161
5 74 603535
64 30 301310
54 10 28633
56 68 547615
67 57 497161
66 15 966712
59 27 71153
82 87 419601
62 74 731607
58 53 679590
59 56 664534
71 78 196890
37 47 621602
67 65 458884
77 72 559720
3 26 215092
65 75 971978
44 43 64619
8 92 246544
88 80 920721
54 6 17404
64 76 540287
67 17 244055
88 79 176435
82 16 743012
83 7 820679
52 28 230285
51 69 160086
78 84 990249
86 29 582929
36 56 836698
12 17 415518
82 43 632829
80 29 890817
47 11 157178
40 39 386409
61 55 973569
83 42 321261
13 69 637757
14 58 157041
13 66 236310
68 72 891834
7 76 354056
79 72 410598
4 74 802510
0 18 229367
12 5 340180
15 73 897790
32 78 56418
52 90 854874
10 32 589948
54 48 67436
92 44 349056
29 44 463453
82 44 237962
69 5 401449
4 73 909477
77 74 398701
9 44 110607
4 8 33156
25 87 43892
66 47 637359
73 91 109480
76 23 470319
11 34 614634
83 13 606368
78 13 897747
30 49 784894
8 30 685424
30 58 210547
24 18 93965
72 64 762125
69 82 255290
9 69 15696
19 78 761309
65 68 472250
54 65 263263
14 9 286756
49 1 781099
31 81 671905
29 1 826138
69 35 495907
51 27 274990
51 22 4638
6 53 90703
70 50 940731
8 67 432422
64 7 240420
23 58 129206
21 57 93981
89 10 933609
20 46 629700
9 39 953138
74 85 385861
1 16 359292
78 15 854646
41 52 793550
44 62 618126
25 38 115619
91 9 363720
63 55 553470
5 46 540458
87 8 562101
84 26 99951
43 73 366713
22 81 303720
45 1 552205
65 37 810513
85 6 819149
40 28 684381
66 14 520985
56 0 469162
12 71 506170
84 31 208805
2 26 912007
82 63 884214
40 38 446581
49 14 87618
21 63 442963
16 3 218292
24 92 922681
47 50 412291
39 78 708555
59 92 225104
41 72 787418
38 6 933103
43 74 627127
84 88 764544
2 51 728528
39 83 268375
65 8 886611
9 48 317647
82 46 50387
35 16 554229
5 45 531637
90 78 933303
21 42 420266
9 15 496542
19 56 234450
14 27 115572
48 23 501051
1 23 878626
42 39 553969
60 0 766832
70 38 886370
57 16 771136
9 17 439337
35 67 178435
52 10 299095
42 28 219474
30 25 838084
12 50 840361
0 45 301260
59 30 890678
23 82 191931
57 4 457440
3 31 115921
71 73 936218
9 10 688821
7 72 296693
13 18 155164
58 54 970002
73 50 121627
87 61 58707
70 2 54033
62 31 387679
40 92 90138
65 78 167526
79 42 286753
67 72 823825
43 31 699675
63 74 218812
76 9 287997
86 11 16780
68 78 672639
41 37 270595
3 50 937009
63 19 759860
55 83 578903
12 83 976886
73 13 756853
5 18 610159
87 55 809672
26 36 311082
12 22 336757
69 57 763247
6 19 486631
81 38 252521
73 47 212509
56 75 79228
72 62 21414
3 90 899040
80 76 204763
0 80 515764
12 30 572002
41 8 654564
68 52 845684
49 56 225545
80 57 864757
7 38 586103
69 24 839336
6 80 952638
11 30 461230
54 86 854825
89 1 414793
60 10 397032
59 17 518002
86 62 894573
31 78 924453
39 52 189027
23 17 213180
21 4 181841
53 40 894401
40 67 78576
7 56 128029
66 31 35646
64 23 288095
47 34 865795
60 78 81235
40 27 27472
10 63 216705
17 76 38069
74 23 387517
11 81 466094
10 20 278662
76 45 956398
67 45 710660
89 61 559706
55 25 677376
30 89 15178
51 5 961076
77 91 109178
70 87 589694
79 80 295817
56 64 39180
47 14 214296
29 83 634398
27 30 585730
25 53 628720
57 73 69510
44 80 650305
75 63 240362
1 76 385821
54 26 989599
79 6 388686
74 36 401931
63 24 525449
85 33 740244
50 67 506335
10 19 87414
42 78 514600
24 83 209297
4 25 587062
7 81 829251
56 83 707922
59 20 708636
23 37 370201
76 29 789085
31 35 484391
4 79 475614
16 49 105869
64 13 745207
50 64 484557
44 67 225518
20 72 6766
18 56 135631
26 58 364854
77 49 920621
86 76 794169
11 32 768403
76 88 39996
38 22 946991
63 27 270041
22 55 81189
67 85 443052
61 34 486018
5 61 743519
73 20 9609
44 6 509790
87 45 294033
81 4 707451
78 59 473155
77 80 689338
86 46 936451
24 27 772942
24 77 346802
65 5 179471
5 10 502489
48 50 330801
4 47 806369
78 51 901487
28 81 411503
88 38 543452
86 31 239586
2 32 111697
19 43 262923
54 16 375678
52 19 548048
53 41 439647
45 20 893487
57 83 313922
59 82 370669
62 47 506542
67 60 164187
0 50 676401
79 37 155657
45 68 89626
73 16 185013
26 62 606747
89 19 1416
62 61 93676
6 84 946798
26 31 629838
4 17 827297
67 28 379334
74 17 579076
27 75 960005
42 77 297858
0 83 732071
11 76 708845
38 23 791764
63 42 58193
20 54 419395
26 39 86059
38 2 212923
2 4 62138
77 32 681499
59 35 692914
56 65 746465
33 13 127238
65 4 507064
31 42 386300
24 37 388032
48 1 447306
71 26 413324
12 40 412963
42 26 173605
41 78 880408
18 14 590279
13 77 817607
79 44 488303
76 49 227956
35 87 583334
69 42 365903
41 42 645174
32 12 984389
61 91 32632
15 2 309915
58 46 162988
67 66 623625
90 14 394595
41 46 307271
6 88 580896
1 40 740723
73 63 260728
39 81 974235
68 86 47983
10 81 253454
39 1 648715
63 1 839656
34 33 172120
18 59 495328
21 90 296052
38 56 132561
13 51 960314
11 26 193778
9 6 256666
50 71 623960
28 11 910039
84 83 900123
25 46 538081
60 18 248705
71 8 802966
45 10 491121
60 76 836678
49 59 886502
34 23 127597
70 4 660924
14 3 588866
24 38 459012
75 26 583662
86 66 451077
82 72 761329
59 52 99358
70 11 159526
32 61 975840
81 55 207438
77 46 39567
21 60 715820
19 67 232200
49 63 685333
85 88 354164
30 56 852835
5 63 578235
3 58 581097
89 87 110314
79 69 622517
72 58 748850
31 29 554278
68 9 909281
56 71 898560
80 32 590420
3 91 497641
64 68 503832
18 74 450382
54 84 136022
12 68 469543
75 70 820684
74 19 988956
8 38 550073

