85 110 7
58 78 65262
71 2 202728
17 41 411288
59 76 270853
54 24 397573
39 70 515423
25 70 784805
3 36 550074
76 3 391877
21 18 810047
24 65 785805
53 71 983820
5 69 88299
61 60 449070
35 39 663904
67 11 883741
18 72 378736
32 3 511037
70 77 509059
23 69 491626
35 65 896262
58 65 954662
32 35 132344
28 40 663451
17 26 978015
7 41 387283
43 52 929838
42 58 11647
70 80 471433
29 13 253342
22 53 165379
45 50 356006
72 8 803321
27 18 617761
73 83 450671
1 50 74110
13 28 56769
67 31 429388
61 10 447902
52 49 93076
31 19 223169
52 14 231524
52 29 703441
37 35 708898
29 32 816611
25 84 187796
48 54 359548
79 6 306762
75 65 730178
31 3 487257
34 40 326201
59 72 868195
65 6 491338
19 30 302383
16 43 595165
72 68 962597
70 58 801784
54 77 577192
21 47 1640
77 53 871866
66 69 237874
36 35 504146
41 12 871672
42 41 521093
44 20 320585
54 71 199577
1 38 245612
75 77 976639
34 42 822021
78 41 137641
45 31 405788
70 12 504195
73 14 1971
18 43 576999
0 18 254133
24 77 623551
56 78 60432
79 77 890519
33 22 426879
82 61 526579
71 57 512406
82 80 161709
52 26 57494
44 14 417346
11 6 194827
1 15 101335
63 36 943368
82 7 97031
7 0 60202
64 37 875368
12 74 710726
62 82 53480
33 7 104756
60 43 463580
60 23 981715
76 84 437885
73 76 355604
80 14 970457
29 51 374058
59 84 317365
25 66 502534
12 47 508234
14 82 174844
23 20 270840
9 19 44260
79 54 383997
44 50 303396
68 3 619303
8 47 685188
34 56 370544
71 11 37
72 17 8
39 1 65
67 81 8
58 32 82
6 78 32
53 7 57

