80 895 6
69 76 630127
26 60 271587
48 15 824120
21 17 150212
71 46 782971
76 5 181593
79 6 232170
48 22 341821
13 44 373423
69 28 640854
38 3 386203
17 6 156674
11 24 380153
74 51 214989
62 34 534168
22 4 31596
39 25 330930
56 35 419274
41 36 455677
37 28 877229
70 35 935072
52 55 654094
17 76 222043
32 24 183898
54 58 293459
21 47 102291
47 36 588481
8 22 460833
73 46 191470
21 71 901931
28 15 747285
68 27 694942
48 31 164843
7 1 940872
69 2 258132
56 77 778946
7 14 994151
3 67 430543
33 53 841884
9 11 38158
76 40 183636
48 53 384088
3 10 921984
46 37 332227
45 63 952257
41 25 39553
70 56 900602
70 6 91556
65 19 757855
54 19 146528
9 19 584772
72 53 444207
72 22 369601
38 61 401780
23 47 187089
65 47 683741
54 22 646152
42 9 928451
26 32 165603
58 71 434713
34 70 881033
67 24 394343
2 11 77473
9 44 124495
14 39 179126
68 28 553053
15 14 935945
20 56 817621
25 28 962791
16 28 507164
26 51 934797
13 11 839744
13 28 629572
67 43 11440
77 78 248441
71 25 146914
31 68 504052
70 7 586556
22 52 621781
14 30 824372
2 31 60237
0 78 581277
30 55 448869
11 27 655406
37 49 805770
17 8 243656
53 3 16159
27 1 954263
43 8 871109
41 16 420309
61 76 942976
18 35 264971
74 40 485586
8 1 313688
17 30 548430
52 46 405629
3 40 465497
51 3 21232
65 42 49365
36 76 807357
43 30 429691
20 44 719808
68 69 263065
68 12 45695
55 45 616505
10 79 4819
52 63 91282
44 36 916633
76 53 744043
24 78 735217
57 69 44485
58 47 511866
76 66 589813
35 3 592497
2 26 915353
61 27 39828
38 63 342104
60 1 619989
71 23 787630
17 39 981954
74 44 962876
27 55 383949
43 56 562804
21 48 535001
9 31 445054
22 55 604717
48 11 6574
44 16 621387
62 1 310649
32 67 608766
33 73 424521
8 79 720581
63 66 918321
76 56 406492
59 18 366601
17 46 19819
75 78 507619
40 7 17614
54 28 772204
14 37 70689
67 65 248068
78 3 74160
69 35 163302
21 75 89956
10 59 531390
45 49 509188
49 20 183464
46 11 344022
54 24 186038
11 52 672017
79 70 347547
26 41 43369
48 74 2965
20 34 294180
72 51 938193
78 61 824002
0 17 588285
36 24 104164
12 53 614301
4 63 510846
61 54 687682
42 17 207548
35 47 499983
50 20 917142
75 31 284002
31 8 228649
53 17 192359
19 7 638435
27 71 120132
54 39 128953
45 29 222188
0 26 306608
5 12 250464
61 79 255669
47 28 197780
56 17 877769
0 10 769459
57 23 475433
78 59 936356
11 64 259682
16 2 98684
44 79 770432
1 19 64613
14 75 718474
57 4 645742
79 64 293802
65 75 849772
72 9 858689
77 65 648604
39 66 12509
60 21 925787
61 67 668054
62 9 157434
54 42 750993
37 75 360960
21 44 134597
66 27 427021
49 67 395749
43 11 64619
49 16 859633
22 17 916987
79 57 528215
34 26 425870
11 53 492748
19 27 723229
78 21 39119
37 78 239300
78 45 903011
39 18 829186
15 41 966082
67 46 21651
79 12 996653
66 67 787038
39 58 301507
65 3 211900
65 17 426832
29 43 329085
62 31 173839
64 33 729562
52 27 845623
24 60 32918
54 21 699962
27 22 931848
35 63 114652
14 33 716735
78 56 301853
2 50 193468
29 20 556477
62 61 839632
19 75 608270
68 62 514229
4 5 370870
28 30 206667
26 14 66151
15 46 536451
21 30 479727
56 51 907955
24 63 481568
59 0 605017
7 71 894583
57 40 711730
4 13 265697
77 67 52113
78 72 223404
45 54 45109
63 79 761295
74 13 570011
58 20 284915
31 26 897362
50 32 698745
57 15 948266
24 72 373307
74 14 810889
57 35 377384
58 38 440879
21 67 154506
21 10 918358
58 62 204181
5 53 971327
24 34 730175
26 78 854305
16 24 926654
10 75 117065
71 74 691387
68 34 842959
58 67 180075
67 2 832183
30 71 139723
6 52 750183
51 66 181971
69 56 588942
60 76 206676
32 34 256182
73 21 200226
48 65 32494
38 6 823043
49 76 330625
33 48 715313
36 39 953645
68 24 593951
5 8 758633
15 50 921436
60 69 563285
36 65 807291
46 20 287948
68 15 573136
56 58 445147
37 77 646434
76 52 315459
45 48 865461
15 29 605367
70 58 44318
58 34 481245
79 42 5924
69 66 904374
39 26 995381
76 19 558878
11 35 905233
70 33 171315
27 23 550997
59 57 106163
2 58 381368
64 17 39395
67 56 986105
1 22 513902
25 53 88395
31 32 821113
67 15 834405
65 46 609233
28 14 435521
32 59 909502
24 33 562545
47 24 205608
47 78 292159
22 37 634441
54 3 581737
37 38 919047
16 23 545742
63 61 802025
28 22 894767
22 61 467708
9 5 614796
65 74 531419
28 45 567349
75 18 226621
5 43 60002
3 64 465496
8 69 902615
44 7 87326
48 20 249861
63 54 470378
35 10 43928
51 27 477073
45 51 930237
23 24 736030
39 79 549629
15 76 179441
9 48 366144
33 32 533284
8 29 522961
53 32 353022
66 74 665847
71 47 137722
74 4 596623
28 32 844453
66 8 538901
10 44 895862
36 21 822343
79 5 787036
36 11 805750
68 43 846188
64 32 368030
52 32 188157
21 25 750329
38 68 34365
17 34 173074
45 46 407441
2 61 507142
72 67 844327
15 40 133886
22 26 917126
49 9 399991
52 45 385530
29 34 444798
12 32 543842
58 29 629505
65 28 307274
44 1 80765
32 78 395972
55 71 763427
11 58 849167
42 49 361582
20 36 21812
51 59 657073
14 61 99068
39 61 113225
70 40 750906
63 8 558356
33 63 447648
25 61 178705
65 38 298458
48 77 643537
3 74 755805
68 8 894515
58 57 907552
35 9 862969
64 18 461227
61 43 768365
32 42 222434
16 69 263995
66 65 983447
47 40 849239
54 53 320227
44 25 360857
47 38 92398
17 79 640033
51 11 647688
1 55 941156
78 70 480491
65 50 163289
22 43 619194
73 24 534792
8 40 237208
78 6 204618
57 65 722311
12 73 351924
38 43 100431
70 48 424714
14 66 73308
55 9 862408
19 18 154691
25 19 502190
77 8 497438
45 40 516730
50 63 546345
61 70 436636
4 26 147197
77 63 81563
64 20 388687
67 78 736649
70 18 590502
40 79 95840
43 35 303772
53 47 783870
5 41 198227
40 44 407279
61 19 293883
65 53 884339
63 28 255292
13 21 361183
9 30 149052
20 8 901771
21 37 769147
17 62 494834
38 42 854912
39 6 115631
59 74 160697
21 27 417921
67 63 661143
1 30 633651
3 7 528434
63 29 346028
66 33 230915
18 14 853792
57 52 55420
14 62 927660
57 47 36927
26 37 863416
19 35 932366
20 65 450432
10 56 458787
73 14 328427
10 16 906305
9 38 98019
71 78 300388
61 64 798386
37 39 331865
16 34 673955
38 35 91227
30 63 897886
1 69 728386
0 54 151800
5 44 842858
30 38 40201
43 24 649550
26 44 453024
60 39 559010
16 12 451024
64 21 269012
2 19 510854
59 28 277660
18 31 463266
49 68 830788
17 78 102329
45 47 17104
43 48 962467
1 51 577395
66 36 322984
8 46 176731
40 38 488929
66 75 736917
72 55 631306
63 68 565251
37 41 397327
32 17 40400
69 67 488439
77 66 152695
7 64 961565
45 16 611379
79 34 782214
32 62 138096
4 58 856489
63 26 427390
35 20 544425
37 23 524928
13 59 923986
53 75 886831
41 74 412013
62 54 77284
66 78 118619
13 1 909191
32 66 568268
39 77 854177
14 70 948371
38 12 326019
10 29 449818
5 31 107332
76 46 138667
14 50 162973
48 51 791552
69 63 437583
68 70 627770
41 49 358995
43 14 815530
14 31 958562
44 3 758251
47 1 768541
65 7 950874
69 41 466536
56 18 423983
60 6 678460
46 18 941944
72 36 838946
6 16 906287
3 26 41143
68 54 551076
8 26 45803
77 19 137006
38 2 398503
53 71 850825
67 57 352056
35 78 240994
31 22 169572
12 77 328372
45 5 281835
2 64 340883
6 58 381835
38 13 312012
62 6 682011
70 27 676273
76 63 214575
22 60 424908
9 69 201385
1 12 707363
1 67 202232
3 12 682746
16 5 736655
28 10 996911
9 23 637948
79 73 943613
12 76 836005
65 40 949225
28 23 390757
8 21 390566
18 12 340974
44 39 328938
74 32 235426
73 47 787550
8 75 57478
3 77 886191
28 0 436997
67 22 684472
7 26 884583
50 43 962131
73 61 599906
12 34 496944
30 4 158027
42 39 977316
2 35 178148
56 33 454557
43 65 635426
16 70 531129
18 67 774386
69 0 429852
73 32 611452
37 73 349586
37 0 705107
73 54 115999
71 61 355973
45 35 794316
74 11 410712
68 51 848126
55 2 312120
18 44 588898
48 28 918296
69 6 519764
56 30 942978
25 52 902086
58 49 338131
28 73 35263
26 67 4652
10 9 381430
1 17 713813
3 27 25495
29 46 376089
5 11 160150
21 18 48615
46 30 663029
38 74 767439
61 77 400425
14 36 379600
78 42 138477
25 56 796732
28 40 39112
53 28 690955
37 57 171294
69 40 981899
31 79 650133
72 62 55528
52 67 73678
72 77 783586
45 71 389832
54 6 505771
0 40 413529
18 50 96867
44 49 984964
38 51 186206
14 5 685395
42 13 137686
62 26 656383
0 70 798718
14 17 917335
24 15 349092
70 67 917699
53 22 661
50 68 870672
4 25 730257
10 8 745304
41 30 523095
27 4 958047
17 74 375465
62 19 781735
35 71 975165
43 52 627516
0 68 62212
72 34 301914
60 7 551003
57 70 45648
4 0 381660
33 31 693302
76 6 727944
4 55 810098
33 13 890711
15 58 177458
60 11 62629
55 28 803728
18 5 212693
77 57 995443
32 41 92634
22 35 292067
78 9 65230
36 7 740342
76 9 382724
9 34 266427
1 4 544868
2 3 178945
3 72 949594
13 76 964881
78 69 702368
8 41 38268
70 76 103854
21 12 85745
28 7 427566
10 17 913458
7 24 134495
66 42 557427
9 61 876403
16 20 543132
13 2 482227
55 29 39848
51 54 9066
57 8 895524
5 51 324212
30 15 446239
47 5 76052
47 31 456819
72 15 328445
54 47 997826
3 50 645323
9 17 684625
60 78 893627
5 78 509867
47 79 294045
6 40 916336
74 25 401236
60 43 649292
19 11 520618
55 38 273097
74 1 636305
65 25 149474
22 57 894528
71 41 836599
36 42 430537
20 9 324050
43 57 361061
51 21 210713
34 48 713532
50 39 664433
44 50 394101
37 8 367180
46 62 946285
11 7 481497
69 49 704895
72 12 835225
24 4 836997
10 72 838496
75 29 684635
30 19 358209
50 26 761781
15 64 515521
56 31 986599
74 69 852640
26 68 506323
9 67 86977
21 22 412209
46 42 17330
5 69 797257
1 2 508537
69 32 365262
26 35 988316
47 32 559674
1 31 701072
27 41 520332
61 65 819144
15 79 473322
52 56 909981
7 74 903809
40 32 60382
1 37 853324
43 70 988135
54 57 697282
68 4 210439
43 1 506970
18 15 237022
2 39 815009
46 48 55920
65 59 504799
3 4 7183
19 67 344706
15 22 957202
11 62 866444
40 23 378711
3 46 589476
58 46 998601
63 64 102595
27 72 749582
67 45 651688
9 16 63307
19 36 481508
75 6 547961
39 8 861853
16 43 84960
66 45 745365
2 6 404447
7 33 187342
63 59 312182
29 64 832892
1 41 691556
64 66 115928
75 25 138908
45 70 323665
28 4 901668
59 1 255933
12 61 495995
39 35 258196
60 75 952995
5 52 164295
26 52 581720
11 12 543777
43 6 578140
58 78 730513
39 73 259592
9 27 386328
50 24 222348
68 41 665518
43 55 805810
17 58 208813
30 59 756228
34 42 314099
69 10 306667
50 48 444186
23 3 193964
7 51 951360
20 75 26562
56 32 461401
67 6 534602
44 47 250246
75 2 473864
10 5 802526
1 9 9450
3 69 149335
5 71 669407
9 47 683973
67 55 116382
48 4 863260
20 26 725724
70 12 469055
54 33 596328
65 21 969274
21 69 97654
43 72 802202
38 16 336816
30 35 418934
75 58 324698
71 69 739228
6 23 864514
36 64 983017
0 11 755954
64 53 37527
14 77 605181
36 54 889487
69 34 907729
7 32 906932
62 20 56243
79 14 835621
9 79 647800
6 22 418379
62 66 630093
78 62 974715
7 31 737974
4 56 969952
33 60 570693
13 55 245541
13 54 837868
36 26 877610
63 16 227372
73 67 605197
25 24 1867
45 4 726205
21 31 88133
72 66 131539
73 44 596310
67 48 655216
29 31 33324
0 27 926948
72 26 478383
22 7 721775
48 52 989064
18 51 635303
78 29 862
40 56 787439
68 66 627064
11 38 953703
54 79 885926
14 54 165091
10 74 114919
34 46 324241
32 5 486269
54 76 919300
53 44 278707
74 77 270308
64 5 289863
6 27 842846
59 12 676093
43 77 412484
73 10 646661
52 36 582683
54 27 757317
59 75 356686
27 10 816345
52 44 210901
3 62 913603
25 6 263794
18 3 714014
13 49 610611
61 57 211437
31 38 538256
62 13 127705
70 54 395808
74 31 15935
55 46 536988
27 32 574021
53 46 301845
14 13 398107
56 0 895843
69 59 434354
11 73 112723
19 78 356813
1 75 549409
68 59 544453
0 15 292950
16 60 209803
22 70 703715
44 62 788893
73 76 599381
41 21 684661
70 66 795393
11 69 802610
9 68 54870
33 20 614042
62 21 791015
55 44 375335
1 66 915495
45 72 501596
1 71 526732
71 43 44
4 79 14
2 39 65
69 78 30
22 69 51
39 29 10

