46 503 19
33 13 974079
3 29 988659
26 14 971432
26 12 371548
11 29 627053
20 32 157936
31 39 549080
15 22 134353
15 2 97163
33 24 590737
4 32 450354
26 34 433442
28 10 279462
2 41 414342
23 22 969
45 11 153429
6 7 293926
27 15 872703
23 13 524036
5 9 186905
11 24 674918
7 8 664287
15 42 440162
1 44 415301
4 38 893844
44 22 723817
1 14 801244
1 12 489976
12 7 927711
26 43 961338
10 27 169094
27 22 346893
25 20 102864
34 36 574439
37 26 270262
12 21 4220
37 44 166467
25 12 350511
1 7 691647
11 23 548203
28 1 354464
10 31 433750
26 33 58077
37 24 647145
31 38 444353
1 10 626513
21 31 880759
3 38 544260
14 39 960393
40 14 279544
32 36 618300
28 3 991896
4 43 903964
31 16 706301
6 12 417761
27 28 559828
42 12 514316
2 7 477492
32 23 372955
1 32 224564
20 6 126512
39 19 222063
36 31 347243
20 13 481872
21 26 687243
6 17 67383
40 44 408374
6 24 360851
8 27 341373
34 33 811036
11 34 654399
32 18 306024
30 37 211333
39 24 82149
13 28 985174
14 30 39250
9 32 234453
24 38 155778
32 14 704206
5 16 297649
38 23 871704
0 26 456615
40 6 650899
27 40 518507
23 44 237566
3 23 84573
32 33 49770
29 15 353393
27 6 81385
29 12 230094
30 17 528947
15 40 965737
45 5 202956
42 44 758927
21 40 329818
30 16 91048
2 16 693404
31 28 380238
41 34 66534
12 35 1350
11 10 564248
45 3 428245
39 16 366956
30 31 126025
29 40 77360
13 39 802495
29 44 949652
3 18 193434
20 12 76318
36 17 418985
34 35 50479
18 38 499647
5 15 832108
19 40 15909
2 26 813397
18 23 316713
32 3 194210
36 3 842256
32 42 562843
19 44 579137
23 4 458687
25 37 547844
10 8 120954
43 3 129356
9 28 348804
7 31 594549
9 25 331307
45 1 723957
43 12 589941
4 26 215586
40 25 139313
7 17 735906
25 38 306742
17 42 523219
5 18 597996
42 13 21693
16 45 497251
17 5 471034
10 25 613325
4 39 547419
25 8 314648
31 26 283679
35 0 53624
30 29 967360
38 32 284436
4 5 173075
25 16 137343
0 11 556624
18 17 102604
0 44 127452
37 45 703636
35 5 71204
44 11 678753
34 15 789588
39 40 481195
26 35 159779
20 4 824861
41 31 962067
39 33 708602
34 40 841356
11 42 700804
9 16 650951
18 20 616703
39 30 209607
6 3 141951
2 3 618651
43 20 127005
37 36 653340
18 16 364277
38 0 740813
1 9 123399
13 43 762390
20 15 86787
36 35 283809
23 15 780422
31 20 345086
33 35 117905
3 7 788551
0 8 718825
19 22 829773
8 20 240634
35 41 674986
28 39 615969
27 42 609974
18 33 81425
30 26 66398
35 38 317
35 14 85727
21 35 637487
24 10 142080
23 7 623022
20 22 94629
23 17 614212
33 20 39355
4 8 314068
0 14 212215
19 16 603935
29 14 666772
12 8 345144
8 29 618474
25 28 856576
41 26 471784
19 28 33640
2 11 175140
27 2 646820
38 40 505348
36 10 434629
15 24 360674
17 15 65282
29 26 623547
11 3 364812
33 2 573282
19 6 877678
31 4 112172
16 27 106760
0 39 510421
12 40 113327
30 3 831349
15 30 594066
8 17 925179
22 18 57318
23 8 143054
23 42 196336
17 14 997442
40 33 655723
37 6 721872
24 20 786709
34 30 117202
7 4 573355
10 18 369536
0 15 291773
40 24 598577
43 33 638030
12 17 714793
36 24 968931
34 3 308848
3 0 901782
5 41 463376
39 15 657649
13 4 956733
4 34 678586
12 34 324851
23 25 363914
33 9 770546
9 11 298517
44 33 845218
0 27 661869
2 10 955644
27 43 744397
14 31 440163
10 20 171535
36 22 135509
44 5 831542
2 1 869177
11 41 485862
7 39 592997
25 22 978246
24 3 418263
29 16 92920
13 18 461183
1 34 25114
29 23 968189
36 40 654421
24 2 108333
39 9 798600
4 30 900501
14 41 779152
7 0 423425
27 38 870487
1 33 760216
10 38 975095
32 2 170225
1 35 292048
2 13 980077
33 41 293748
9 3 212383
40 35 452067
4 37 596132
3 40 718012
34 32 269939
36 2 579999
45 33 830742
1 20 540039
38 42 695278
30 11 433055
6 28 6604
17 34 679473
11 18 265954
17 27 442856
3 39 558528
23 20 632401
38 19 379168
23 35 793915
33 6 741043
26 45 209101
11 27 581274
17 28 6546
16 15 566197
45 9 373537
33 30 717579
0 12 689893
44 9 646578
37 5 86089
1 17 255380
35 17 301880
35 11 107369
6 15 282651
24 7 411329
13 3 66932
35 6 638763
38 16 949150
19 18 837147
38 30 581408
33 16 280217
26 25 671744
34 5 453211
5 31 871636
11 28 720809
16 42 280729
13 45 612754
8 21 120166
19 15 468471
19 11 524980
40 30 954007
37 12 657817
29 22 906230
12 14 72288
21 37 815202
31 33 124367
23 16 279492
25 4 394566
9 26 75584
1 40 253534
12 27 90826
1 38 171274
10 6 205616
25 32 50344
11 15 401142
5 14 77433
14 33 657436
1 41 829181
7 34 244354
8 30 952847
37 18 336343
17 26 236009
21 20 302716
8 24 716400
16 17 438725
3 37 7977
4 11 740862
28 20 433761
26 6 823338
12 4 532949
26 42 447008
2 5 616251
16 36 805360
18 27 195098
45 35 66679
40 43 675794
16 1 716972
9 0 452072
17 25 667035
15 4 16985
1 21 165839
25 2 451822
26 27 654028
27 33 647303
24 12 364498
27 7 603167
13 40 457431
23 2 931093
8 45 896865
4 33 290618
20 9 536704
25 29 914583
1 22 936145
15 35 329722
9 14 61519
14 13 550301
14 45 397219
9 6 613473
19 2 763294
10 13 389528
8 32 389043
35 28 863350
42 30 130913
9 31 853112
15 10 146076
9 42 206195
33 17 572706
15 28 282846
29 21 413721
45 31 666210
27 44 299079
21 19 853227
17 29 247439
21 34 557044
42 24 373911
13 0 856147
13 6 560658
36 6 683154
10 19 652455
9 13 983872
13 22 438976
1 6 853902
0 42 968176
41 15 620408
37 13 610130
42 4 558323
7 28 982238
28 37 778019
38 20 242719
39 22 317973
15 43 23981
40 0 780863
2 43 208386
22 0 284589
45 6 728144
25 39 82655
17 2 557292
15 36 424756
14 43 488567
31 25 159412
37 38 267491
12 44 716867
33 21 178980
30 5 899664
41 6 401532
18 8 996752
39 42 899734
29 19 930028
28 21 513423
26 1 80661
34 43 678235
7 10 807895
45 4 308312
22 32 143702
42 33 958734
27 5 444776
17 4 188275
21 4 795394
37 15 290290
30 32 305222
27 23 329620
6 23 508423
42 37 924956
5 0 599816
19 34 633807
36 28 893834
16 21 868767
3 35 935043
22 21 470335
11 38 511167
36 0 360882
10 9 881896
21 9 32414
27 35 816347
19 4 564175
30 43 330591
22 7 500449
39 29 521397
43 28 693898
44 41 846462
21 44 505263
38 9 968601
34 24 736123
42 10 516149
38 7 552304
42 31 421994
14 42 653541
9 36 639267
42 22 264003
3 31 647787
40 31 655318
20 27 530487
39 2 913355
11 14 499602
23 19 454825
31 17 702746
33 37 480904
30 2 845103
14 18 159803
26 7 733629
8 13 798865
6 25 759707
38 28 853326
32 10 370165
32 28 248173
43 25 156747
17 43 217951
39 11 504487
5 10 707950
34 6 560874
14 6 511027
27 29 624428
19 37 74003
32 12 178539
5 32 27055
40 23 571785
31 43 716091
41 39 954202
27 34 933576
4 6 766273
11 13 45
39 41 29
0 10 8
19 11 44
6 45 30
8 11 29
20 3 9
37 29 11
35 37 3
7 2 42
21 8 27
26 13 27
2 30 17
40 13 44
24 28 40
9 2 24
38 12 39
42 11 13
15 2 30

