43 693 2
42 11 575106
13 6 870096
12 7 372073
6 42 536939
0 5 651372
23 32 759123
1 21 677881
35 29 593138
18 22 493844
30 35 972422
20 42 822268
13 25 410767
35 8 95206
7 2 884000
24 13 350465
38 1 328282
34 17 621120
14 31 842537
24 6 583470
4 25 805815
0 12 545091
39 5 108038
13 0 477005
13 2 298527
39 35 683838
42 35 575809
10 11 817192
27 32 831574
19 4 154294
32 13 58425
9 5 139973
18 4 120806
12 39 817416
34 0 931885
11 37 845134
7 8 107500
1 18 851608
20 33 200509
12 23 24242
6 11 725647
30 40 158403
14 24 949651
24 25 347071
36 14 715094
39 36 391126
15 3 978246
31 27 588391
16 0 770692
31 18 305397
29 28 107890
0 22 751840
26 5 614511
19 38 661889
12 9 392536
5 37 446796
15 5 440144
7 21 188643
3 10 383292
25 14 699580
38 23 745861
16 37 868336
12 14 464150
31 22 367315
28 9 107523
17 10 787922
8 24 51301
22 6 171476
32 11 920689
22 38 961299
21 19 805618
39 4 220775
35 4 442020
24 5 453034
15 18 302516
39 11 87626
28 10 171626
41 40 587627
42 23 126082
26 12 960815
27 22 56438
40 7 471018
23 2 20578
18 26 270294
31 16 243107
35 27 730537
12 30 938220
25 16 282314
41 4 786563
12 16 948362
32 41 893270
2 35 89447
3 29 643587
35 17 84078
2 18 851348
20 19 874917
38 21 458015
41 20 895795
32 7 979310
10 22 480451
8 2 543785
36 4 674626
18 27 782212
20 36 4758
23 4 510545
7 36 15210
13 33 755891
24 2 437772
37 15 730274
42 4 314557
13 16 19748
4 12 977760
13 35 10147
34 13 8002
0 25 674550
9 39 671447
16 28 849105
23 18 369725
40 18 661424
11 13 262591
24 39 530557
27 11 737064
2 1 526761
9 18 528143
1 36 922591
5 8 387872
21 10 853353
31 30 681498
2 21 473677
24 4 91435
6 28 418624
33 21 23463
39 23 539908
42 12 256334
16 34 806645
27 3 767402
25 10 169670
38 5 728156
10 40 935690
12 31 984702
29 22 103293
2 14 811611
31 33 472131
36 12 795928
1 17 909828
6 34 793519
26 33 818310
18 3 541963
1 42 214514
4 37 91699
34 42 547352
25 33 714528
15 36 690476
2 3 839001
16 10 541501
23 3 263484
1 16 198122
0 35 293976
3 32 184148
42 21 354439
9 27 433859
1 9 247347
25 17 228616
7 25 766158
21 11 145227
19 16 414503
16 14 870900
26 11 379239
31 15 42246
34 15 283121
26 1 117604
37 23 669844
14 1 289501
4 20 382383
22 23 626082
18 30 846120
21 15 447031
40 5 713965
30 10 289277
40 25 860759
20 35 400967
35 12 934981
9 8 322359
23 5 343747
27 29 265191
2 16 690301
24 29 792855
5 34 803011
27 14 353137
9 41 794175
41 38 487803
14 21 747205
19 13 52879
32 30 293709
35 21 266322
26 16 478051
31 21 271788
42 2 479742
29 20 596905
13 30 493059
13 8 52809
41 33 859472
21 34 679977
5 2 204512
11 1 271602
31 36 386253
6 4 280173
42 26 567072
12 33 427686
6 40 66286
5 29 635977
36 0 753261
5 32 290452
1 12 106683
17 29 8655
6 10 704686
18 29 502130
11 12 143062
29 32 97347
28 40 784792
30 23 372372
41 35 471777
42 8 889205
24 41 694493
8 27 238439
13 18 117253
0 41 233513
42 10 171962
2 32 748451
42 3 682455
8 4 21470
12 6 407437
4 7 405823
13 21 521439
39 38 35085
16 38 28589
25 18 705497
35 25 44298
10 38 446758
41 21 178118
18 20 885271
38 28 546524
27 37 96605
28 20 343147
6 17 746337
20 5 278692
12 15 625594
28 30 462846
10 15 145974
27 28 542985
23 14 319202
18 10 196216
13 29 942637
8 18 837715
17 15 414458
38 25 997379
7 28 342028
7 31 741593
35 38 807131
34 19 466473
1 19 105057
28 35 460158
27 1 390307
22 25 754782
16 39 393217
38 31 614732
4 33 606771
13 27 892537
30 11 830992
33 35 245924
29 36 732986
18 7 242841
3 38 954227
12 13 582873
14 34 294731
1 34 654735
2 0 37288
42 22 33038
32 21 336703
3 8 868281
39 34 550818
6 25 276665
8 41 610960
24 36 24664
5 41 813770
33 2 217082
15 26 308746
39 7 601226
6 27 797364
41 37 666963
9 37 45892
3 20 848156
9 13 890224
0 8 864983
6 30 158574
30 39 833212
12 10 436884
34 41 965442
38 34 978965
16 24 285373
23 10 358768
41 11 323963
19 28 681451
6 33 679156
23 29 296085
30 22 850822
6 15 889624
30 16 604787
4 17 946329
33 27 527630
21 23 133500
8 38 351710
3 19 677147
15 27 394971
9 38 182270
11 3 353174
7 29 562597
24 42 655033
0 6 958169
41 12 807584
33 1 314985
21 26 196952
42 14 754746
39 33 336255
8 34 285727
6 2 792108
25 34 904458
35 31 389987
25 12 897432
18 39 43941
22 21 491552
8 16 856639
37 21 368215
20 9 208348
37 2 773640
12 32 446672
9 23 528540
17 42 45744
38 24 322148
41 29 446432
27 17 456010
18 12 59255
33 24 896952
1 3 249495
21 40 679606
14 30 91720
28 8 158286
27 7 881388
28 31 960294
3 6 485976
23 26 660387
13 20 75969
17 11 894912
26 4 964711
36 32 629940
13 17 998678
36 25 62493
2 39 122507
41 19 103567
21 6 675795
25 2 886542
36 35 458414
24 7 75317
41 26 826038
9 11 756839
34 10 17304
7 0 229039
14 3 169335
26 36 94076
4 22 81314
39 14 260619
27 25 672955
28 37 819467
25 21 351776
2 40 295921
19 2 857625
5 35 414640
0 23 646395
17 23 13831
11 15 149900
8 32 28181
21 4 296360
13 37 427193
37 26 465666
21 16 457510
41 42 873598
29 14 331920
33 14 596848
17 14 571729
22 39 924756
41 3 901440
10 27 705815
17 2 213415
13 40 462927
41 1 468673
15 39 299736
40 27 196287
36 40 172900
25 41 612377
17 5 946412
32 38 93269
39 3 700228
29 34 682077
19 33 672149
9 42 180642
39 42 239731
36 9 308432
3 0 715899
33 28 267892
29 9 970981
11 24 430110
3 21 877926
20 7 297918
29 2 163281
34 30 357729
21 17 286113
20 12 417878
35 19 126373
35 37 49104
23 13 975519
7 16 280135
36 16 60632
10 2 28277
18 35 197673
18 36 130668
39 10 521912
4 14 89431
13 42 199601
24 0 112116
13 39 761962
14 19 549557
28 24 74837
37 24 896454
40 34 414205
11 34 330372
10 24 991859
40 33 592595
8 36 279158
9 6 222083
29 26 995052
31 20 786219
35 6 55802
38 12 985047
31 23 928484
41 28 24155
21 18 577276
39 37 571258
37 18 933683
11 4 940198
7 3 480404
40 12 775139
30 26 695792
36 5 935561
30 4 19988
30 9 742500
35 40 76119
36 2 447559
25 5 719122
38 26 490082
20 17 195
39 21 149986
38 42 211438
31 37 146732
39 27 904140
40 31 410344
30 36 711133
3 37 127562
7 13 856452
32 18 778918
14 13 302276
39 29 920424
0 27 549030
3 34 168843
32 37 639263
24 20 297526
0 40 269463
3 22 652565
1 4 996576
5 16 412124
6 19 49799
42 29 596048
14 6 977866
5 28 885801
19 30 142566
41 13 55537
2 20 8145
19 36 734059
30 33 808547
21 36 121851
38 2 424461
14 40 26290
11 40 601077
35 3 502807
17 24 48241
23 27 233297
4 38 218544
26 39 231750
15 9 866017
29 1 791118
23 6 46349
3 31 295104
30 0 608537
37 29 265454
3 24 209547
21 0 962741
3 28 778708
9 7 937300
4 40 24298
3 4 10757
8 14 835312
32 20 971001
7 41 48836
5 19 387750
19 24 454169
42 31 754322
17 28 684123
15 40 633104
24 35 454150
31 1 136800
26 40 617653
37 6 958361
8 40 238990
14 22 797083
35 9 11038
9 32 292746
40 39 440283
40 3 14525
40 9 701948
14 10 796353
20 15 610678
12 5 252567
9 14 631005
16 42 656099
9 19 991311
41 27 151181
5 21 399581
12 34 936105
21 9 22257
38 6 439646
16 27 881591
0 38 89315
10 0 442009
32 25 58240
17 40 96695
12 37 337644
20 8 616517
22 28 855286
33 17 338501
34 31 844262
28 42 487333
30 21 224449
34 36 999963
29 10 156796
16 33 800661
21 28 984162
35 14 507581
38 7 82596
8 26 644993
4 31 879336
1 8 290181
13 10 751034
23 40 289000
22 32 507052
32 28 675266
42 7 964142
6 29 304683
5 13 22858
16 23 267221
33 15 984580
9 17 762540
41 10 29870
28 15 257929
36 17 502679
42 27 568775
37 17 96066
11 22 597200
25 26 556928
32 40 84572
13 15 15838
39 28 365890
42 40 102950
35 10 420961
28 34 602885
18 42 17582
12 29 982339
15 22 134939
5 33 641711
14 18 581921
20 0 783121
1 25 947831
13 3 980813
19 39 961198
10 32 368697
32 34 651192
7 15 150585
34 35 346625
10 20 869292
28 11 15901
38 30 659720
35 23 658803
20 14 938321
41 17 866710
42 0 710940
38 17 176523
25 39 168655
24 34 874070
24 40 167541
15 23 611610
8 31 181983
8 33 28348
30 3 260788
15 14 233082
21 24 470269
37 8 353576
1 22 264802
5 30 609734
32 16 778992
40 16 168682
12 19 154454
5 6 109529
20 6 624253
8 23 108630
27 12 660707
29 11 164690
29 40 225589
11 25 729086
41 15 554601
1 15 496129
38 11 619846
22 5 518593
39 8 801064
9 26 427215
1 20 225008
10 37 484846
33 22 648815
31 41 365737
10 19 364780
14 26 513506
10 8 345813
22 26 901212
25 31 665226
15 4 226220
6 7 285138
18 38 480353
19 40 453021
8 21 738760
4 16 57365
26 3 637359
24 18 450999
16 6 402991
14 5 516234
25 15 381897
7 26 935289
8 22 750784
30 42 831698
4 9 507007
7 1 820830
20 40 583194
24 26 578415
34 26 585223
39 41 304685
5 27 963015
9 10 325338
1 37 816592
16 3 584809
38 14 490397
17 8 217222
28 25 315031
5 11 610273
15 32 338663
20 21 793091
8 19 395708
2 34 479451
10 7 783603
23 33 974700
2 22 108879
29 16 202482
23 25 762137
1 10 394387
32 42 130268
7 17 338291
35 1 152059
41 36 810641
19 11 154594
21 29 865283
4 0 724006
24 1 20127
34 18 764468
28 13 139443
24 9 860616
4 27 392873
16 15 492224
0 33 307743
0 28 200111
13 11 18
20 1 26

