65 353 18
36 49 27569
47 5 950252
7 37 571764
24 22 562554
5 58 625970
7 44 479432
64 31 519838
35 17 884742
33 6 902262
41 26 807146
41 59 625437
22 40 7687
44 40 338565
11 8 645987
35 9 549505
57 12 972127
21 8 624738
9 37 682452
4 32 15452
3 62 694226
59 18 125404
57 3 254941
53 61 708447
45 37 613069
62 36 77599
64 4 527714
38 62 638091
55 16 134538
54 32 111866
17 18 668608
32 47 582912
2 27 813170
32 18 695603
5 12 447311
31 12 601662
48 19 115685
38 15 644484
3 46 682311
54 16 869747
30 54 91182
16 58 737102
26 5 85359
29 26 53776
17 62 539292
60 24 297816
40 1 59804
1 4 904817
5 52 703461
62 25 155958
1 14 503076
20 31 363716
20 23 33818
43 64 95845
17 10 299615
6 53 310825
15 29 547203
54 48 568181
53 17 422267
29 11 191561
14 31 160970
38 5 863769
38 7 659089
25 15 378427
38 11 999648
34 18 678789
36 30 625474
62 60 349716
0 47 878597
32 59 843952
23 18 392828
41 18 790156
54 17 114063
58 8 742602
38 30 790569
12 28 23111
47 37 395874
57 25 282748
26 34 169783
34 64 22060
16 10 936456
30 8 416113
46 35 344065
32 1 338612
33 0 257118
34 44 297146
33 18 545191
34 54 847528
49 44 479133
15 52 380325
47 17 155500
17 49 630999
63 39 563005
57 17 216929
30 17 788331
2 42 442036
4 62 366760
51 48 770512
47 30 673935
41 48 174588
47 54 175224
29 59 750904
63 50 688912
32 46 971276
54 18 884519
24 51 315123
42 26 867187
37 1 393648
52 19 892457
26 4 322252
35 49 867482
1 9 897159
10 51 149324
41 16 201170
61 11 702028
23 59 969233
11 0 564124
42 47 434464
24 57 961770
48 50 772699
63 24 762714
20 40 893027
10 53 586268
7 31 191765
16 62 949682
58 13 111056
12 56 839957
8 61 245892
51 47 315882
33 64 612585
34 32 901143
35 4 712797
10 38 939812
12 41 358156
17 31 193334
47 26 501632
13 6 607380
25 16 303256
17 59 102559
9 14 976907
38 25 467734
19 53 459347
20 26 774073
30 37 754468
64 7 615797
1 7 84520
14 34 45474
13 35 189947
46 15 969030
0 13 722754
33 53 242404
44 0 796980
50 25 226529
52 29 433537
2 46 737107
59 55 555818
10 44 811923
36 25 786647
52 39 117817
33 42 607569
7 25 452639
47 24 348892
28 14 892010
43 14 50657
7 23 612784
33 45 680646
51 14 614176
54 12 686427
26 19 777361
35 26 637530
57 10 115730
23 8 475045
50 16 274002
21 59 841723
12 1 752893
21 22 236688
40 25 864866
17 11 372545
36 64 990741
15 39 948075
18 38 838467
21 60 725556
20 33 606809
38 32 728754
57 19 531121
13 8 893229
39 50 516937
1 51 510846
28 5 209350
30 44 818260
39 30 415248
34 46 370148
54 38 486319
51 8 630618
31 28 63935
40 30 944269
34 1 746041
30 21 336625
23 12 627018
47 12 865638
7 33 84035
39 51 153346
22 2 596706
21 44 236953
62 5 30662
45 63 89284
19 51 27447
50 3 950289
36 14 437981
34 55 217729
44 55 109614
35 5 888389
25 33 358115
27 24 951512
58 31 440079
55 35 375034
48 13 853798
57 7 274370
23 56 560114
49 52 89568
23 1 67346
33 50 935236
8 25 339903
42 21 974654
33 46 485350
36 0 567447
5 36 882486
37 64 77401
29 57 728087
58 38 137201
32 33 210631
43 33 358748
61 2 119407
4 52 180298
5 49 978142
21 24 69539
13 21 50782
49 18 393225
51 64 431417
8 29 234286
52 14 781987
8 49 422127
26 59 605386
61 43 754982
23 44 114479
55 21 76140
43 22 416955
46 39 75371
26 24 225108
25 6 309357
48 47 613791
9 23 510416
25 32 615217
8 47 737279
63 54 154128
10 50 20002
50 37 198770
12 11 737284
50 35 849193
17 39 528849
42 63 188714
42 43 911505
62 35 967386
50 41 991828
14 60 350771
31 38 779807
15 16 986292
15 36 264484
41 13 668597
55 40 573075
42 49 360968
27 20 461011
7 8 263408
22 58 66100
52 12 728518
31 46 820034
20 5 794365
0 50 652988
32 61 397103
13 54 289358
50 44 27613
46 47 752095
59 1 526204
40 23 53023
59 53 931706
50 55 609018
24 25 758904
20 14 858514
4 37 304827
15 45 960727
2 32 891729
31 51 662744
63 8 410623
30 10 202205
40 8 321787
53 27 946241
63 35 884715
64 8 545300
55 49 884866
40 43 21669
4 44 755409
2 57 656102
23 63 335023
22 47 613664
9 30 401704
60 18 459142
34 7 903570
22 41 522316
56 24 410384
4 57 16036
27 16 315128
27 56 436538
9 53 694588
0 39 691303
51 57 757021
40 26 287287
26 50 796543
18 55 676875
37 46 140491
1 26 825947
40 52 673796
21 54 112523
57 53 563804
58 32 478793
42 12 984754
6 30 854220
11 37 350004
11 54 992701
57 31 594140
22 20 377771
34 56 249538
31 3 239362
51 4 267705
23 50 700360
45 10 533645
21 43 549674
44 3 169360
11 6 462259
28 3 816992
40 54 295140
34 11 766583
20 10 315004
34 60 595399
34 33 859462
0 46 308756
25 49 291568
41 7 235269
36 8 931096
60 8 584726
19 36 867478
48 33 28850
23 38 676361
23 19 26404
61 27 716217
13 7 22
40 48 18
8 19 64
34 2 52
18 33 19
48 1 50
45 51 6
43 10 51
5 60 41
58 3 36
16 34 29
54 14 55
42 29 63
22 46 21
63 11 24
38 61 40
24 14 39
41 56 51

